2.106228363601e-002
2.121268502459e-002
2.143032036992e-002
2.158550326295e-002
2.181868735578e-002
2.197809506692e-002
2.222701741025e-002
2.239046229237e-002
2.265528360694e-002
2.293308862720e-002
2.310287253618e-002
2.339656323984e-002
2.370380693668e-002
2.402481326342e-002
2.435924339864e-002
2.453622624141e-002
2.488572592658e-002
2.524842544364e-002
2.544758175938e-002
2.583785946557e-002
2.624160435069e-002
2.665816564803e-002
2.691417168398e-002
2.735884554748e-002
2.781475909564e-002
2.811879768806e-002
2.860117900737e-002
2.893902876601e-002
2.944662072425e-002
2.982021079998e-002
3.021416725708e-002
3.075996693073e-002
3.119199862972e-002
3.164777691966e-002
3.212777932383e-002
3.271784676410e-002
3.323657530060e-002
3.378131862140e-002
3.435153883803e-002
3.494976343233e-002
3.557434378045e-002
3.621725041489e-002
3.533052787025e-002
3.480131808539e-002
3.398646212842e-002
3.320400727191e-002
3.278705699057e-002
3.207603643590e-002
3.139954777925e-002
3.075713486343e-002
3.014907092571e-002
2.957387067201e-002
2.926164266012e-002
2.872619550496e-002
2.822322321163e-002
2.792559146135e-002
2.746214941579e-002
2.702700284948e-002
2.674865979669e-002
2.647120325956e-002
2.608383280764e-002
2.581866629052e-002
2.546704654467e-002
2.521483985872e-002
2.496565089773e-002
2.465708978379e-002
2.442108138199e-002
2.418884337263e-002
2.396082611004e-002
2.373588118275e-002
2.348688591349e-002
2.327594916918e-002
2.306914790056e-002
2.286685314848e-002
2.266845459857e-002
2.247431546422e-002
2.228477171401e-002
2.209922755550e-002
2.191846004848e-002
2.174187717151e-002
2.156978514270e-002
2.140204312133e-002
2.121631162883e-002
2.110003242919e-002
2.133103445581e-002
2.156704758040e-002
2.170928699070e-002
2.195673917128e-002
2.220884785957e-002
2.237110285918e-002
2.263357608845e-002
2.281014556244e-002
2.308328415270e-002
2.327427781878e-002
2.355682567967e-002
2.376229694108e-002
2.405327881858e-002
2.427429910020e-002
2.450369592281e-002
2.474294157417e-002
2.505242451031e-002
2.530740673598e-002
2.557160826245e-002
2.584603502784e-002
2.613114144299e-002
2.645815773716e-002
2.675695510482e-002
2.706689499512e-002
2.738711255287e-002
2.771804830239e-002
2.805945055720e-002
2.841175901003e-002
2.877468546660e-002
2.914789304678e-002
2.958942011811e-002
2.999637819439e-002
3.041296046385e-002
3.084031319089e-002
3.127617673655e-002
3.186331762654e-002
3.233347962720e-002
3.281061037398e-002
3.350779274830e-002
3.401667773722e-002
3.480521026538e-002
3.534324876527e-002
3.622825743600e-002
3.534324876527e-002
3.480521026538e-002
3.401667773722e-002
3.350779274830e-002
3.281061037398e-002
3.233347962720e-002
3.186331762654e-002
3.127617673655e-002
3.084031319089e-002
3.041296046385e-002
2.999637819439e-002
2.958942011811e-002
2.914789304678e-002
2.877468546660e-002
2.841175901003e-002
2.805945055720e-002
2.771804830239e-002
2.738711255287e-002
2.706689499512e-002
2.675695510482e-002
2.645815773716e-002
2.613114144299e-002
2.584603502784e-002
2.557160826245e-002
2.530740673598e-002
2.505242451031e-002
2.474294157417e-002
2.450369592281e-002
2.427429910020e-002
2.405327881858e-002
2.376229694108e-002
2.355682567967e-002
2.327427781878e-002
2.308328415270e-002
2.281014556244e-002
2.263357608845e-002
2.237110285918e-002
2.220884785957e-002
2.195673917128e-002
2.170928699070e-002
2.156704758040e-002
2.133103445581e-002
2.110003242919e-002
2.121631162883e-002
2.140204312133e-002
2.156978514270e-002
2.174187717151e-002
2.191846004848e-002
2.209922755550e-002
2.228477171401e-002
2.247431546422e-002
2.266845459857e-002
2.286685314848e-002
2.306914790056e-002
2.327594916918e-002
2.348688591349e-002
2.373588118275e-002
2.396082611004e-002
2.418884337263e-002
2.442108138199e-002
2.465708978379e-002
2.496565089773e-002
2.521483985872e-002
2.546704654467e-002
2.581866629052e-002
2.608383280764e-002
2.647120325956e-002
2.674865979669e-002
2.702700284948e-002
2.746214941579e-002
2.792559146135e-002
2.822322321163e-002
2.872619550496e-002
2.926164266012e-002
2.957387067201e-002
3.014907092571e-002
3.075713486343e-002
3.139954777925e-002
3.207603643590e-002
3.278705699057e-002
3.320400727191e-002
3.398646212842e-002
3.480131808539e-002
3.533052787025e-002
3.621725041489e-002
3.557434378045e-002
3.494976343233e-002
3.435153883803e-002
3.378131862140e-002
3.323657530060e-002
3.271784676410e-002
3.212777932383e-002
3.164777691966e-002
3.119199862972e-002
3.075996693073e-002
3.021416725708e-002
2.982021079998e-002
2.944662072425e-002
2.893902876601e-002
2.860117900737e-002
2.811879768806e-002
2.781475909564e-002
2.735884554748e-002
2.691417168398e-002
2.665816564803e-002
2.624160435069e-002
2.583785946557e-002
2.544758175938e-002
2.524842544364e-002
2.488572592658e-002
2.453622624141e-002
2.435924339864e-002
2.402481326342e-002
2.370380693668e-002
2.339656323984e-002
2.310287253618e-002
2.293308862720e-002
2.265528360694e-002
2.239046229237e-002
2.222701741025e-002
2.197809506692e-002
2.181868735578e-002
2.158550326295e-002
2.143032036992e-002
2.121268502459e-002
