  2.3789467e-002
  2.4004749e-002
  2.4302611e-002
  2.4533080e-002
  2.4773446e-002
  2.5022987e-002
  2.5283273e-002
  2.5604101e-002
  2.5879811e-002
  2.6165631e-002
  2.6462647e-002
  2.6770063e-002
  2.7088336e-002
  2.7418636e-002
  2.7759418e-002
  2.8111846e-002
  2.8475702e-002
  2.8850726e-002
  2.9237383e-002
  2.9634573e-002
  3.0041873e-002
  3.0553357e-002
  3.0997281e-002
  3.1450502e-002
  3.1912319e-002
  3.2558214e-002
  3.3054930e-002
  3.3559461e-002
  3.4322864e-002
  3.4858362e-002
  3.5719758e-002
  3.6152087e-002
  3.5589059e-002
  3.4734211e-002
  3.4198980e-002
  3.3442419e-002
  3.2939097e-002
  3.2273096e-002
  3.1804516e-002
  3.1344639e-002
  3.0893330e-002
  3.0361447e-002
  2.9946157e-002
  2.9541240e-002
  2.9146355e-002
  2.8762674e-002
  2.8390504e-002
  2.8029388e-002
  2.7679587e-002
  2.7340638e-002
  2.7013434e-002
  2.6697468e-002
  2.6392900e-002
  2.6098612e-002
  2.5814790e-002
  2.5490123e-002
  2.5222253e-002
  2.4964312e-002
  2.4717013e-002
  2.4478800e-002
  2.4176246e-002
  2.3953756e-002
  2.3740396e-002
  2.3452067e-002
  2.3254240e-002
  2.2975225e-002
  2.2792320e-002
  2.2523448e-002
  2.2354866e-002
  2.2096810e-002
  2.1843178e-002
  2.1695287e-002
  2.1453537e-002
  2.1217009e-002
  2.1214219e-002
  2.1379927e-002
  2.1550349e-002
  2.1725205e-002
  2.1905086e-002
  2.2089260e-002
  2.2277863e-002
  2.2471037e-002
  2.2669407e-002
  2.2871699e-002
  2.3078515e-002
  2.3289998e-002
  2.3505781e-002
  2.3725470e-002
  2.3991095e-002
  2.4225087e-002
  2.4462966e-002
  2.4704819e-002
  2.5023180e-002
  2.5278765e-002
  2.5537596e-002
  2.5901555e-002
  2.6174006e-002
  2.6448755e-002
  2.6861059e-002
  2.7147687e-002
  2.7598335e-002
  2.8080482e-002
  2.8387087e-002
  2.8910717e-002
  2.9468325e-002
  2.9789478e-002
  3.0389122e-002
  3.1024304e-002
  3.1694980e-002
  3.2401850e-002
  3.3144556e-002
  3.3921440e-002
  3.4406243e-002
  3.5257629e-002
  3.6138852e-002
  3.5598630e-002
  3.4952972e-002
  3.4335987e-002
  3.3749129e-002
  3.3189695e-002
  3.2659004e-002
  3.2153554e-002
  3.1674649e-002
  3.1098117e-002
  3.0658313e-002
  3.0242145e-002
  2.9848323e-002
  2.9324791e-002
  2.8967139e-002
  2.8468829e-002
  2.8146878e-002
  2.7675165e-002
  2.7214048e-002
  2.6942683e-002
  2.6509984e-002
  2.6090908e-002
  2.5864858e-002
  2.5474403e-002
  2.5097381e-002
  2.4734293e-002
  2.4385003e-002
  2.4049895e-002
  2.3728245e-002
  2.3420392e-002
  2.3248068e-002
  2.2956498e-002
  2.2677667e-002
  2.2511067e-002
  2.2248584e-002
  2.2084882e-002
  2.1839486e-002
  2.1679848e-002
  2.1450400e-002
  2.1295000e-002
  2.1140546e-002
  2.1259226e-002
  2.1414112e-002
  2.1642797e-002
  2.1802341e-002
  2.2046918e-002
  2.2210984e-002
  2.2472130e-002
  2.2746036e-002
  2.2917022e-002
  2.3207614e-002
  2.3512597e-002
  2.3687715e-002
  2.4008830e-002
  2.4343922e-002
  2.4692636e-002
  2.5055699e-002
  2.5432704e-002
  2.5823768e-002
  2.6228352e-002
  2.6645811e-002
  2.6901592e-002
  2.7347236e-002
  2.7635423e-002
  2.8108730e-002
  2.8430595e-002
  2.8931440e-002
  2.9289045e-002
  2.9814594e-002
  3.0210057e-002
  3.0627937e-002
  3.1191999e-002
  3.1648672e-002
  3.2130539e-002
  3.2638170e-002
  3.3173121e-002
  3.3736068e-002
  3.4327697e-002
  3.4948694e-002
  3.5599735e-002
  3.6227878e-002
  3.5385103e-002
  3.4524137e-002
  3.4031293e-002
  3.3245052e-002
  3.2493627e-002
  3.1777744e-002
  3.1099562e-002
  3.0457402e-002
  2.9851270e-002
  2.9279474e-002
  2.8741926e-002
  2.8434023e-002
  2.7937668e-002
  2.7471786e-002
  2.7182066e-002
  2.6755863e-002
  2.6477624e-002
  2.6201047e-002
  2.5822952e-002
  2.5559194e-002
  2.5216595e-002
  2.4966799e-002
  2.4719453e-002
  2.4476221e-002
  2.4187763e-002
  2.3958705e-002
  2.3733277e-002
  2.3512427e-002
  2.3295521e-002
  2.3082955e-002
  2.2874607e-002
  2.2670836e-002
  2.2471974e-002
  2.2277402e-002
  2.2087901e-002
  2.1902858e-002
  2.1722136e-002
  2.1546466e-002
  2.1375254e-002
  2.1208781e-002
  2.1117851e-002
  2.1349238e-002
  2.1586081e-002
  2.1729005e-002
  2.1977348e-002
  2.2229921e-002
  2.2392943e-002
  2.2656394e-002
  2.2833794e-002
  2.3107486e-002
  2.3299373e-002
  2.3499479e-002
  2.3789467e-002
