  2.6747132e-002
  2.7061540e-002
  2.7386428e-002
  2.7721550e-002
  2.8068768e-002
  2.8426435e-002
  2.8794976e-002
  2.9174841e-002
  2.9564127e-002
  2.9964769e-002
  3.0374725e-002
  3.0899326e-002
  3.1343760e-002
  3.1797292e-002
  3.2259191e-002
  3.2913135e-002
  3.3407843e-002
  3.4149649e-002
  3.4675064e-002
  3.5511922e-002
  3.6054725e-002
  3.5194375e-002
  3.4666629e-002
  3.3898803e-002
  3.3398963e-002
  3.2904489e-002
  3.2250852e-002
  3.1789170e-002
  3.1335847e-002
  3.0891617e-002
  3.0367255e-002
  2.9957484e-002
  2.9557810e-002
  2.9167907e-002
  2.8788210e-002
  2.8419829e-002
  2.8062317e-002
  2.7715948e-002
  2.7380269e-002
  2.7055518e-002
  2.6741896e-002
  2.6438933e-002
  2.6146808e-002
  2.5865062e-002
  2.5542792e-002
  2.5275630e-002
  2.5018952e-002
  2.4772315e-002
  2.4465542e-002
  2.4234119e-002
  2.4012202e-002
  2.3718533e-002
  2.3511745e-002
  2.3313449e-002
  2.3035519e-002
  2.2852167e-002
  2.2584291e-002
  2.2319688e-002
  2.2157246e-002
  2.1904492e-002
  2.1755350e-002
  2.1514016e-002
  2.1277028e-002
  2.1138330e-002
  2.1302451e-002
  2.1471231e-002
  2.1659200e-002
  2.1833582e-002
  2.2012079e-002
  2.2195278e-002
  2.2382870e-002
  2.2574522e-002
  2.2770837e-002
  2.2971478e-002
  2.3196484e-002
  2.3411091e-002
  2.3629579e-002
  2.3852046e-002
  2.4078597e-002
  2.4308790e-002
  2.4543261e-002
  2.4846800e-002
  2.5094289e-002
  2.5344773e-002
  2.5691943e-002
  2.5955859e-002
  2.6221836e-002
  2.6614433e-002
  2.6892109e-002
  2.7321772e-002
  2.7610842e-002
  2.8079047e-002
  2.8376107e-002
  2.8883465e-002
  2.9422075e-002
  2.9994215e-002
  3.0311196e-002
  3.0599860e-002
  3.1239717e-002
  3.1915348e-002
  3.2626501e-002
  3.3371690e-002
  3.4151018e-002
  3.4641697e-002
  3.5491401e-002
  3.5884504e-002
  3.5246048e-002
  3.4634680e-002
  3.4052047e-002
  3.3494567e-002
  3.2964774e-002
  3.2459234e-002
  3.1875706e-002
  3.1408667e-002
  3.0965140e-002
  3.0412683e-002
  3.0007469e-002
  2.9623999e-002
  2.9109221e-002
  2.8762424e-002
  2.8272075e-002
  2.7959952e-002
  2.7496134e-002
  2.7217430e-002
  2.6780995e-002
  2.6531886e-002
  2.6123419e-002
  2.5727362e-002
  2.5344380e-002
  2.4975030e-002
  2.4619220e-002
  2.4276837e-002
  2.3948280e-002
  2.3633366e-002
  2.3331906e-002
  2.3161832e-002
  2.2875738e-002
  2.2603064e-002
  2.2438459e-002
  2.2181724e-002
  2.2019879e-002
  2.1779408e-002
  2.1621928e-002
  2.1396652e-002
  2.1243690e-002
  2.1091617e-002
  2.1241173e-002
  2.1394099e-002
  2.1618888e-002
  2.1776325e-002
  2.2017178e-002
  2.2178528e-002
  2.2435191e-002
  2.2704871e-002
  2.2872830e-002
  2.3158852e-002
  2.3457495e-002
  2.3630784e-002
  2.3945631e-002
  2.4273574e-002
  2.4615868e-002
  2.4971584e-002
  2.5341426e-002
  2.5724323e-002
  2.6120290e-002
  2.6529307e-002
  2.6777715e-002
  2.7214048e-002
  2.7493376e-002
  2.7957105e-002
  2.8431330e-002
  2.8759422e-002
  2.9106152e-002
  2.9621621e-002
  3.0005034e-002
  3.0542171e-002
  3.0963420e-002
  3.1406902e-002
  3.1873893e-002
  3.2457360e-002
  3.2962847e-002
  3.3493576e-002
  3.4051025e-002
  3.4634680e-002
  3.5246048e-002
  3.5884504e-002
  3.5501293e-002
  3.4650121e-002
  3.4159231e-002
  3.3379572e-002
  3.2633123e-002
  3.1921711e-002
  3.1245837e-002
  3.0604911e-002
  2.9998271e-002
  2.9426773e-002
  2.8887248e-002
  2.8379766e-002
  2.8081917e-002
  2.7613623e-002
  2.7324498e-002
  2.6894755e-002
  2.6616378e-002
  2.6223728e-002
  2.5957714e-002
  2.5693155e-002
  2.5346546e-002
  2.5095449e-002
  2.4847938e-002
  2.4603397e-002
  2.4309881e-002
  2.4079667e-002
  2.3852572e-002
  2.3630095e-002
  2.3411091e-002
  2.3176576e-002
  2.2971478e-002
  2.2771317e-002
  2.2574994e-002
  2.2382870e-002
  2.2195278e-002
  2.2012079e-002
  2.1833139e-002
  2.1658765e-002
  2.1470803e-002
  2.1302029e-002
  2.1137914e-002
  2.1149832e-002
  2.1380210e-002
  2.1615126e-002
  2.1757988e-002
  2.2004285e-002
  2.2255169e-002
  2.2417620e-002
  2.2679256e-002
  2.2855070e-002
  2.3126784e-002
  2.3316970e-002
  2.3515325e-002
  2.3802551e-002
  2.4015931e-002
  2.4310790e-002
  2.4539188e-002
  2.4776274e-002
  2.5023564e-002
  2.5335717e-002
  2.5597476e-002
  2.5869362e-002
  2.6151825e-002
  2.6444057e-002
  2.6747132e-002
