




0.021727186
0.021727186
0.021685144
0.021671824
0.021658504
0.0216378585
0.021617213
0.021590256
0.021570142
0.021550028
0.021522598
0.021503009
0.02148342
0.0214696305
0.021455841
0.021428016
0.0214092315
0.021390447
0.0213764615
0.021362476
0.021334263
0.021316427
0.021298591
0.021270547
0.0212564835
0.02124242
0.0212282385
0.021214057
0.021185614
0.021169264
0.021152914
0.021138929
0.021124944
0.021097048
0.021082983
0.021068918
0.021040864
0.021026874
0.021012884
0.0209989315
0.020984979
0.020957147
0.0209433445
0.020929542
0.0209157
0.020901858
0.020874548
0.020860854
0.02084716
0.020820143
0.0208050255
0.020789908
0.020776399
0.02076289
0.020735943
0.020722653
0.020709363
0.0206962545
0.020683146
0.020657291
0.020641159
0.020625027
0.020599317
0.020586714
0.020574111
0.0205575245
0.020540938
0.02051602
0.020503809
0.020491598
0.020474711
0.020457824
0.020433973
0.020416893
0.020399813
0.020376385
0.020364984
0.020353583
0.0203364945
0.020319406
0.020284774
0.020273902
0.02026303
0.0202456685
0.020228307
0.020207389
0.0201901935
0.020172998
0
0
0
0
0
0
0
0
0
0
0
-0.0124985995
-0.024997199
-0.025036619
-0.025069353
-0.025102087
-0.025134555
-0.025167023
-0.025209402
-0.025241707
-0.025274012
-0.025296048
-0.025318084
-0.025382363
-0.025405148
-0.025427933
-0.025474567
-0.0255062035
-0.02553784
-0.025561699
-0.025585558
-0.025634366
-0.025665145
-0.025695924
-0.0257206545
-0.025745385
-0.025795727
-0.0258212285
-0.02584673
-0.0258984
-0.0259246885
-0.025950977
-0.0259794795
-0.026007982
-0.026060302
-0.026086685
-0.026113068
-0.026139559
-0.02616605
-0.026219485
-0.0262463125
-0.02627314
-0.026327015
-0.0263569555
-0.026386896
-0.0264145525
-0.026442209
-0.026497755
-0.026525401
-0.026553047
-0.026580564
-0.026608081
-0.026663098
-0.0266977685
-0.026732439
-0.026787973
-0.0268153575
-0.026842742
-0.0268798895
-0.026917037
-0.026972085
-0.0270111125
-0.02705014
-0.0270774295
-0.027104719
-0.02718585
-0.0272127725
-0.027239695
-0.027292465
-0.0273342455
-0.027376026
-0.0274189785
-0.027461931
-0.027549692
-0.027574968
-0.027600244
-0.0276447025
-0.027689161
-0.027779723
-0.0278255715
-0.02787142
-0.027963996
-0.02801073
-0.028057464
-0.0281043755
-0.028151287
-0.028204356
-0.028252317
-0.028300278
-0.0283481485
-0.028396019
-0.028454785
-0.0285029
-0.028551015
-0.028646478
-0.028678097
-0.028709716
-0.028742479
-0.028775242
-0.028871063
-0.028905212
-0.028939361
-0.0289863625
-0.029033364
-0.02910361
-0.029139788
-0.029175966
-0.029249869
-0.0292953545
-0.02934084
-0.0293783625
-0.029415885
-0.02949222
-0.029531041
-0.029569862
-0.0296091935
-0.029648525
-0.029728221
-0.029768592
-0.029808963
-0.029890457
-0.0299315835
-0.02997271
-0.0300140645
-0.030055419
-0.030138272
-0.0301799285
-0.030221585
-0.0302631555
-0.030304726
-0.030387686
-0.0304385695
-0.030489453
-0.030574405
-0.030616631
-0.030658857
-0.0307006625
-0.030742468
-0.030855213
-0.0308972265
-0.03093924
-0.030999015
-0.03105879
-0.031142255
-0.0312048535
-0.031267452
-0.031349664
-0.0314146495
-0.031479635
-0.0315195775
-0.03155952
-0.031692988
-0.0317615205
-0.031830053
-0.031900246
-0.031970439
-0.032043946
-0.032114373
-0.0321848
-0.032258219
-0.032331417
-0.032404615
-0.032478483
-0.032552351
-0.032699963
-0.0327735085
-0.032847054
-0.0329203235
-0.032993593
-0.033087842
-0.0331614305
-0.033235019
-0.033334898
-0.0334078475
-0.033480797
-0.0335334375
-0.033586078
-0.033694781
-0.0337665445
-0.033838308
-0.0338942835
-0.033950259
-0.034065371
-0.0341243335
-0.034183296
-0.034303676
-0.0343714895
-0.034439303
-0.034499782
-0.034560261
-0.034683328
-0.034745513
-0.034807698
-0.0348705445
-0.034933391
-0.035060426
-0.035124194
-0.035187962
-0.035334617
-0.0354011385
-0.03546766
-0.0355338075
-0.035599955
-0.035732359
-0.0357979415
-0.035863524
-0.0359505225
-0.036037521
-0.036170497
-0.0362642755
-0.036358054
-0.036491112
-0.0365905435
-0.036689975
-0.0367556145
-0.036821254
-0.037029469
-0.0371378955
-0.037246322
-0.0373093745
-0.037372427
-0.037594821
-0.0377088455
-0.03782287
-0.038056231
-0.0381743675
-0.038292504
-0.038411867
-0.03853123
-0.038770878
-0.038844494
-0.03891811
-0.0390403735
-0.039162637
-0.039404879
-0.039487192
-0.039569505
-0.039742102
-0.0398643655
-0.039986629
-0.040077573
-0.040168517
-0.040357733
-0.040476975
-0.040596217
-0.0406937345
-0.040791252
-0.040991682
-0.041094662
-0.041197642
-0.041408673
-0.0415158835
-0.041623094
-0.041732036
-0.041840978
-0.042061782
-0.042173363
-0.042284944
-0.042397094
-0.042509244
-0.042734047
-0.0428752765
-0.043016506
-0.043249355
-0.043364754
-0.043480153
-0.0436407395
-0.043801326
-0.044034734
-0.044209415
-0.044384096
-0.044499454
-0.044614812
-0.044986205
-0.0451814845
-0.045376764
-0.045784418
-0.0459956795
-0.046206941
-0.046424057
-0.046641173
-0.047083701
-0.0473068735
-0.047530046
-0.047753914
-0.047977782
-0.048271285
-0.048498967
-0.048726649
-0.049049581
-0.0492757895
-0.049501998
-0.049675622
-0.049849246
-0.050211975
-0.050401813
-0.050591651
-0.050808876
-0.051026101
-0.051415567
-0.05161519
-0.051814813
-0.052223208
-0.0524538785
-0.052684549
-0.052907055
-0.053129561
-0.053579211
-0.0538043405
-0.05402947
-0.0543306105
-0.054631751
-0.055101156
-0.055331879
-0.055562602
-0.056261833
-0.0566414155
-0.057020998
-0.0572527075
-0.057484417
-0.058296434
-0.058724561
-0.059152688
-0.059599357
-0.060046026
-0.060964401
-0.0612528655
-0.06154133
-0.062516361
-0.062854775
-0.063193189
-0.0635612165
-0.063929244
-0.064953234
-0.065362785
-0.065772336
-0.0662087565
-0.066645177
-0.067568866
-0.068055321
-0.068541776
-0.069556922
-0.0700807655
-0.070604609
-0.0711410165
-0.071677424
-0.072761361
-0.0735279735
-0.074294586
-0.0748745445
-0.075454503
-0.077293856
-0.0778780565
-0.078462257
-0.080549974
-0.081688679
-0.082827384
-0.084041799
-0.085256214
-0.086864685
-0.0882229025
-0.08958112
-0.090607324
-0.091633528
-0.094452671
-0.0956631175
-0.096873564
-0.099530209
-0.1009704995
-0.10241079
-0.10394485
-0.10547891
-0.10979096
-0.11164572
-0.11350048
-0.116576505
-0.11965253
-0.12740823
-0.1321151
-0.13682197
-0.14756272
-0.15204505
-0.15652738
-0.162807565
-0.16908775
-0.18148122
-0.19122042
-0.20095962
-0.21109236
-0.2212251
-0.26330143
-0.28295752
-0.30261361
-0.38951819
-0.463142175
-0.53676616
0.06055044
0.65786704
0.59915086
0.557866685
0.51658251
0.45558562
0.39458873
0.31471387
0.293926125
0.27313838
0.2289386
0.218459035
0.20797947
0.198380035
0.1887806
0.17266666
0.16629036
0.15991406
0.15499635
0.15007864
0.14253172
0.13771108
0.13289044
0.12872782
0.1245652
0.11771556
0.114975815
0.11223607
0.10881928
0.10715476
0.10549024
0.10390238
0.10231452
0.099348892
0.097987544
0.096626196
0.09539222
0.094158244
0.091944352
0.0905687425
0.089193133
0.087384685
0.08610811
0.084831535
0.084143781
0.083456027
0.081225155
0.0801923955
0.079159636
0.0785959605
0.078032285
0.076178116
0.0753595635
0.074541011
0.073463854
0.07278336
0.072102866
0.071603414
0.071103962
0.070118806
0.0696389665
0.069159127
0.0686939845
0.068228842
0.067336157
0.066910721
0.066485285
0.065678461
0.065193732
0.064709003
0.064337641
0.063966279
0.063276936
0.0628012255
0.062325515
0.0620242975
0.06172308
0.060808809
0.0603588585
0.059908908
0.059034252
0.058615524
0.058196796
0.057799651
0.057402506
0.056657774
0.0564316045
0.056205435
0.0558635105
0.055521586
0.055068229
0.0548379675
0.054607706
0.054017148
0.0537961245
0.053575101
0.0533542475
0.053133394
0.052696061
0.05248004
0.052264019
0.0520520055
0.051839992
0.051425606
0.0512248985
0.051024191
0.050635291
0.0504477645
0.050260238
0.0500806915
0.049901145
0.049450752
0.0492811625
0.049111573
0.0489509405
0.048790308
0.048341072
0.0481942965
0.048047521
0.04760479
0.0473832355
0.047161681
0.047039231
0.046916781
0.046494687
0.0462881675
0.046081648
0.045880967
0.045680286
0.045292322
0.0451815435
0.045070765
0.044698667
0.044583905
0.044469143
0.0442934515
0.04411776
0.043885477
0.0437232815
0.043561086
0.0434459085
0.043330731
0.043097648
0.0429801255
0.042862603
0.042585948
0.0424733915
0.042360835
0.042248852
0.042136869
0.041914662
0.041804731
0.0416948
0.041586621
0.041478442
0.041266105
0.0411621955
0.041058286
0.040854882
0.0407361175
0.040617353
0.0405181135
0.040418874
0.040227396
0.040134792
0.040042188
0.0399193085
0.039796429
0.039621722
0.0395378395
0.039453957
0.039209508
0.039131868
0.039054228
0.0389334265
0.038812625
0.038570393
0.0385029625
0.038435532
0.0383182825
0.038201033
0.037969893
0.0378559675
0.037742042
0.037519366
0.037457999
0.037396632
0.037287327
0.037178022
0.036967181
0.0368657695
0.036764358
0.036699853
0.036635348
0.036442147
0.036376941
0.036311735
0.036130091
0.0360651005
0.03600011
0.0359342485
0.035868387
0.035735413
0.0356544795
0.035573546
0.0355085865
0.035443627
0.035314226
0.0352493535
0.035184481
0.035055265
0.0349911315
0.034926998
0.0348635445
0.034800091
0.034674107
0.0346119855
0.034549864
0.0344888045
0.034427745
0.034307307
0.034248523
0.034189739
0.034050042
0.033992139
0.033934236
0.033877718
0.0338212
0.033675852
0.033621171
0.03356649
0.033513717
0.033460944
0.033313679
0.0332632295
0.03321278
0.033064663
0.0330174165
0.03297017
0.0328964445
0.032822719
0.032734807
0.0326621325
0.032589458
0.032517063
0.032444668
0.032300079
0.032228608
0.032157137
0.032015815
0.031946479
0.031877143
0.0318091055
0.031741068
0.031608233
0.0315437445
0.031479256
0.031439859
0.031400462
0.031275212
0.031234976
0.03119474
0.031074474
0.0310166315
0.030958789
0.030918374
0.030877959
0.030796237
0.0307547755
0.030713314
0.0306600555
0.030606797
0.03052457
0.0304833565
0.030442143
0.030359523
0.0303119285
0.030264334
0.0302241375
0.030183941
0.030103347
0.0300632655
0.030023184
0.029983161
0.029943138
0.029863828
0.029824537
0.029785246
0.029707078
0.029668503
0.029629928
0.0295920075
0.029554087
0.029467501
0.0294295475
0.029391594
0.029354431
0.029317268
0.029244208
0.029208597
0.029172986
0.02908159
0.0290466665
0.029011743
0.028977713
0.028943683
0.028850549
0.0288177575
0.028784966
0.0287377685
0.028690571
0.028627702
0.0285803145
0.028532927
0.02843738
0.028408312
0.028379244
0.0283318455
0.028284447
0.028189183
0.0281415985
0.028094014
0.028046615
0.027999216
0.027950975
0.027905133
0.027859291
0.027768476
0.0277236295
0.027678783
0.027654023
0.027629263
0.027540469
0.027497009
0.027453549
0.0274110125
0.027368476
0.027316186
0.0272748445
0.027233503
0.027179939
0.0271397725
0.027099606
0.02707258
0.027045554
0.026990458
0.026952104
0.02691375
0.0268860955
0.026858441
0.026802613
0.026766647
0.026730681
0.026675384
0.026647482
0.02661958
0.0265915505
0.026563521
0.026498216
0.026470684
0.026443152
0.0264157345
0.026388317
0.02633323
0.0263058015
0.026278373
0.026223744
0.026196662
0.02616958
0.026142492
0.026115404
0.026061687
0.0260351735
0.02600866
0.0259822545
0.025955849
0.025903949
0.0258782185
0.025852488
0.025792479
0.02576697
0.025741461
0.0257162815
0.025691102
0.025641622
0.0256102935
0.025578965
0.025554667
0.025530369
0.025482856
0.025450797
0.025418738
0.025372532
0.025349957
0.025327382
0.0252950505
0.025262719
0.02521928
0.025186677
0.025154074
0.0251334145
0.025112755
0.025047447
0.0250146395
0.024981832
0.024943446
0.02491091
0.024878374
0.024845902
0.02481343
0.0247484
0.0247160555
0.024683711
0.0246515355
0.02461936
0.024555554
0.024540757
0.02452596
0.024464294
0.0244472315
0.024430169
0.024399577
0.024368985
0.02430872
0.0242908545
0.024272989
0.024243297
0.024213605
0.02417694
0.0241477845
0.024118629
0.024062202
0.0240433995
0.024024597
0.0239971995
0.023969802
0.023931892
0.0239127005
0.023893509
0.023867098
0.023840687
0.023802205
0.0237828305
0.023763456
0.023713543
0.023694216
0.023674889
0.023655528
0.023636167
0.023596994
0.0235773765
0.023557759
0.0235352415
0.023512724
0.023474151
0.0234549275
0.023435704
0.023397194
0.0233779075
0.023358621
0.0233393985
0.023320176
0.023282046
0.0232630425
0.023244039
0.023225098
0.023206157
0.023168585
0.023149952
0.023131319
0.023094357
0.0230760275
0.023057698
0.023036677
0.023015656
0.022979064
0.0229610995
0.022943135
0.022925317
0.022907499
0.022872518
0.0228503915
0.022828265
0.022793704
0.022776745
0.022759786
0.0227370745
0.022714363
0.022681215
0.0226649555
0.022648696
0.0226256755
0.022602655
0.022571066
0.022547852
0.022524638
0.022494142
0.022470912
0.022447682
0.022432973
0.022418264
0.022371771
0.022348276
0.022324781
0.0223110925
0.022297404
0.022250897
0.0222276555
0.022204414
0.022157786
0.0221345695
0.022111353
0.02208815
0.022064947
0.022042237
0.0220306535
0.02201907
0.0219962275
0.021973385
0.021952196
0.0219401255
0.021928055
0.021883409
0.021861342
0.021839275
0.0218175435
0.021795812
0.021770047
0.0217486165
0.021727186
