




0
0
0
0
0
0
0
0
0
-0.02497623994686
-0.024989423028295
-0.02500260610973
-0.02504204313334
-0.0250826937211
-0.02510732217949
-0.0251488423545
-0.02518018267004
-0.025197322108105
-0.02521446154617
-0.02525788354174
-0.02528794774224
-0.0253227435665
-0.02536787692577
-0.02541205429667
-0.02543218596031
-0.02545551051241
-0.02547883506451
-0.02552633263906
-0.02556337300388
-0.02558941078538
-0.02563800553933
-0.02568747086559
-0.025712757982055
-0.02573804509852
-0.02577363501718
-0.02579872192915
-0.02584950552265
-0.02590118662637
-0.02595354167956
-0.02600634351235
-0.026032969906645
-0.02605959630094
-0.02611354033079
-0.02616770877949
-0.02622234108087
-0.02627720262212
-0.02633229485286
-0.026359957043925
-0.02638761923499
-0.02644269311851
-0.02649799803064
-0.02655304724678
-0.02657601142687
-0.02661985142317
-0.026647877114715
-0.02667590280626
-0.02673144923262
-0.02678673130007
-0.02680935628812
-0.02685996580487
-0.02691553200788
-0.02697032186048
-0.0269814120799
-0.02699250229932
-0.02704760721459
-0.02710217527436
-0.02713196333942
-0.02718277964136
-0.02723661233698
-0.027251397602705
-0.02726618286843
-0.02731983086564
-0.02737239381555
-0.02740538131166
-0.02745775317128
-0.02749722946585
-0.027521226968495
-0.02754522447114
-0.02759549718526
-0.02763431427459
-0.02768385242647
-0.02772531487827
-0.02777384547229
-0.02781799051231
-0.0278416122449
-0.02786523397749
-0.02791155950884
-0.02795749844983
-0.02800603369035
-0.02805065036133
-0.02810142509396
-0.02812278892382
-0.02814415275368
-0.02819691991451
-0.02823773027186
-0.02829223638111
-0.02834918051683
-0.02838764332404
-0.0284167289118
-0.02844581449956
-0.02848229309667
-0.02854198303691
-0.02860390800906
-0.02863710182547
-0.02870029789947
-0.02876520732596
-0.02877998209981
-0.02879475687366
-0.02886067316774
-0.02892863206165
-0.02898293984981
-0.02902256509829
-0.02909246467385
-0.029128467627045
-0.02916447058024
-0.02923801946824
-0.02925579777708
-0.02932891621918
-0.0294036002636
-0.02947987113483
-0.02955714536421
-0.029596442650505
-0.0296357399368
-0.02971506095441
-0.02979573188729
-0.02987684356637
-0.02995902153499
-0.03004134174343
-0.030082886680505
-0.03012443161758
-0.03020735171531
-0.0302904132982
-0.030373614921
-0.03045631228338
-0.0305388165031
-0.030549326403885
-0.03055983630467
-0.030644206729
-0.03072773723388
-0.03081073913494
-0.03084498916816
-0.03092432015424
-0.03100739331224
-0.03104396384644
-0.03108053438064
-0.031127472978
-0.03120928373452
-0.03128474185021
-0.03133468391926
-0.03141519864006
-0.03144226686144
-0.03146933508282
-0.0315446827695
-0.03162281952505
-0.03167837293113
-0.03175542909755
-0.03181566132724
-0.031853468139935
-0.03189127495263
-0.03195591929322
-0.03203007065138
-0.03209885283353
-0.03217080207239
-0.03224415705168
-0.03231386646659
-0.03235250912362
-0.03239115178065
-0.03245784888842
-0.03253876421384
-0.03260238837661
-0.03268699285719
-0.03274711082396
-0.032791099663465
-0.03283508850297
-0.03292654893838
-0.03298189748014
-0.03307645798397
-0.03316317312134
-0.03322391623558
-0.033274206921005
-0.03332449760643
-0.03342840454215
-0.03347108205581
-0.03357630137653
-0.03368533473734
-0.03377172999794
-0.03382997140631
-0.03388611892588
-0.03394226644545
-0.03405772617839
-0.03417600283664
-0.03429714722861
-0.0343474016539
-0.03443354461823
-0.034494417628125
-0.03455529063802
-0.03467873874969
-0.03480391636089
-0.03493042828055
-0.03505786749434
-0.0351862442746
-0.03527278642335
-0.03530326859397
-0.03533375076459
-0.03546722380656
-0.03560083430374
-0.03573368780325
-0.0358657558718
-0.03592029068693
-0.0359807084525
-0.03604112621807
-0.03617503769038
-0.03630675053983
-0.03636355993969
-0.03649712063029
-0.03662841134416
-0.03666293113305
-0.03669745092194
-0.03682972584762
-0.03695774717781
-0.03703946557792
-0.03716752055158
-0.03725788251091
-0.03738455149053
-0.037445634168375
-0.03750671684622
-0.03760856315699
-0.03772775929803
-0.03783827135588
-0.03795393632297
-0.0380728302919
-0.0381286022817
-0.0381843742715
-0.03831084025146
-0.0384248178564
-0.03855082841437
-0.03869274231131
-0.03879176804691
-0.038865990341165
-0.03894021263542
-0.03904210549547
-0.03918608607011
-0.0393477998243
-0.03942916097867
-0.03959562487391
-0.03976954997973
-0.03983790481846
-0.03990625965719
-0.04001441866781
-0.04019768362323
-0.04038831041401
-0.04058534155202
-0.04062658550611
-0.04072482882037
-0.04082307213463
-0.04102498795032
-0.04123187614853
-0.04144326102461
-0.04165864648712
-0.0418775146487
-0.04209932450695
-0.042211106314465
-0.04232288812198
-0.04254759467298
-0.04276072627555
-0.04282247149236
-0.04305707274035
-0.04328971331632
-0.043405329382505
-0.04352094544869
-0.04362789746991
-0.04384339624398
-0.04407658128814
-0.04425907480857
-0.04442661473739
-0.04454184896224
-0.04465708318709
-0.04479833788363
-0.04502848248977
-0.04525175711022
-0.04541906636736
-0.04563901892667
-0.04582675829498
-0.0459339406526
-0.04604112301022
-0.04624858294492
-0.04645492947316
-0.04668209042702
-0.04687858757856
-0.04712308531655
-0.04721503363651
-0.04730698195647
-0.04756782380558
-0.04784751318135
-0.0480130695654
-0.04830619576106
-0.04861858241003
-0.048688748599565
-0.0487589147891
-0.04908060145538
-0.04942104935086
-0.0496578265071
-0.04987522788304
-0.05023658041611
-0.05061306239617
-0.05080915230518
-0.05100524221419
-0.05141004020502
-0.0518269807863
-0.05225459895458
-0.05269035531495
-0.05313152905974
-0.053354368807565
-0.05357720855539
-0.05402336202483
-0.05427082348862
-0.05461926020168
-0.05508421392358
-0.05554214300293
-0.0556523729751
-0.05576260294727
-0.05623312597956
-0.05669040250248
-0.05698356933691
-0.05744291689534
-0.05779060876924
-0.05824544977322
-0.058447649824055
-0.05864984987489
-0.05909286448763
-0.05955506710742
-0.0599768257618
-0.06049402594862
-0.06088657318219
-0.06116967138984
-0.06145276959749
-0.06184196385005
-0.06241950046303
-0.06308585329992
-0.06351741966227
-0.06407681252107
-0.06482949347193
-0.065233692847525
-0.06563789222312
-0.06650092167436
-0.06687448569335
-0.06747948095705
-0.06838094078658
-0.06931712610991
-0.06967676974943
-0.07003641338895
-0.07042518256585
-0.07149067134721
-0.07257072219545
-0.07365565781002
-0.07442449243298
-0.074835945721585
-0.07524739901019
-0.07638245321827
-0.07719127543957
-0.07824893743855
-0.07936717227172
-0.08032960607035
-0.08143444922564
-0.08202156432264
-0.08260867941964
-0.08366232379389
-0.08504474527979
-0.08664775689636
-0.08758405390878
-0.08938685053904
-0.090418825246665
-0.09145079995429
-0.09211147548684
-0.0943085199082
-0.0967515414617
-0.09943965069189
-0.1023628259504
-0.10392282446305
-0.1054828229757
-0.1087530782491
-0.1098843607623
-0.1136729636384
-0.1174583660362
-0.1199957767372
-0.1241204005979
-0.126056272807
-0.1279921450161
-0.1322011844027
-0.1377192243791
-0.1415661809627
-0.1487876448465
-0.1581777593998
-0.1634605574033
-0.1687433554068
-0.1709707111595
-0.1803950578151
-0.1857972827913
-0.2044088320948
-0.2250581035373
-0.23346759161495
-0.2418770796926
-0.2682597611531
-0.3088416669707
-0.3297959750069
-0.3920272411841
-0.4741547778788
-0.5255766188428
-0.56746382057045
-0.6093510222981
0.6597344572302
0.6093834723797
0.5255717972261
0.4741949432888
0.3920232251191
0.3609233019044
0.3298233786897
0.3088387348012
0.2682574060291
0.241893932189
0.2250563531216
0.2044073572677
0.1857960445397
0.183094965128
0.1803938857163
0.170969651423
0.1687423216296
0.1581768454467
0.1487945500726
0.1415654434314
0.13964530446115
0.1377251654909
0.1322005393044
0.1279915397051
0.1241198308926
0.1199952438941
0.1174578553129
0.1155651702127
0.1136724851125
0.1098839134857
0.1087526401123
0.1054824107593
0.1023624377644
0.09944276432987
0.09675119475313
0.095529692651935
0.09430819055074
0.09211116136361
0.09145049034335
0.08938936424129
0.08758377006553
0.08664747912709
0.08584597844315
0.08504447775921
0.08366206495881
0.0826084271091
0.0814365329471
0.08032936758984
0.0793669395151
0.07880782538026
0.07824871124542
0.07719105536821
0.07638223777179
0.07524718997117
0.07442428797878
0.07365545759334
0.07257237389535
0.072031428359625
0.0714904828239
0.07042499966761
0.07003623252182
0.06931863183117
0.06838076844058
0.06747931316399
0.06717681704272
0.06687432092145
0.06650075875409
0.06563773354022
0.06483080900348
0.0640766613597
0.06351727115122
0.0630857068174
0.06275253195115
0.0624193570849
0.06184182313533
0.06145395056316
0.06088643681795
0.06049389135186
0.05997669347595
0.05976581508349
0.05955493669103
0.05909395576692
0.05864972342543
0.0582465097222
0.05779048602781
0.05744279563846
0.05721312283288
0.0569834500273
0.05669028442731
0.05623300981686
0.05576248873591
0.05554202970009
0.05508410249612
0.05461915066213
0.05444493300764
0.05427071535315
0.05402325488096
0.0535771031876
0.0531314254511
0.05269025343289
0.05225449876345
0.052040690502005
0.05182688224056
0.05140994325027
0.05100514679155
0.05061296844605
0.05023648786865
0.0498751366718
0.049766436383415
0.04965773609503
0.04942095980513
0.04908051314788
0.04875882764355
0.04861849576892
0.04830611023754
0.04801298508387
0.047930207184665
0.04784742928546
0.04756774089438
0.04730689995829
0.04712300395897
0.04687850706875
0.04668201059528
0.04656843050847
0.04645485042166
0.04624850459881
0.04604104537008
0.04582668138089
0.0456389426456
0.04541899082457
0.04533533647557
0.04525168212657
0.04502840824901
0.04479826440469
0.04465701017376
0.0444265424805
0.04425900309908
0.0440765101725
0.043959918028
0.0438433258835
0.04362782780368
0.04352087612573
0.04328964473255
0.04305700489624
0.04282240439001
0.042791531878875
0.04276065936774
0.04254752843447
0.04232282258544
0.04209925966504
0.0418780599864
0.0416591861062
0.04144319819949
0.041337506082915
0.04123181396634
0.04102492639415
0.04082301118633
0.0406265251464
0.04058528131549
0.04038825076419
0.040292937651235
0.04019762453828
0.04001436012334
0.03990620143053
0.0397694921535
0.03959556755512
0.03942910414341
0.03938842368401
0.03934774322461
0.03918602993719
0.03904204977648
0.03894015720844
0.03879171304394
0.03869268759027
0.03855077409609
0.03848776899529
0.03842476389449
0.03831078661087
0.03818432098628
0.03807277731914
0.03795388368224
0.03783821903713
0.037782963161565
0.037727707286
0.03760851147474
0.03750666544492
0.03738450042519
0.03725783179276
0.03716747008036
0.03710344276798
0.0370394154556
0.03695817133593
0.0368296762941
0.03669740172546
0.03662836233352
0.03649707197205
0.03636351163863
0.036335107014465
0.0363067023903
0.03617498989123
0.03604107877382
0.03592024356178
0.0358657088903
0.03573364116873
0.03566721459284
0.03560078801695
0.03546717786814
0.03533370517286
0.03527274098953
0.03518619906448
0.035057822615
0.03493038372837
0.03486712793033
0.03480387213229
0.03467869484009
0.03455524704186
0.03443350133008
0.03434735858302
0.03429710428423
0.034236532240325
0.03417596019642
0.03405768383408
0.03394222438899
0.03382992962886
0.03377168836483
0.03368529331788
0.033630776771895
0.03357626022591
0.03347104116377
0.03342836375477
0.03332445707327
0.03322387594775
0.0331631329813
0.03307641805445
0.03302913791699
0.03298185777953
0.03292688526109
0.03283504915645
0.03274707168886
0.03268695386624
0.03260234958805
0.032570721108795
0.03253909262954
0.03245781044441
0.0323911134951
0.03231382836425
0.03224411911421
0.03217112307314
0.03213514773377
0.0320991723944
0.03203003321799
0.03195588203362
0.03189123784421
0.03181562439526
0.03175539230582
0.03167833631842
0.03165055967978
0.03162278304114
0.03154499134964
0.03146929895355
0.03141516263547
0.03133464809969
0.03128470614515
0.03124714595408
0.03120958576301
0.03112743763236
0.03108049914192
0.0310073582398
0.03092428527017
0.0308449544635
0.030827829485545
0.03081070450759
0.03072770279353
0.03064417247632
0.03055980224103
0.03053878248647
0.03045659986193
0.03037358127273
0.03033213950693
0.03029069774113
0.03020731843572
0.03012439852109
0.0300413088299
0.02995898880224
0.02987712026804
0.029836409889825
0.02979569951161
0.02971533465715
0.02963570790908
0.02955711350673
0.02947983944428
0.02940386823928
0.02932918283066
0.029292474699365
0.02925576656807
0.02923798829727
0.02916443956642
0.0290924338135
0.02902253438656
0.02898320018747
0.02895590086826
0.02892860154905
0.0288606427988
0.02879472664374
0.02876517715826
0.02870026786821
0.02863707192675
0.028620475053295
0.02860387817984
0.02854195333712
0.02848226352137
0.02844606524645
0.02838761394561
0.02834915121821
0.02829220720046
0.02826495420217
0.02823770120388
0.02819689093076
0.02814412387865
0.02810139630682
0.02805062167845
0.02800600509892
0.02798173752833
0.02795746995774
0.02791153111059
0.02786520567372
0.02781796230473
0.02777408447628
0.02772555304517
0.02770468876814
0.02768382449111
0.02763455087584
0.02759546942847
0.0275451968157
0.02749720190699
0.02745772569174
0.02740535393716
0.027388860222135
0.02737236650711
0.02731980366229
0.02726615577213
0.0272365852996
0.02718275271107
0.02713219139143
0.02711716994772
0.02710214850401
0.02704783384654
0.02699247574584
0.02697029535075
0.02691550560606
0.02685993951227
0.02683463480353
0.02680933009479
0.02678670515106
0.02673167058211
0.02667587687381
0.02661982559989
0.02657598568882
0.02655302155332
0.026525496998615
0.02649797244391
0.02644266763878
0.02638759386158
0.02633226958604
0.02627717746121
0.0262223160252
0.026195118445395
0.02616792086559
0.02611351548319
0.02605957155618
0.02600631886889
0.02595351713634
0.02590116218235
0.02584971246813
0.0258242050734
0.02579869767867
0.02577361081396
0.02573802096228
0.02568767521778
0.02563798159086
0.02558938692785
0.02557636806143
0.02556334919501
0.02552630889932
0.02547881141327
0.02543216239582
0.02541203076958
0.02536785348061
0.025345397811145
0.02532294214168
0.02528792444499
0.0252578603
0.02521443838448
0.02518015957144
0.02514903820458
0.02510751738174
0.02509509409161
0.02508267080148
0.02504202028814
0.02500258333661
0.02497621722187
0.02493784848375
0.02491011570688
0.024891354064095
0.02487259242131
0.02483795745689
0.02480746487461
0.02477258663254
0.0247424665051
0.0247086161932
0.02469310707694
0.02467759796068
0.02464518629813
0.02461306951344
0.02458208204363
0.02454929558594
0.02451950896561
0.02448605957953
0.02447196748859
0.02445787539765
0.02442376855595
0.0243887277678
0.02436241056021
0.02432693155615
0.02430197390007
0.024284118690925
0.02426626348178
0.02423553493692
0.02420691174587
0.0241700655472
0.02414885922739
0.024111988664
0.02407422805054
0.02406481010868
0.02405539216682
0.02401780889678
0.02397974625322
0.023963044921
0.02392495787526
0.02388659715336
0.023868659172075
0.02385072119079
0.02383400291298
0.02379554192887
0.02375661933976
0.0237174349158
0.02370692982734
0.02368761342592
0.0236682970245
0.02362940385549
0.02359025351239
0.02355104108735
0.02351922922673
0.0235062227184
0.02346767063217
0.02344845785857
0.02342924508497
0.02339075616355
0.02335220511409
0.0233139692612
0.02327567127016
0.02323768599285
0.023218848486065
0.02320001097928
0.02316245820573
0.02312521208095
0.02308827022901
0.02305181413266
0.0230371171037
0.02302345549962
0.02300979389554
0.02297340297569
0.02293730923786
0.02290187329666
0.02286690868384
0.02285606064754
0.02282285756297
0.022805585674025
0.02278831378508
0.02275459106216
0.02273454843166
0.02270918805308
0.02267605518102
0.02264372849738
0.02263690405498
0.02263007961258
0.02259788406795
0.02256630864099
0.02255116975124
0.02252007577502
0.02248976741312
0.022481463126735
0.02247315884035
0.02244315104354
0.02241409230564
0.02239620741753
0.02236761640111
0.02234669610444
0.02232081622901
0.022307218601575
0.02229362097414
0.02227386867948
0.02224713025559
0.0222267768501
0.02220083343711
0.02217954382565
0.02216696679642
0.02215438976719
0.02213030915248
0.02210797135363
0.02208449776787
0.022061915794
0.02203921204502
0.02201605211387
0.02200508207851
0.02199411204315
0.02197054606819
0.02194653086189
0.02192539439973
0.02190081434554
0.02188092507548
0.021868354489945
0.02185578390441
0.02183696598423
0.02181159678301
0.0217910482855
0.02176807997674
0.02174188981582
0.02173355816926
0.0217252265227
0.02169897667501
0.0216747399046
0.02165688176715
0.02162998796743
0.02161058830613
0.02158880532244
0.02157512136571
0.02156143740898
0.02154119777465
0.0215214767261
0.02149380014277
0.02146587606932
0.02145504517467
0.021441133507025
0.02142722183938
0.02139915397481
0.02137479321573
0.02136200237746
0.02133379053105
0.02130565324593
0.02129138688672
0.02127712052751
0.02126366465613
0.02124226432311
0.02121405697794
0.02118576936848
0.02115740243754
0.02112880274168
0.02111454157447
0.02110028040726
0.02106937859704
0.02104147598003
0.02101364730786
0.02098573998927
0.02095805872842
0.02094425463085
0.02093045053328
0.02090291511444
0.02087560288169
0.02084836206129
0.02083214177243
0.02081864416805
0.02080502332865
0.02079140248925
0.02076423214078
0.02073757895966
0.02071099424032
0.02068492156937
0.02066245712905
0.02065286553954
0.020639902365135
0.02062693919073
0.02060137148325
0.02057601359113
0.02056109197972
0.02054312708291
0.02051820368484
0.020505990076335
0.02049377646783
0.0204815846961
0.02046028402616
0.02043628350566
0.02041406834554
0.02040225922288
0.02037896918927
0.020367565690295
0.02035616219132
0.0203447062995
0.02032211881841
0.02030029396312
0.02028762004885
0.0202657273126
0.020257993851065
0.02025026038953
0.02023127838548
0.02021035457391
0.02019652346033
0.02017595305908
0
0
0
0
0
0
