




0
0
0
0
0
0
0
-0.02497623994686
-0.0250091415401
-0.02504204313334
-0.02510732217949
-0.025128082266995
-0.0251488423545
-0.025181651950335
-0.02521446154617
-0.02525788354174
-0.02529031355412
-0.0253227435665
-0.025345310246135
-0.02536787692577
-0.02543218596031
-0.02545551051241
-0.02547883506451
-0.02552633263906
-0.02555787171222
-0.02558941078538
-0.025613708162355
-0.02563800553933
-0.02568747086559
-0.025712757982055
-0.02573804509852
-0.025768383513835
-0.02579872192915
-0.02584950552265
-0.02587534607451
-0.02590118662637
-0.025927364152965
-0.02595354167956
-0.02600634351235
-0.026032969906645
-0.02605959630094
-0.02611354033079
-0.02614062455514
-0.02616770877949
-0.02619502493018
-0.02622234108087
-0.02627720262212
-0.02630474873749
-0.02633229485286
-0.026359957043925
-0.02638761923499
-0.02644269311851
-0.026470345574575
-0.02649799803064
-0.02655304724678
-0.026586449334975
-0.02661985142317
-0.026647877114715
-0.02667590280626
-0.02673144923262
-0.026759090266345
-0.02678673130007
-0.02682334855247
-0.02685996580487
-0.02691553200788
-0.02694292693418
-0.02697032186048
-0.02704760721459
-0.027074891244475
-0.02710217527436
-0.02714247745786
-0.02718277964136
-0.02723661233698
-0.02727822160131
-0.02731983086564
-0.02736260608865
-0.02740538131166
-0.02745775317128
-0.02750148882121
-0.02754522447114
-0.027589769372865
-0.02763431427459
-0.02768385242647
-0.02772884894938
-0.02777384547229
-0.02786523397749
-0.02791136621366
-0.02795749844983
-0.02800407440558
-0.02805065036133
-0.02810142509396
-0.028149172504235
-0.02819691991451
-0.02824457814781
-0.02829223638111
-0.02838764332404
-0.0284167289118
-0.02844581449956
-0.02854198303691
-0.028572945522985
-0.02860390800906
-0.028652102954265
-0.02870029789947
-0.02876520732596
-0.02881294024685
-0.02886067316774
-0.028894652614695
-0.02892863206165
-0.02902256509829
-0.02905751488607
-0.02909246467385
-0.029128467627045
-0.02916447058024
-0.02925579777708
-0.02929235699813
-0.02932891621918
-0.0294036002636
-0.029441735699215
-0.02947987113483
-0.02951850824952
-0.02955714536421
-0.0296357399368
-0.029675400445605
-0.02971506095441
-0.02975539642085
-0.02979573188729
-0.02987684356637
-0.02991793255068
-0.02995902153499
-0.03004134174343
-0.030082886680505
-0.03012443161758
-0.030165891666445
-0.03020735171531
-0.0302904132982
-0.0303320141096
-0.030373614921
-0.03041496360219
-0.03045631228338
-0.03055983630467
-0.030602021516835
-0.030644206729
-0.03072773723388
-0.03076923818441
-0.03081073913494
-0.03086752964459
-0.03092432015424
-0.03100739331224
-0.03106743314512
-0.031127472978
-0.03116837835626
-0.03120928373452
-0.03133468391926
-0.03137494127966
-0.03141519864006
-0.03147994070478
-0.0315446827695
-0.03167837293113
-0.03171690101434
-0.03175542909755
-0.03189127495263
-0.031960672802005
-0.03203007065138
-0.032100436361885
-0.03217080207239
-0.03231386646659
-0.032385857677505
-0.03245784888842
-0.032530118632515
-0.03260238837661
-0.03268699285719
-0.03276104068008
-0.03283508850297
-0.03298189748014
-0.033029177732055
-0.03307645798397
-0.033150187109775
-0.03322391623558
-0.03332449760643
-0.03339778983112
-0.03347108205581
-0.03352369171617
-0.03357630137653
-0.03368533473734
-0.033757653071825
-0.03382997140631
-0.03388611892588
-0.03394226644545
-0.03405772617839
-0.034116864507515
-0.03417600283664
-0.03429714722861
-0.03436534592342
-0.03443354461823
-0.034494417628125
-0.03455529063802
-0.03467873874969
-0.03474132755529
-0.03480391636089
-0.03486717232072
-0.03493042828055
-0.03505786749434
-0.03512205588447
-0.0351862442746
-0.03533375076459
-0.035400487285575
-0.03546722380656
-0.03553402905515
-0.03560083430374
-0.03573368780325
-0.035799721837525
-0.0358657558718
-0.035953441044935
-0.03604112621807
-0.03617503769038
-0.036240894115105
-0.03630675053983
-0.03649712063029
-0.036562765987225
-0.03662841134416
-0.03672906859589
-0.03682972584762
-0.03703946557792
-0.03710349306475
-0.03716752055158
-0.037276036021055
-0.03738455149053
-0.03760856315699
-0.037723417256435
-0.03783827135588
-0.03795555082389
-0.0380728302919
-0.03831084025146
-0.038430834332915
-0.03855082841437
-0.03879176804691
-0.038865990341165
-0.03894021263542
-0.039063149352765
-0.03918608607011
-0.0393477998243
-0.039471712349105
-0.03959562487391
-0.03968258742682
-0.03976954997973
-0.04001441866781
-0.04010605114552
-0.04019768362323
-0.04038831041401
-0.040486825983015
-0.04058534155202
-0.040704206843325
-0.04082307213463
-0.04102498795032
-0.041128432049425
-0.04123187614853
-0.04133756858657
-0.04144326102461
-0.04165864648712
-0.04176808056791
-0.0418775146487
-0.041988419577825
-0.04209932450695
-0.04232288812198
-0.04243524139748
-0.04254759467298
-0.04282247149236
-0.042939772116355
-0.04305707274035
-0.043173393028335
-0.04328971331632
-0.04352094544869
-0.043682170846335
-0.04384339624398
-0.04395998876606
-0.04407658128814
-0.04442661473739
-0.04454184896224
-0.04465708318709
-0.04502848248977
-0.045223774428565
-0.04541906636736
-0.045529042647015
-0.04563901892667
-0.04604112301022
-0.04624802624169
-0.04645492947316
-0.04656850995009
-0.04668209042702
-0.04712308531655
-0.047345454561065
-0.04756782380558
-0.04779044668549
-0.0480130695654
-0.04830619576106
-0.04853255527508
-0.0487589147891
-0.04908060145538
-0.04925082540312
-0.04942104935086
-0.04964813861695
-0.04987522788304
-0.05023658041611
-0.05042482140614
-0.05061306239617
-0.05080915230518
-0.05100524221419
-0.05141004020502
-0.05161851049566
-0.0518269807863
-0.05225459895458
-0.052472477134765
-0.05269035531495
-0.052910942187345
-0.05313152905974
-0.05357720855539
-0.05380028529011
-0.05402336202483
-0.054321311113255
-0.05461926020168
-0.05508421392358
-0.055313178463255
-0.05554214300293
-0.05623312597956
-0.056608347658235
-0.05698356933691
-0.057213243116125
-0.05744291689534
-0.05824544977322
-0.058669157130425
-0.05909286448763
-0.059534845124715
-0.0599768257618
-0.06088657318219
-0.06116967138984
-0.06145276959749
-0.06193613503026
-0.06241950046303
-0.06308585329992
-0.063581332910495
-0.06407681252107
-0.06482949347193
-0.065233692847525
-0.06563789222312
-0.06606940694874
-0.06650092167436
-0.06747948095705
-0.067930210871815
-0.06838094078658
-0.068849033448245
-0.06931712610991
-0.07042518256585
-0.07095792695653
-0.07149067134721
-0.07257072219545
-0.073113190002735
-0.07365565781002
-0.074451528410105
-0.07524739901019
-0.07638245321827
-0.07731569532841
-0.07824893743855
-0.07928927175445
-0.08032960607035
-0.08260867941964
-0.083826712349715
-0.08504474527979
-0.086314399594285
-0.08758405390878
-0.08938685053904
-0.090418825246665
-0.09145079995429
-0.0943085199082
-0.09553003068495
-0.0967515414617
-0.098095596076795
-0.09943965069189
-0.1023628259504
-0.10392282446305
-0.1054828229757
-0.1071179506124
-0.1087530782491
-0.1136729636384
-0.1155656648373
-0.1174583660362
-0.1241204005979
-0.1281607925003
-0.1322011844027
-0.1368836826827
-0.1415661809627
-0.1487876448465
-0.15348270212315
-0.1581777593998
-0.16457423527965
-0.1709707111595
-0.1857972827913
-0.19510305744305
-0.2044088320948
-0.2250581035373
-0.2466589323452
-0.2682597611531
-0.29902786808
-0.3297959750069
-0.3920272411841
-0.45880193001345
-0.5255766188428
-0.56746382057045
-0.6093510222981
0.6597344572302
0.63455896480495
0.6093834723797
0.5674776348029
0.5255717972261
0.3920232251191
0.3609233019044
0.3298233786897
0.2682574060291
0.24665687957535
0.2250563531216
0.21473185519465
0.2044073572677
0.1857960445397
0.17838284798135
0.170969651423
0.16457324843485
0.1581768454467
0.1487945500726
0.145179996752
0.1415654434314
0.1322005393044
0.1281601850985
0.1241198308926
0.12078884310275
0.1174578553129
0.1136724851125
0.1112125626124
0.1087526401123
0.1071175254358
0.1054824107593
0.1023624377644
0.100902601047135
0.09944276432987
0.0980969795415
0.09675119475313
0.09430819055074
0.092879340447045
0.09145049034335
0.08938936424129
0.08848656715341
0.08758377006553
0.08631412391237
0.08504447775921
0.0826084271091
0.08146889734947
0.08032936758984
0.07928903941763
0.07824871124542
0.07638223777179
0.07581471387148
0.07524718997117
0.07365545759334
0.073113915744345
0.07257237389535
0.072031428359625
0.0714904828239
0.07042499966761
0.06987181574939
0.06931863183117
0.068849700135875
0.06838076844058
0.06747931316399
0.06699003595904
0.06650075875409
0.06563773354022
0.06523427127185
0.06483080900348
0.06445373518159
0.0640766613597
0.0630857068174
0.06275253195115
0.0624193570849
0.06193665382403
0.06145395056316
0.06088643681795
0.06043156514695
0.05997669347595
0.059535324621435
0.05909395576692
0.0582465097222
0.05784465268033
0.05744279563846
0.0569834500273
0.05660822992208
0.05623300981686
0.055887519758475
0.05554202970009
0.05508410249612
0.054851626579125
0.05461915066213
0.054321202771545
0.05402325488096
0.0535771031876
0.05335426431935
0.0531314254511
0.05269025343289
0.05247237609817
0.05225449876345
0.052040690502005
0.05182688224056
0.05140994325027
0.05120754502091
0.05100514679155
0.0508090576188
0.05061296844605
0.05023648786865
0.050055812270225
0.0498751366718
0.049648048238465
0.04942095980513
0.04908051314788
0.048919670395715
0.04875882764355
0.04830611023754
0.048159547660705
0.04801298508387
0.047790362989125
0.04756774089438
0.04712300395897
0.046902507277125
0.04668201059528
0.04656843050847
0.04645485042166
0.04604104537008
0.04583999400784
0.0456389426456
0.04541899082457
0.04522369953679
0.04502840824901
0.044842709211385
0.04465701017376
0.0444265424805
0.0442515263265
0.0440765101725
0.043959918028
0.0438433258835
0.04352087612573
0.04340526042914
0.04328964473255
0.043173324814395
0.04305700489624
0.04282240439001
0.04268496641224
0.04254752843447
0.04232282258544
0.04221104112524
0.04209925966504
0.04198865982572
0.0418780599864
0.0416591861062
0.041551192152845
0.04144319819949
0.041337506082915
0.04123181396634
0.04102492639415
0.04092396879024
0.04082301118633
0.04058528131549
0.04048676603984
0.04038825076419
0.040292937651235
0.04019762453828
0.04001436012334
0.03989192613842
0.0397694921535
0.03968252985431
0.03959556755512
0.03934774322461
0.0392668865809
0.03918602993719
0.03894015720844
0.03886593512619
0.03879171304394
0.038671243570015
0.03855077409609
0.03831078661087
0.038191781965005
0.03807277731914
0.037955498178135
0.03783821903713
0.03760851147474
0.037496505949965
0.03738450042519
0.037275985252775
0.03716747008036
0.0370394154556
0.03693454587485
0.0368296762941
0.03662836233352
0.036562717152785
0.03649707197205
0.036401887181175
0.0363067023903
0.03617498989123
0.036108034332525
0.03604107877382
0.03595339383206
0.0358657088903
0.03573364116873
0.03566721459284
0.03560078801695
0.03546717786814
0.0354004415205
0.03533370517286
0.03525995211867
0.03518619906448
0.035057822615
0.034994103171685
0.03493038372837
0.03486712793033
0.03480387213229
0.03467869484009
0.034616970940975
0.03455524704186
0.03449437418597
0.03443350133008
0.03429710428423
0.034236532240325
0.03417596019642
0.03405768383408
0.033999954111535
0.03394222438899
0.033886077008925
0.03382992962886
0.03368529331788
0.033630776771895
0.03357626022591
0.03352365069484
0.03347104116377
0.03332445707327
0.03327416651051
0.03322387594775
0.03307641805445
0.03302913791699
0.03298185777953
0.03290845346799
0.03283504915645
0.03268695386624
0.032644651727145
0.03260234958805
0.03253008001623
0.03245781044441
0.03231382836425
0.032242475718695
0.03217112307314
0.03203003321799
0.0319606355311
0.03189123784421
0.031823315075015
0.03175539230582
0.03167833631842
0.03161166383403
0.03154499134964
0.031480076992555
0.03141516263547
0.03133464809969
0.03127211693135
0.03120958576301
0.031168511697685
0.03112743763236
0.0310073582398
0.030965821754985
0.03092428527017
0.03081070450759
0.03076920365056
0.03072770279353
0.030685937634925
0.03064417247632
0.03055980224103
0.03050820105148
0.03045659986193
0.03041509056733
0.03037358127273
0.03029069774113
0.030249008088425
0.03020731843572
0.03012439852109
0.030082853675495
0.0300413088299
0.03000014881607
0.02995898880224
0.02987712026804
0.029836409889825
0.02979569951161
0.02975551708438
0.02971533465715
0.02963570790908
0.029596410707905
0.02955711350673
0.029518476475505
0.02947983944428
0.02940386823928
0.02936652553497
0.02932918283066
0.02925576656807
0.029210103067245
0.02916443956642
0.02912843668996
0.0290924338135
0.02902253438656
0.028975567967805
0.02892860154905
0.028894622173925
0.0288606427988
0.02876517715826
0.028732722513235
0.02870026786821
0.02860387817984
0.02857291575848
0.02854195333712
0.028494009291785
0.02844606524645
0.02838761394561
0.028339910573035
0.02829220720046
0.02824454906561
0.02819689093076
0.02810139630682
0.028076008992635
0.02805062167845
0.02795746995774
0.02791133781573
0.02786520567372
0.027819645075
0.02777408447628
0.02768382449111
0.027659187683475
0.02763455087584
0.02758987384577
0.0275451968157
0.02745772569174
0.02743153981445
0.02740535393716
0.027362578799725
0.02731980366229
0.0272365852996
0.027209669005335
0.02718275271107
0.02710214850401
0.027074991175275
0.02704783384654
0.027009064598645
0.02697029535075
0.02691550560606
0.026887722559165
0.02685993951227
0.026823322331665
0.02678670515106
0.02673167058211
0.02670377372796
0.02667587687381
0.02661982559989
0.026586423576605
0.02655302155332
0.026525496998615
0.02649797244391
0.02644266763878
0.02641513075018
0.02638759386158
0.02635993172381
0.02633226958604
0.02627717746121
0.026249746743205
0.0262223160252
0.026195118445395
0.02616792086559
0.02611351548319
0.026086543519685
0.02605957155618
0.02600631886889
0.025979918002615
0.02595351713634
0.025927339659345
0.02590116218235
0.02584971246813
0.0258242050734
0.02579869767867
0.025768359320475
0.02573802096228
0.02568767521778
0.02566282840432
0.02563798159086
0.02558938692785
0.025557847913585
0.02552630889932
0.025502560156295
0.02547881141327
0.02543216239582
0.025400007938215
0.02536785348061
0.025345397811145
0.02532294214168
0.0252578603
0.02523614934224
0.02521443838448
0.02518173829453
0.02514903820458
0.02510751738174
0.02507476883494
0.02504202028814
0.02497621722187
0.02495703285281
0.02493784848375
0.02490522045253
0.02487259242131
0.02480746487461
0.024774965689855
0.0247424665051
0.02471003223289
0.02467759796068
0.02461306951344
0.02458118254969
0.02454929558594
0.02448605957953
0.02445491406774
0.02442376855595
0.02439308955808
0.02436241056021
0.02432693155615
0.024296597518965
0.02426626348178
0.024236587613825
0.02420691174587
0.0241700655472
0.0241410271056
0.024111988664
0.02407422805054
0.02404601847366
0.02401780889678
0.023998777575
0.02397974625322
0.02392495787526
0.02390577751431
0.02388659715336
0.02386030003317
0.02383400291298
0.02379554192887
0.023776080634315
0.02375661933976
0.02373177458355
0.02370692982734
0.0236682970245
0.023648850439995
0.02362940385549
0.02359025351239
0.02357064729987
0.02355104108735
0.023528631902875
0.0235062227184
0.02346767063217
0.02344845785857
0.02342924508497
0.02341000062426
0.02339075616355
0.02335220511409
0.023333087187645
0.0233139692612
0.02327567127016
0.023256678631505
0.02323768599285
0.023218848486065
0.02320001097928
0.02316245820573
0.02314383514334
0.02312521208095
0.02310674115498
0.02308827022901
0.02305181413266
0.0230308040141
0.02300979389554
0.022991598435615
0.02297340297569
0.02293730923786
0.02291959126726
0.02290187329666
0.02286690868384
0.022844883123405
0.02282285756297
0.022805585674025
0.02278831378508
0.02275459106216
0.02273188955762
0.02270918805308
0.02269262161705
0.02267605518102
0.02264372849738
0.022620806282665
0.02259788406795
0.02256630864099
0.022543192208005
0.02252007577502
0.02250492159407
0.02248976741312
0.02244315104354
0.022419679230535
0.02239620741753
0.02238191190932
0.02236761640111
0.02232081622901
0.022297342454245
0.02227386867948
0.02224713025559
0.02222398184635
0.02220083343711
0.02217761160215
0.02215438976719
0.02210797135363
0.022084943573815
0.022061915794
0.022038983953935
0.02201605211387
0.02197054606819
0.02194797023396
0.02192539439973
0.021903159737605
0.02188092507548
0.02185578390441
0.02183369034371
0.02181159678301
0.02176807997674
0.02174665324972
0.0217252265227
0.021712101598855
0.02169897667501
0.02165688176715
0.02164343486729
0.02162998796743
0.021609396644935
0.02158880532244
0.02156143740898
0.02154145706754
0.0215214767261
0.02149380014277
0.02147442265872
0.02145504517467
0.021441133507025
0.02142722183938
0.02139915397481
0.021380578176135
0.02136200237746
0.021347896454255
0.02133379053105
0.02130565324593
0.02129138688672
0.02127712052751
0.02125969242531
0.02124226432311
0.02121405697794
0.02119991317321
0.02118576936848
0.02115740243754
0.02114310258961
0.02112880274168
0.02111454157447
0.02110028040726
0.02106937859704
0.021055427288535
0.02104147598003
0.021027561643945
0.02101364730786
0.02098573998927
0.020971899358845
0.02095805872842
0.02093045053328
0.02091668282386
0.02090291511444
0.020889258998065
0.02087560288169
0.02084836206129
0.02083350311467
0.02081864416805
0.02080502332865
0.02079140248925
0.02076423214078
0.02075090555022
0.02073757895966
0.02071099424032
0.020697957904845
0.02068492156937
0.020668893554455
0.02065286553954
0.02062693919073
0.02061415533699
0.02060137148325
0.02058869253719
0.02057601359113
0.02054312708291
0.020530665383875
0.02051820368484
0.020505990076335
0.02049377646783
0.02046028402616
0.02044828376591
0.02043628350566
0.02040225922288
0.020390614206075
0.02037896918927
0.020361837744385
0.0203447062995
0.02032211881841
0.02030486943363
0.02028762004885
0.020276673680725
0.0202657273126
0.02023127838548
0.020213900922905
0.02019652346033
0.02017595305908
0.01008797652954
0
0
0
0
0
0
