




0.022122858
0.022122858
0.022076403
0.0220533575
0.022030312
0.0220074455
0.021984579
0.021939203
0.021916692
0.021894181
0.0218720095
0.021849838
0.021824439
0.0218024905
0.021780542
0.0217589275
0.021737313
0.021711034
0.0216898005
0.021668567
0.021626914
0.0216134235
0.021599933
0.02157964
0.021559347
0.021531894
0.021518042
0.02150419
0.0214844755
0.021464761
0.021436912
0.021417954
0.021398996
0.021384999
0.021371002
0.021342609
0.021324602
0.021306595
0.0212925625
0.02127853
0.021250226
0.021235956
0.021221686
0.0212073765
0.021193067
0.021160034
0.0211459625
0.021131891
0.0211178565
0.021103822
0.021075521
0.021061485
0.021047449
0.021033374
0.021019299
0.020991072
0.020977072
0.020963072
0.020935148
0.0209212985
0.020907449
0.020893636
0.020879823
0.020852421
0.020838756
0.020825091
0.020811611
0.020798131
0.020771242
0.0207558235
0.020740405
0.0207270345
0.020713664
0.020687141
0.020674061
0.020660981
0.020644843
0.020628705
0.020602692
0.0205899385
0.020577185
0.020564682
0.020552179
0.020518786
0.020506499
0.020494212
0.020477248
0.020460284
0.020436139
0.020424239
0.020412339
0.020378251
0.020366705
0.020355159
0.020337925
0.020320691
0.020285912
0.0202748965
0.020263881
0.0202464475
0.020229014
0.020207954
0.020190546
0.020173138
0.010086569
0
0
0
0
0
0
0
0
0
-0.012511913
-0.025023826
-0.02506333
-0.0250956975
-0.025128065
-0.02514875
-0.025169435
-0.02523406
-0.025255805
-0.02527755
-0.025309697
-0.025341844
-0.0253866
-0.025418354
-0.025450108
-0.025496373
-0.0255199285
-0.025543484
-0.025574612
-0.02560574
-0.025653941
-0.025678476
-0.025703011
-0.0257279845
-0.025752958
-0.025812783
-0.025837971
-0.025863159
-0.025888678
-0.025914197
-0.025965905
-0.0259919795
-0.026018054
-0.0260444695
-0.026070885
-0.026123931
-0.026150681
-0.026177431
-0.02620441
-0.026231389
-0.026285571
-0.0263126545
-0.026339738
-0.0263669335
-0.026394129
-0.026448746
-0.026475925
-0.026503104
-0.0265354025
-0.026567701
-0.026623286
-0.0266508265
-0.026678367
-0.026733181
-0.0267687805
-0.02680438
-0.026832048
-0.026859716
-0.026914278
-0.026952129
-0.02698998
-0.027017274
-0.027044568
-0.027123555
-0.0271504815
-0.027177408
-0.027218321
-0.027259234
-0.027312338
-0.02735444
-0.027396542
-0.0274221895
-0.027447837
-0.027533932
-0.0275777795
-0.027621627
-0.0276664205
-0.027711214
-0.027802189
-0.0278482465
-0.027894304
-0.0279408045
-0.027987305
-0.028080929
-0.028127919
-0.028174909
-0.028269246
-0.028296977
-0.028324708
-0.0283725215
-0.028420335
-0.028515204
-0.0285455425
-0.028575881
-0.0286234115
-0.028670942
-0.028734575
-0.0287819175
-0.02882926
-0.028862587
-0.028895914
-0.02896433
-0.0290111205
-0.029057911
-0.0290930935
-0.029128276
-0.029200755
-0.0292376215
-0.029274488
-0.029319752
-0.029365016
-0.029439885
-0.029478115
-0.029516345
-0.029555078
-0.029593811
-0.029672297
-0.029712056
-0.029751815
-0.0297920965
-0.029832378
-0.02991338
-0.0299542585
-0.029995137
-0.030077343
-0.030118673
-0.030160003
-0.0302012445
-0.030242486
-0.030325423
-0.03036664
-0.030407857
-0.030458647
-0.030509437
-0.030593528
-0.030635318
-0.030677108
-0.0307186355
-0.030760163
-0.030872378
-0.0309139405
-0.030955503
-0.0310150065
-0.03107451
-0.03115705
-0.0312192
-0.03128135
-0.031321981
-0.031362612
-0.031491661
-0.031558107
-0.031624553
-0.031663646
-0.031702739
-0.031838483
-0.0319080045
-0.031977526
-0.032048196
-0.032118866
-0.032262187
-0.032334675
-0.032407163
-0.032552718
-0.032625784
-0.03269885
-0.032771643
-0.032844436
-0.032934821
-0.033008485
-0.033082149
-0.033130673
-0.033179197
-0.033326423
-0.0333776075
-0.033428792
-0.0335015695
-0.033574347
-0.0336814
-0.0337366565
-0.033791913
-0.0338630955
-0.033934278
-0.034047672
-0.0341059655
-0.034164259
-0.0342235665
-0.034282874
-0.034417514
-0.0344772955
-0.034537077
-0.034597694
-0.034658311
-0.034781242
-0.0348435695
-0.034905897
-0.0349684625
-0.035031028
-0.035157492
-0.0352293945
-0.035301297
-0.035432781
-0.035498578
-0.035564375
-0.0356297805
-0.035695186
-0.035863078
-0.035929819
-0.03599656
-0.03606267
-0.03612878
-0.036313156
-0.0363795195
-0.036445883
-0.036543901
-0.036641919
-0.036772852
-0.036875972
-0.036979092
-0.0370426705
-0.037106249
-0.037319659
-0.0374298055
-0.037539952
-0.037653146
-0.03776634
-0.037997995
-0.038115514
-0.038233033
-0.038352022
-0.038471011
-0.038709905
-0.0387825015
-0.038855098
-0.039099888
-0.039221156
-0.039342424
-0.039424203
-0.039505982
-0.039748137
-0.039835499
-0.039922861
-0.040013513
-0.040104165
-0.040343593
-0.040438178
-0.040532763
-0.0406302615
-0.04072776
-0.040928726
-0.0410316815
-0.041134637
-0.041246363
-0.041358089
-0.041564777
-0.0416700745
-0.041775372
-0.0418817485
-0.041988125
-0.042226606
-0.042339697
-0.042452788
-0.042566155
-0.042679522
-0.042906145
-0.0430190565
-0.043131968
-0.0432817665
-0.043431565
-0.043663003
-0.043827312
-0.043991621
-0.044223679
-0.0444009145
-0.04457815
-0.044692433
-0.044806716
-0.045181345
-0.0453776185
-0.045573892
-0.045778042
-0.045982192
-0.046403919
-0.046619094
-0.046834269
-0.0470531115
-0.047271954
-0.047711614
-0.04793116
-0.048150706
-0.048297302
-0.048443898
-0.048887578
-0.0490475935
-0.049207609
-0.0493761595
-0.04954471
-0.04998726
-0.0501652255
-0.050343191
-0.050528656
-0.050714121
-0.051097876
-0.051295936
-0.051493996
-0.0516979905
-0.051901985
-0.052318449
-0.052530561
-0.052742673
-0.053171916
-0.0533880825
-0.053604249
-0.053882688
-0.054161127
-0.054616138
-0.054841181
-0.055066224
-0.0553938135
-0.055721403
-0.056178003
-0.056538911
-0.056899819
-0.0572881915
-0.057676564
-0.058502468
-0.0589373685
-0.059372269
-0.059824218
-0.060276167
-0.061201712
-0.061668919
-0.062136126
-0.0624524605
-0.062768795
-0.063732603
-0.0640917695
-0.064450936
-0.0648362135
-0.065221491
-0.06604595
-0.066530808
-0.067015666
-0.067885219
-0.068338156
-0.068791093
-0.0692615005
-0.069731908
-0.070867565
-0.0713971595
-0.071926754
-0.0724604175
-0.072994081
-0.074517842
-0.075085282
-0.075652722
-0.07655943
-0.077466138
-0.078605123
-0.0796254465
-0.08064577
-0.0817546585
-0.082863547
-0.085223022
-0.0860001375
-0.086777253
-0.0880904815
-0.08940371
-0.09137439
-0.092739985
-0.09410558
-0.095264434
-0.096423288
-0.098968639
-0.1003468945
-0.10172515
-0.10319598
-0.10466681
-0.10775502
-0.110013515
-0.11227201
-0.11586446
-0.11893095
-0.12199744
-0.125733405
-0.12946937
-0.13822566
-0.143073085
-0.14792051
-0.151876535
-0.15583256
-0.16571211
-0.171795255
-0.1778784
-0.18513009
-0.19238178
-0.21758395
-0.23981574
-0.26204753
-0.29685956
-0.33167159
-0.40837308
-0.458647405
-0.50892173
-0.576450765
-0.6439798
0.64305162
0.55997195
0.47689228
0.426211895
0.37553151
0.28306895
0.25324477
0.22342059
0.2082277
0.19303481
0.17677736
0.170180405
0.16358345
0.14996102
0.145735215
0.14150941
0.13623563
0.13096185
0.12647974
0.12433261
0.12218548
0.11871473
0.11524398
0.10986267
0.108128755
0.10639484
0.10473513
0.10307542
0.099967534
0.098539543
0.097111552
0.095819638
0.094527724
0.091532921
0.0904513115
0.089369702
0.0884309435
0.087492185
0.084854299
0.0841453785
0.083436458
0.08288508
0.082333702
0.079995469
0.0795138685
0.079032268
0.0784533735
0.077874479
0.075987241
0.075405931
0.074824621
0.073235629
0.0726865655
0.072137502
0.071592411
0.07104732
0.069976146
0.069455771
0.068935396
0.068435249
0.067935102
0.066980934
0.0665301615
0.066079389
0.065656316
0.065233243
0.064443519
0.063934609
0.063425699
0.0630737745
0.06272185
0.062078004
0.061601222
0.06112444
0.06065271
0.06018098
0.059262758
0.0588223185
0.058381879
0.057964269
0.057546659
0.056764415
0.05652854
0.056292665
0.055576495
0.055339829
0.055103163
0.0547848865
0.05446661
0.054007991
0.0537780405
0.05354809
0.0533186125
0.053089135
0.052634177
0.0524105925
0.052187008
0.0519676855
0.051748363
0.051320756
0.051114094
0.050907432
0.0507076515
0.050507871
0.050125079
0.0499417565
0.049758434
0.049525638
0.049292842
0.048949158
0.0487871195
0.048625081
0.0483947145
0.048164348
0.047698062
0.047559093
0.047420124
0.0471952965
0.046970469
0.046526305
0.0463087805
0.046091256
0.045669399
0.045466241
0.045263083
0.0450691325
0.044875182
0.044641756
0.0444582165
0.044274677
0.0441553445
0.044036012
0.043696103
0.043577253
0.043458403
0.0433382485
0.043218094
0.042975307
0.042829914
0.042684521
0.0425679955
0.04245147
0.042219105
0.0421035825
0.04198806
0.0418741055
0.041760151
0.041535317
0.041425
0.041314683
0.0412067125
0.041098742
0.040887964
0.040785381
0.040682798
0.040559637
0.040436476
0.040237517
0.040141802
0.040046087
0.039861999
0.0397364095
0.03961082
0.0395242825
0.039437745
0.039185497
0.0391058365
0.039026176
0.038901632
0.038777088
0.038527052
0.0384582385
0.038389425
0.038269172
0.038148919
0.037911424
0.0377948925
0.037678361
0.037564721
0.037451081
0.037230388
0.0371237185
0.037017049
0.03695236
0.036887671
0.036682452
0.0366163805
0.036550309
0.036453011
0.036355713
0.036222277
0.036154468
0.036086659
0.035907713
0.0358406355
0.035773558
0.0357061015
0.035638645
0.035503
0.0354250685
0.035347137
0.035281498
0.035215859
0.035085558
0.0350206775
0.034955797
0.034891397
0.034826997
0.034699564
0.034636729
0.034573894
0.0345119265
0.034449959
0.034328138
0.03425833
0.034188522
0.034128334
0.034068146
0.033950617
0.0338932505
0.033835884
0.0337625565
0.033689229
0.033578606
0.033525018
0.03347143
0.0333967885
0.033322147
0.033220432
0.033145391
0.03307035
0.032974316
0.0328998245
0.032825333
0.032750219
0.032675105
0.032589458
0.0325161505
0.032442843
0.032369834
0.032296825
0.03215212
0.0320807705
0.032009421
0.0319392325
0.031869044
0.031731643
0.0316647455
0.031597848
0.0315581525
0.031518457
0.031388165
0.0313472975
0.03130643
0.0312433375
0.031180245
0.031096911
0.031036657
0.030976403
0.030934619
0.030892835
0.030778829
0.030736924
0.030695019
0.030652856
0.030610693
0.030525539
0.030473893
0.030422247
0.030339098
0.0302972745
0.030255451
0.030213543
0.030171635
0.030088284
0.030046683
0.030005082
0.029963711
0.02992234
0.029840364
0.0297996005
0.029758837
0.0297186015
0.029678366
0.029598938
0.0295597385
0.029520539
0.0294818475
0.029443156
0.029367374
0.029321658
0.029275942
0.0292386285
0.029201315
0.029128245
0.029092478
0.029056711
0.0290094885
0.028962266
0.028892992
0.0288448645
0.028796737
0.028763496
0.028730255
0.028633096
0.0286013635
0.028569631
0.028472433
0.028442594
0.028412755
0.0283644115
0.028316068
0.028219212
0.028192237
0.028165262
0.0281177585
0.028070255
0.027975888
0.027929022
0.027882156
0.0278357375
0.027789319
0.027697631
0.0276526175
0.027607604
0.027563408
0.027519212
0.027467649
0.0274242895
0.02738093
0.0273542445
0.027327559
0.027243008
0.0272018885
0.027160769
0.027133621
0.027106473
0.027051127
0.0270117185
0.02697231
0.02691676
0.0268791145
0.026841469
0.0268137145
0.02678596
0.026729939
0.0267016765
0.026673414
0.0266388965
0.026604379
0.026548629
0.0265206275
0.026492626
0.026464622
0.026436618
0.026380605
0.026352598
0.026324591
0.0262967025
0.026268814
0.026213274
0.026185503
0.026157732
0.0261303145
0.026102897
0.026048293
0.026021222
0.025994151
0.0259674255
0.0259407
0.025887933
0.0258618875
0.025835842
0.025810132
0.025784422
0.025722667
0.0256971825
0.025671698
0.025621611
0.0255971185
0.025572626
0.025540678
0.02550873
0.025460849
0.025428064
0.025395279
0.0253721075
0.025348936
0.025303648
0.025270716
0.025237784
0.0252159975
0.025194211
0.025128042
0.0251073165
0.025086591
0.025053572
0.025020553
0.024954216
0.024920795
0.024887374
0.0248687535
0.024850133
0.024784485
0.0247518345
0.024719184
0.0246866005
0.024654017
0.024589403
0.0245573695
0.024525336
0.024493676
0.024462016
0.024399641
0.02438195
0.024364259
0.024302383
0.02427211
0.024241837
0.0242233605
0.024204884
0.024145631
0.024126698
0.024107765
0.024078776
0.024049787
0.024011423
0.023983361
0.023955299
0.023935872
0.023916445
0.023862536
0.023843063
0.02382359
0.023803887
0.023784184
0.023744324
0.023719019
0.023693714
0.0236739355
0.023654157
0.023614538
0.023594507
0.023574476
0.0235545125
0.023534549
0.02348903
0.023469402
0.023449774
0.023410459
0.0233908675
0.023371276
0.02335175
0.023332224
0.023293115
0.0232737195
0.023254324
0.0232349935
0.023215663
0.023177316
0.0231582985
0.023139281
0.0231204185
0.023101556
0.023064321
0.0230429215
0.023021522
0.023002851
0.02298418
0.022947324
0.0229292275
0.022911131
0.0228932725
0.022875414
0.022840169
0.022817566
0.022794963
0.022777733
0.022760503
0.022714184
0.0226972545
0.022680325
0.0226638005
0.022647276
0.022600357
0.0225843015
0.022568246
0.022520953
0.0225054475
0.022489942
0.022466198
0.022442454
0.022412528
0.022388861
0.022365194
0.0223510245
0.022336855
0.022289668
0.022266003
0.022242338
0.0222186885
0.022195039
0.022169509
0.0221461835
0.022122858
