000000000000
000000000000
000000000000
000000000000
000000000000
000000000000
000000000000
000000000000
-2.497623994686e-002
-2.500260610973e-002
-2.504204313334e-002
-2.508269372110e-002
-2.510732217949e-002
-2.514884235450e-002
-2.518018267004e-002
-2.521446154617e-002
-2.525788354174e-002
-2.528794774224e-002
-2.532274356650e-002
-2.536787692577e-002
-2.541205429667e-002
-2.543218596031e-002
-2.547883506451e-002
-2.552633263906e-002
-2.556337300388e-002
-2.558941078538e-002
-2.563800553933e-002
-2.568747086559e-002
-2.573804509852e-002
-2.577363501718e-002
-2.579872192915e-002
-2.584950552265e-002
-2.590118662637e-002
-2.595354167956e-002
-2.600634351235e-002
-2.605959630094e-002
-2.611354033079e-002
-2.616770877949e-002
-2.622234108087e-002
-2.627720262212e-002
-2.633229485286e-002
-2.638761923499e-002
-2.644269311851e-002
-2.649799803064e-002
-2.655304724678e-002
-2.657601142687e-002
-2.661985142317e-002
-2.667590280626e-002
-2.673144923262e-002
-2.678673130007e-002
-2.680935628812e-002
-2.685996580487e-002
-2.691553200788e-002
-2.697032186048e-002
-2.699250229932e-002
-2.704760721459e-002
-2.710217527436e-002
-2.713196333942e-002
-2.718277964136e-002
-2.723661233698e-002
-2.726618286843e-002
-2.731983086564e-002
-2.737239381555e-002
-2.740538131166e-002
-2.745775317128e-002
-2.749722946585e-002
-2.754522447114e-002
-2.759549718526e-002
-2.763431427459e-002
-2.768385242647e-002
-2.772531487827e-002
-2.777384547229e-002
-2.781799051231e-002
-2.786523397749e-002
-2.791155950884e-002
-2.795749844983e-002
-2.800603369035e-002
-2.805065036133e-002
-2.810142509396e-002
-2.814415275368e-002
-2.819691991451e-002
-2.823773027186e-002
-2.829223638111e-002
-2.834918051683e-002
-2.838764332404e-002
-2.844581449956e-002
-2.848229309667e-002
-2.854198303691e-002
-2.860390800906e-002
-2.863710182547e-002
-2.870029789947e-002
-2.876520732596e-002
-2.879475687366e-002
-2.886067316774e-002
-2.892863206165e-002
-2.898293984981e-002
-2.902256509829e-002
-2.909246467385e-002
-2.916447058024e-002
-2.923801946824e-002
-2.925579777708e-002
-2.932891621918e-002
-2.940360026360e-002
-2.947987113483e-002
-2.955714536421e-002
-2.963573993680e-002
-2.971506095441e-002
-2.979573188729e-002
-2.987684356637e-002
-2.995902153499e-002
-3.004134174343e-002
-3.012443161758e-002
-3.020735171531e-002
-3.029041329820e-002
-3.037361492100e-002
-3.045631228338e-002
-3.053881650310e-002
-3.055983630467e-002
-3.064420672900e-002
-3.072773723388e-002
-3.081073913494e-002
-3.084498916816e-002
-3.092432015424e-002
-3.100739331224e-002
-3.108053438064e-002
-3.112747297800e-002
-3.120928373452e-002
-3.128474185021e-002
-3.133468391926e-002
-3.141519864006e-002
-3.146933508282e-002
-3.154468276950e-002
-3.162281952505e-002
-3.167837293113e-002
-3.175542909755e-002
-3.181566132724e-002
-3.189127495263e-002
-3.195591929322e-002
-3.203007065138e-002
-3.209885283353e-002
-3.217080207239e-002
-3.224415705168e-002
-3.231386646659e-002
-3.239115178065e-002
-3.245784888842e-002
-3.253876421384e-002
-3.260238837661e-002
-3.268699285719e-002
-3.274711082396e-002
-3.283508850297e-002
-3.292654893838e-002
-3.298189748014e-002
-3.307645798397e-002
-3.316317312134e-002
-3.322391623558e-002
-3.332449760643e-002
-3.342840454215e-002
-3.347108205581e-002
-3.357630137653e-002
-3.368533473734e-002
-3.377172999794e-002
-3.382997140631e-002
-3.394226644545e-002
-3.405772617839e-002
-3.417600283664e-002
-3.429714722861e-002
-3.434740165390e-002
-3.443354461823e-002
-3.455529063802e-002
-3.467873874969e-002
-3.480391636089e-002
-3.493042828055e-002
-3.505786749434e-002
-3.518624427460e-002
-3.527278642335e-002
-3.533375076459e-002
-3.546722380656e-002
-3.560083430374e-002
-3.573368780325e-002
-3.586575587180e-002
-3.592029068693e-002
-3.604112621807e-002
-3.617503769038e-002
-3.630675053983e-002
-3.636355993969e-002
-3.649712063029e-002
-3.662841134416e-002
-3.669745092194e-002
-3.682972584762e-002
-3.695774717781e-002
-3.703946557792e-002
-3.716752055158e-002
-3.725788251091e-002
-3.738455149053e-002
-3.750671684622e-002
-3.760856315699e-002
-3.772775929803e-002
-3.783827135588e-002
-3.795393632297e-002
-3.807283029190e-002
-3.818437427150e-002
-3.831084025146e-002
-3.842481785640e-002
-3.855082841437e-002
-3.869274231131e-002
-3.879176804691e-002
-3.894021263542e-002
-3.904210549547e-002
-3.918608607011e-002
-3.934779982430e-002
-3.942916097867e-002
-3.959562487391e-002
-3.976954997973e-002
-3.990625965719e-002
-4.001441866781e-002
-4.019768362323e-002
-4.038831041401e-002
-4.058534155202e-002
-4.062658550611e-002
-4.082307213463e-002
-4.102498795032e-002
-4.123187614853e-002
-4.144326102461e-002
-4.165864648712e-002
-4.187751464870e-002
-4.209932450695e-002
-4.232288812198e-002
-4.254759467298e-002
-4.276072627555e-002
-4.282247149236e-002
-4.305707274035e-002
-4.328971331632e-002
-4.352094544869e-002
-4.362789746991e-002
-4.384339624398e-002
-4.407658128814e-002
-4.425907480857e-002
-4.442661473739e-002
-4.465708318709e-002
-4.479833788363e-002
-4.502848248977e-002
-4.525175711022e-002
-4.541906636736e-002
-4.563901892667e-002
-4.582675829498e-002
-4.604112301022e-002
-4.624858294492e-002
-4.645492947316e-002
-4.668209042702e-002
-4.687858757856e-002
-4.712308531655e-002
-4.730698195647e-002
-4.756782380558e-002
-4.784751318135e-002
-4.801306956540e-002
-4.830619576106e-002
-4.861858241003e-002
-4.875891478910e-002
-4.908060145538e-002
-4.942104935086e-002
-4.965782650710e-002
-4.987522788304e-002
-5.023658041611e-002
-5.061306239617e-002
-5.100524221419e-002
-5.141004020502e-002
-5.182698078630e-002
-5.225459895458e-002
-5.269035531495e-002
-5.313152905974e-002
-5.357720855539e-002
-5.402336202483e-002
-5.427082348862e-002
-5.461926020168e-002
-5.508421392358e-002
-5.554214300293e-002
-5.576260294727e-002
-5.623312597956e-002
-5.669040250248e-002
-5.698356933691e-002
-5.744291689534e-002
-5.779060876924e-002
-5.824544977322e-002
-5.864984987489e-002
-5.909286448763e-002
-5.955506710742e-002
-5.997682576180e-002
-6.049402594862e-002
-6.088657318219e-002
-6.145276959749e-002
-6.184196385005e-002
-6.241950046303e-002
-6.308585329992e-002
-6.351741966227e-002
-6.407681252107e-002
-6.482949347193e-002
-6.563789222312e-002
-6.650092167436e-002
-6.687448569335e-002
-6.747948095705e-002
-6.838094078658e-002
-6.931712610991e-002
-7.003641338895e-002
-7.042518256585e-002
-7.149067134721e-002
-7.257072219545e-002
-7.365565781002e-002
-7.442449243298e-002
-7.524739901019e-002
-7.638245321827e-002
-7.719127543957e-002
-7.824893743855e-002
-7.936717227172e-002
-8.032960607035e-002
-8.143444922564e-002
-8.260867941964e-002
-8.366232379389e-002
-8.504474527979e-002
-8.664775689636e-002
-8.758405390878e-002
-8.938685053904e-002
-9.145079995429e-002
-9.211147548684e-002
-9.430851990820e-002
-9.675154146170e-002
-9.943965069189e-002
-1.023628259504e-001
-1.054828229757e-001
-1.087530782491e-001
-1.098843607623e-001
-1.136729636384e-001
-1.174583660362e-001
-1.199957767372e-001
-1.241204005979e-001
-1.279921450161e-001
-1.322011844027e-001
-1.377192243791e-001
-1.415661809627e-001
-1.487876448465e-001
-1.581777593998e-001
-1.687433554068e-001
-1.709707111595e-001
-1.803950578151e-001
-1.857972827913e-001
-2.044088320948e-001
-2.250581035373e-001
-2.418770796926e-001
-2.682597611531e-001
-3.088416669707e-001
-3.297959750069e-001
-3.920272411841e-001
-4.741547778788e-001
-5.255766188428e-001
-6.093510222981e-001
6.597344572302e-001
6.093834723797e-001
5.255717972261e-001
4.741949432888e-001
3.920232251191e-001
3.298233786897e-001
3.088387348012e-001
2.682574060291e-001
2.418939321890e-001
2.250563531216e-001
2.044073572677e-001
1.857960445397e-001
1.803938857163e-001
1.709696514230e-001
1.687423216296e-001
1.581768454467e-001
1.487945500726e-001
1.415654434314e-001
1.377251654909e-001
1.322005393044e-001
1.279915397051e-001
1.241198308926e-001
1.199952438941e-001
1.174578553129e-001
1.136724851125e-001
1.098839134857e-001
1.087526401123e-001
1.054824107593e-001
1.023624377644e-001
9.944276432987e-002
9.675119475313e-002
9.430819055074e-002
9.211116136361e-002
9.145049034335e-002
8.938936424129e-002
8.758377006553e-002
8.664747912709e-002
8.504447775921e-002
8.366206495881e-002
8.260842710910e-002
8.143653294710e-002
8.032936758984e-002
7.936693951510e-002
7.824871124542e-002
7.719105536821e-002
7.638223777179e-002
7.524718997117e-002
7.442428797878e-002
7.365545759334e-002
7.257237389535e-002
7.149048282390e-002
7.042499966761e-002
7.003623252182e-002
6.931863183117e-002
6.838076844058e-002
6.747931316399e-002
6.687432092145e-002
6.650075875409e-002
6.563773354022e-002
6.483080900348e-002
6.407666135970e-002
6.351727115122e-002
6.308570681740e-002
6.241935708490e-002
6.184182313533e-002
6.145395056316e-002
6.088643681795e-002
6.049389135186e-002
5.997669347595e-002
5.955493669103e-002
5.909395576692e-002
5.864972342543e-002
5.824650972220e-002
5.779048602781e-002
5.744279563846e-002
5.698345002730e-002
5.669028442731e-002
5.623300981686e-002
5.576248873591e-002
5.554202970009e-002
5.508410249612e-002
5.461915066213e-002
5.427071535315e-002
5.402325488096e-002
5.357710318760e-002
5.313142545110e-002
5.269025343289e-002
5.225449876345e-002
5.182688224056e-002
5.140994325027e-002
5.100514679155e-002
5.061296844605e-002
5.023648786865e-002
4.987513667180e-002
4.965773609503e-002
4.942095980513e-002
4.908051314788e-002
4.875882764355e-002
4.861849576892e-002
4.830611023754e-002
4.801298508387e-002
4.784742928546e-002
4.756774089438e-002
4.730689995829e-002
4.712300395897e-002
4.687850706875e-002
4.668201059528e-002
4.645485042166e-002
4.624850459881e-002
4.604104537008e-002
4.582668138089e-002
4.563894264560e-002
4.541899082457e-002
4.525168212657e-002
4.502840824901e-002
4.479826440469e-002
4.465701017376e-002
4.442654248050e-002
4.425900309908e-002
4.407651017250e-002
4.384332588350e-002
4.362782780368e-002
4.352087612573e-002
4.328964473255e-002
4.305700489624e-002
4.282240439001e-002
4.276065936774e-002
4.254752843447e-002
4.232282258544e-002
4.209925966504e-002
4.187805998640e-002
4.165918610620e-002
4.144319819949e-002
4.123181396634e-002
4.102492639415e-002
4.082301118633e-002
4.062652514640e-002
4.058528131549e-002
4.038825076419e-002
4.019762453828e-002
4.001436012334e-002
3.990620143053e-002
3.976949215350e-002
3.959556755512e-002
3.942910414341e-002
3.934774322461e-002
3.918602993719e-002
3.904204977648e-002
3.894015720844e-002
3.879171304394e-002
3.869268759027e-002
3.855077409609e-002
3.842476389449e-002
3.831078661087e-002
3.818432098628e-002
3.807277731914e-002
3.795388368224e-002
3.783821903713e-002
3.772770728600e-002
3.760851147474e-002
3.750666544492e-002
3.738450042519e-002
3.725783179276e-002
3.716747008036e-002
3.703941545560e-002
3.695817133593e-002
3.682967629410e-002
3.669740172546e-002
3.662836233352e-002
3.649707197205e-002
3.636351163863e-002
3.630670239030e-002
3.617498989123e-002
3.604107877382e-002
3.592024356178e-002
3.586570889030e-002
3.573364116873e-002
3.560078801695e-002
3.546717786814e-002
3.533370517286e-002
3.527274098953e-002
3.518619906448e-002
3.505782261500e-002
3.493038372837e-002
3.480387213229e-002
3.467869484009e-002
3.455524704186e-002
3.443350133008e-002
3.434735858302e-002
3.429710428423e-002
3.417596019642e-002
3.405768383408e-002
3.394222438899e-002
3.382992962886e-002
3.377168836483e-002
3.368529331788e-002
3.357626022591e-002
3.347104116377e-002
3.342836375477e-002
3.332445707327e-002
3.322387594775e-002
3.316313298130e-002
3.307641805445e-002
3.298185777953e-002
3.292688526109e-002
3.283504915645e-002
3.274707168886e-002
3.268695386624e-002
3.260234958805e-002
3.253909262954e-002
3.245781044441e-002
3.239111349510e-002
3.231382836425e-002
3.224411911421e-002
3.217112307314e-002
3.209917239440e-002
3.203003321799e-002
3.195588203362e-002
3.189123784421e-002
3.181562439526e-002
3.175539230582e-002
3.167833631842e-002
3.162278304114e-002
3.154499134964e-002
3.146929895355e-002
3.141516263547e-002
3.133464809969e-002
3.128470614515e-002
3.120958576301e-002
3.112743763236e-002
3.108049914192e-002
3.100735823980e-002
3.092428527017e-002
3.084495446350e-002
3.081070450759e-002
3.072770279353e-002
3.064417247632e-002
3.055980224103e-002
3.053878248647e-002
3.045659986193e-002
3.037358127273e-002
3.029069774113e-002
3.020731843572e-002
3.012439852109e-002
3.004130882990e-002
2.995898880224e-002
2.987712026804e-002
2.979569951161e-002
2.971533465715e-002
2.963570790908e-002
2.955711350673e-002
2.947983944428e-002
2.940386823928e-002
2.932918283066e-002
2.925576656807e-002
2.923798829727e-002
2.916443956642e-002
2.909243381350e-002
2.902253438656e-002
2.898320018747e-002
2.892860154905e-002
2.886064279880e-002
2.879472664374e-002
2.876517715826e-002
2.870026786821e-002
2.863707192675e-002
2.860387817984e-002
2.854195333712e-002
2.848226352137e-002
2.844606524645e-002
2.838761394561e-002
2.834915121821e-002
2.829220720046e-002
2.823770120388e-002
2.819689093076e-002
2.814412387865e-002
2.810139630682e-002
2.805062167845e-002
2.800600509892e-002
2.795746995774e-002
2.791153111059e-002
2.786520567372e-002
2.781796230473e-002
2.777408447628e-002
2.772555304517e-002
2.768382449111e-002
2.763455087584e-002
2.759546942847e-002
2.754519681570e-002
2.749720190699e-002
2.745772569174e-002
2.740535393716e-002
2.737236650711e-002
2.731980366229e-002
2.726615577213e-002
2.723658529960e-002
2.718275271107e-002
2.713219139143e-002
2.710214850401e-002
2.704783384654e-002
2.699247574584e-002
2.697029535075e-002
2.691550560606e-002
2.685993951227e-002
2.680933009479e-002
2.678670515106e-002
2.673167058211e-002
2.667587687381e-002
2.661982559989e-002
2.657598568882e-002
2.655302155332e-002
2.649797244391e-002
2.644266763878e-002
2.638759386158e-002
2.633226958604e-002
2.627717746121e-002
2.622231602520e-002
2.616792086559e-002
2.611351548319e-002
2.605957155618e-002
2.600631886889e-002
2.595351713634e-002
2.590116218235e-002
2.584971246813e-002
2.579869767867e-002
2.577361081396e-002
2.573802096228e-002
2.568767521778e-002
2.563798159086e-002
2.558938692785e-002
2.556334919501e-002
2.552630889932e-002
2.547881141327e-002
2.543216239582e-002
2.541203076958e-002
2.536785348061e-002
2.532294214168e-002
2.528792444499e-002
2.525786030000e-002
2.521443838448e-002
2.518015957144e-002
2.514903820458e-002
2.510751738174e-002
2.508267080148e-002
2.504202028814e-002
2.500258333661e-002
2.497621722187e-002
2.493784848375e-002
2.491011570688e-002
2.487259242131e-002
2.483795745689e-002
2.480746487461e-002
2.477258663254e-002
2.474246650510e-002
2.470861619320e-002
2.467759796068e-002
2.464518629813e-002
2.461306951344e-002
2.458208204363e-002
2.454929558594e-002
2.451950896561e-002
2.448605957953e-002
2.445787539765e-002
2.442376855595e-002
2.438872776780e-002
2.436241056021e-002
2.432693155615e-002
2.430197390007e-002
2.426626348178e-002
2.423553493692e-002
2.420691174587e-002
2.417006554720e-002
2.414885922739e-002
2.411198866400e-002
2.407422805054e-002
2.405539216682e-002
2.401780889678e-002
2.397974625322e-002
2.396304492100e-002
2.392495787526e-002
2.388659715336e-002
2.385072119079e-002
2.383400291298e-002
2.379554192887e-002
2.375661933976e-002
2.371743491580e-002
2.370692982734e-002
2.366829702450e-002
2.362940385549e-002
2.359025351239e-002
2.355104108735e-002
2.351922922673e-002
2.350622271840e-002
2.346767063217e-002
2.342924508497e-002
2.339075616355e-002
2.335220511409e-002
2.331396926120e-002
2.327567127016e-002
2.323768599285e-002
2.320001097928e-002
2.316245820573e-002
2.312521208095e-002
2.308827022901e-002
2.305181413266e-002
2.303711710370e-002
2.300979389554e-002
2.297340297569e-002
2.293730923786e-002
2.290187329666e-002
2.286690868384e-002
2.285606064754e-002
2.282285756297e-002
2.278831378508e-002
2.275459106216e-002
2.273454843166e-002
2.270918805308e-002
2.267605518102e-002
2.264372849738e-002
2.263007961258e-002
2.259788406795e-002
2.256630864099e-002
2.255116975124e-002
2.252007577502e-002
2.248976741312e-002
2.247315884035e-002
2.244315104354e-002
2.241409230564e-002
2.239620741753e-002
2.236761640111e-002
2.234669610444e-002
2.232081622901e-002
2.229362097414e-002
2.227386867948e-002
2.224713025559e-002
2.222677685010e-002
2.220083343711e-002
2.217954382565e-002
2.215438976719e-002
2.213030915248e-002
2.210797135363e-002
2.208449776787e-002
2.206191579400e-002
2.203921204502e-002
2.201605211387e-002
2.199411204315e-002
2.197054606819e-002
2.194653086189e-002
2.192539439973e-002
2.190081434554e-002
2.188092507548e-002
2.185578390441e-002
2.183696598423e-002
2.181159678301e-002
2.179104828550e-002
2.176807997674e-002
2.174188981582e-002
2.172522652270e-002
2.169897667501e-002
2.167473990460e-002
2.165688176715e-002
2.162998796743e-002
2.161058830613e-002
2.158880532244e-002
2.156143740898e-002
2.154119777465e-002
2.152147672610e-002
2.149380014277e-002
2.146587606932e-002
2.145504517467e-002
2.142722183938e-002
2.139915397481e-002
2.137479321573e-002
2.136200237746e-002
2.133379053105e-002
2.130565324593e-002
2.127712052751e-002
2.126366465613e-002
2.124226432311e-002
2.121405697794e-002
2.118576936848e-002
2.115740243754e-002
2.112880274168e-002
2.110028040726e-002
2.106937859704e-002
2.104147598003e-002
2.101364730786e-002
2.098573998927e-002
2.095805872842e-002
2.093045053328e-002
2.090291511444e-002
2.087560288169e-002
2.084836206129e-002
2.083214177243e-002
2.081864416805e-002
2.079140248925e-002
2.076423214078e-002
2.073757895966e-002
2.071099424032e-002
2.068492156937e-002
2.066245712905e-002
2.065286553954e-002
2.062693919073e-002
2.060137148325e-002
2.057601359113e-002
2.056109197972e-002
2.054312708291e-002
2.051820368484e-002
2.049377646783e-002
2.048158469610e-002
2.046028402616e-002
2.043628350566e-002
2.041406834554e-002
2.040225922288e-002
2.037896918927e-002
2.035616219132e-002
2.034470629950e-002
2.032211881841e-002
2.030029396312e-002
2.028762004885e-002
2.026572731260e-002
2.025026038953e-002
2.023127838548e-002
2.021035457391e-002
2.019652346033e-002
2.017595305908e-002
000000000000
000000000000
000000000000
000000000000
000000000000
