  2.2122858e-002
  2.2076403e-002
  2.2030312e-002
  2.1984579e-002
  2.1939203e-002
  2.1894181e-002
  2.1849838e-002
  2.1824439e-002
  2.1780542e-002
  2.1737313e-002
  2.1711034e-002
  2.1668567e-002
  2.1626914e-002
  2.1599933e-002
  2.1559347e-002
  2.1531894e-002
  2.1504190e-002
  2.1464761e-002
  2.1436912e-002
  2.1398996e-002
  2.1371002e-002
  2.1342609e-002
  2.1306595e-002
  2.1278530e-002
  2.1250226e-002
  2.1221686e-002
  2.1193067e-002
  2.1160034e-002
  2.1131891e-002
  2.1103822e-002
  2.1075521e-002
  2.1047449e-002
  2.1019299e-002
  2.0991072e-002
  2.0963072e-002
  2.0935148e-002
  2.0907449e-002
  2.0879823e-002
  2.0852421e-002
  2.0825091e-002
  2.0798131e-002
  2.0771242e-002
  2.0740405e-002
  2.0713664e-002
  2.0687141e-002
  2.0660981e-002
  2.0628705e-002
  2.0602692e-002
  2.0577185e-002
  2.0552179e-002
  2.0518786e-002
  2.0494212e-002
  2.0460284e-002
  2.0436139e-002
  2.0412339e-002
  2.0378251e-002
  2.0355159e-002
  2.0320691e-002
  2.0285912e-002
  2.0263881e-002
  2.0229014e-002
  2.0207954e-002
  2.0173138e-002
  0.0000000e+000
  0.0000000e+000
  0.0000000e+000
  0.0000000e+000
  0.0000000e+000
  0.0000000e+000
 -2.5023826e-002
 -2.5063330e-002
 -2.5128065e-002
 -2.5169435e-002
 -2.5234060e-002
 -2.5277550e-002
 -2.5341844e-002
 -2.5386600e-002
 -2.5450108e-002
 -2.5496373e-002
 -2.5543484e-002
 -2.5605740e-002
 -2.5653941e-002
 -2.5703011e-002
 -2.5752958e-002
 -2.5812783e-002
 -2.5863159e-002
 -2.5914197e-002
 -2.5965905e-002
 -2.6018054e-002
 -2.6070885e-002
 -2.6123931e-002
 -2.6177431e-002
 -2.6231389e-002
 -2.6285571e-002
 -2.6339738e-002
 -2.6394129e-002
 -2.6448746e-002
 -2.6503104e-002
 -2.6567701e-002
 -2.6623286e-002
 -2.6678367e-002
 -2.6733181e-002
 -2.6804380e-002
 -2.6859716e-002
 -2.6914278e-002
 -2.6989980e-002
 -2.7044568e-002
 -2.7123555e-002
 -2.7177408e-002
 -2.7259234e-002
 -2.7312338e-002
 -2.7396542e-002
 -2.7447837e-002
 -2.7533932e-002
 -2.7621627e-002
 -2.7711214e-002
 -2.7802189e-002
 -2.7894304e-002
 -2.7987305e-002
 -2.8080929e-002
 -2.8174909e-002
 -2.8269246e-002
 -2.8324708e-002
 -2.8420335e-002
 -2.8515204e-002
 -2.8575881e-002
 -2.8670942e-002
 -2.8734575e-002
 -2.8829260e-002
 -2.8895914e-002
 -2.8964330e-002
 -2.9057911e-002
 -2.9128276e-002
 -2.9200755e-002
 -2.9274488e-002
 -2.9365016e-002
 -2.9439885e-002
 -2.9516345e-002
 -2.9593811e-002
 -2.9672297e-002
 -2.9751815e-002
 -2.9832378e-002
 -2.9913380e-002
 -2.9995137e-002
 -3.0077343e-002
 -3.0160003e-002
 -3.0242486e-002
 -3.0325423e-002
 -3.0407857e-002
 -3.0509437e-002
 -3.0593528e-002
 -3.0677108e-002
 -3.0760163e-002
 -3.0872378e-002
 -3.0955503e-002
 -3.1074510e-002
 -3.1157050e-002
 -3.1281350e-002
 -3.1362612e-002
 -3.1491661e-002
 -3.1624553e-002
 -3.1702739e-002
 -3.1838483e-002
 -3.1977526e-002
 -3.2118866e-002
 -3.2262187e-002
 -3.2407163e-002
 -3.2552718e-002
 -3.2698850e-002
 -3.2844436e-002
 -3.2934821e-002
 -3.3082149e-002
 -3.3179197e-002
 -3.3326423e-002
 -3.3428792e-002
 -3.3574347e-002
 -3.3681400e-002
 -3.3791913e-002
 -3.3934278e-002
 -3.4047672e-002
 -3.4164259e-002
 -3.4282874e-002
 -3.4417514e-002
 -3.4537077e-002
 -3.4658311e-002
 -3.4781242e-002
 -3.4905897e-002
 -3.5031028e-002
 -3.5157492e-002
 -3.5301297e-002
 -3.5432781e-002
 -3.5564375e-002
 -3.5695186e-002
 -3.5863078e-002
 -3.5996560e-002
 -3.6128780e-002
 -3.6313156e-002
 -3.6445883e-002
 -3.6641919e-002
 -3.6772852e-002
 -3.6979092e-002
 -3.7106249e-002
 -3.7319659e-002
 -3.7539952e-002
 -3.7766340e-002
 -3.7997995e-002
 -3.8233033e-002
 -3.8471011e-002
 -3.8709905e-002
 -3.8855098e-002
 -3.9099888e-002
 -3.9342424e-002
 -3.9505982e-002
 -3.9748137e-002
 -3.9922861e-002
 -4.0104165e-002
 -4.0343593e-002
 -4.0532763e-002
 -4.0727760e-002
 -4.0928726e-002
 -4.1134637e-002
 -4.1358089e-002
 -4.1564777e-002
 -4.1775372e-002
 -4.1988125e-002
 -4.2226606e-002
 -4.2452788e-002
 -4.2679522e-002
 -4.2906145e-002
 -4.3131968e-002
 -4.3431565e-002
 -4.3663003e-002
 -4.3991621e-002
 -4.4223679e-002
 -4.4578150e-002
 -4.4806716e-002
 -4.5181345e-002
 -4.5573892e-002
 -4.5982192e-002
 -4.6403919e-002
 -4.6834269e-002
 -4.7271954e-002
 -4.7711614e-002
 -4.8150706e-002
 -4.8443898e-002
 -4.8887578e-002
 -4.9207609e-002
 -4.9544710e-002
 -4.9987260e-002
 -5.0343191e-002
 -5.0714121e-002
 -5.1097876e-002
 -5.1493996e-002
 -5.1901985e-002
 -5.2318449e-002
 -5.2742673e-002
 -5.3171916e-002
 -5.3604249e-002
 -5.4161127e-002
 -5.4616138e-002
 -5.5066224e-002
 -5.5721403e-002
 -5.6178003e-002
 -5.6899819e-002
 -5.7676564e-002
 -5.8502468e-002
 -5.9372269e-002
 -6.0276167e-002
 -6.1201712e-002
 -6.2136126e-002
 -6.2768795e-002
 -6.3732603e-002
 -6.4450936e-002
 -6.5221491e-002
 -6.6045950e-002
 -6.7015666e-002
 -6.7885219e-002
 -6.8791093e-002
 -6.9731908e-002
 -7.0867565e-002
 -7.1926754e-002
 -7.2994081e-002
 -7.4517842e-002
 -7.5652722e-002
 -7.7466138e-002
 -7.8605123e-002
 -8.0645770e-002
 -8.2863547e-002
 -8.5223022e-002
 -8.6777253e-002
 -8.9403710e-002
 -9.1374390e-002
 -9.4105580e-002
 -9.6423288e-002
 -9.8968639e-002
 -1.0172515e-001
 -1.0466681e-001
 -1.0775502e-001
 -1.1227201e-001
 -1.1586446e-001
 -1.2199744e-001
 -1.2946937e-001
 -1.3822566e-001
 -1.4792051e-001
 -1.5583256e-001
 -1.6571211e-001
 -1.7787840e-001
 -1.9238178e-001
 -2.1758395e-001
 -2.6204753e-001
 -3.3167159e-001
 -4.0837308e-001
 -5.0892173e-001
 -6.4397980e-001
  6.4305162e-001
  4.7689228e-001
  3.7553151e-001
  2.8306895e-001
  2.2342059e-001
  1.9303481e-001
  1.7677736e-001
  1.6358345e-001
  1.4996102e-001
  1.4150941e-001
  1.3096185e-001
  1.2647974e-001
  1.2218548e-001
  1.1524398e-001
  1.0986267e-001
  1.0639484e-001
  1.0307542e-001
  9.9967534e-002
  9.7111552e-002
  9.4527724e-002
  9.1532921e-002
  8.9369702e-002
  8.7492185e-002
  8.4854299e-002
  8.3436458e-002
  8.2333702e-002
  7.9995469e-002
  7.9032268e-002
  7.7874479e-002
  7.5987241e-002
  7.4824621e-002
  7.3235629e-002
  7.2137502e-002
  7.1047320e-002
  6.9976146e-002
  6.8935396e-002
  6.7935102e-002
  6.6980934e-002
  6.6079389e-002
  6.5233243e-002
  6.4443519e-002
  6.3425699e-002
  6.2721850e-002
  6.2078004e-002
  6.1124440e-002
  6.0180980e-002
  5.9262758e-002
  5.8381879e-002
  5.7546659e-002
  5.6764415e-002
  5.6292665e-002
  5.5576495e-002
  5.5103163e-002
  5.4466610e-002
  5.4007991e-002
  5.3548090e-002
  5.3089135e-002
  5.2634177e-002
  5.2187008e-002
  5.1748363e-002
  5.1320756e-002
  5.0907432e-002
  5.0507871e-002
  5.0125079e-002
  4.9758434e-002
  4.9292842e-002
  4.8949158e-002
  4.8625081e-002
  4.8164348e-002
  4.7698062e-002
  4.7420124e-002
  4.6970469e-002
  4.6526305e-002
  4.6091256e-002
  4.5669399e-002
  4.5263083e-002
  4.4875182e-002
  4.4641756e-002
  4.4274677e-002
  4.4036012e-002
  4.3696103e-002
  4.3458403e-002
  4.3218094e-002
  4.2975307e-002
  4.2684521e-002
  4.2451470e-002
  4.2219105e-002
  4.1988060e-002
  4.1760151e-002
  4.1535317e-002
  4.1314683e-002
  4.1098742e-002
  4.0887964e-002
  4.0682798e-002
  4.0436476e-002
  4.0237517e-002
  4.0046087e-002
  3.9861999e-002
  3.9610820e-002
  3.9437745e-002
  3.9185497e-002
  3.9026176e-002
  3.8777088e-002
  3.8527052e-002
  3.8389425e-002
  3.8148919e-002
  3.7911424e-002
  3.7678361e-002
  3.7451081e-002
  3.7230388e-002
  3.7017049e-002
  3.6887671e-002
  3.6682452e-002
  3.6550309e-002
  3.6355713e-002
  3.6222277e-002
  3.6086659e-002
  3.5907713e-002
  3.5773558e-002
  3.5638645e-002
  3.5503000e-002
  3.5347137e-002
  3.5215859e-002
  3.5085558e-002
  3.4955797e-002
  3.4826997e-002
  3.4699564e-002
  3.4573894e-002
  3.4449959e-002
  3.4328138e-002
  3.4188522e-002
  3.4068146e-002
  3.3950617e-002
  3.3835884e-002
  3.3689229e-002
  3.3578606e-002
  3.3471430e-002
  3.3322147e-002
  3.3220432e-002
  3.3070350e-002
  3.2974316e-002
  3.2825333e-002
  3.2675105e-002
  3.2589458e-002
  3.2442843e-002
  3.2296825e-002
  3.2152120e-002
  3.2009421e-002
  3.1869044e-002
  3.1731643e-002
  3.1597848e-002
  3.1518457e-002
  3.1388165e-002
  3.1306430e-002
  3.1180245e-002
  3.1096911e-002
  3.0976403e-002
  3.0892835e-002
  3.0778829e-002
  3.0695019e-002
  3.0610693e-002
  3.0525539e-002
  3.0422247e-002
  3.0339098e-002
  3.0255451e-002
  3.0171635e-002
  3.0088284e-002
  3.0005082e-002
  2.9922340e-002
  2.9840364e-002
  2.9758837e-002
  2.9678366e-002
  2.9598938e-002
  2.9520539e-002
  2.9443156e-002
  2.9367374e-002
  2.9275942e-002
  2.9201315e-002
  2.9128245e-002
  2.9056711e-002
  2.8962266e-002
  2.8892992e-002
  2.8796737e-002
  2.8730255e-002
  2.8633096e-002
  2.8569631e-002
  2.8472433e-002
  2.8412755e-002
  2.8316068e-002
  2.8219212e-002
  2.8165262e-002
  2.8070255e-002
  2.7975888e-002
  2.7882156e-002
  2.7789319e-002
  2.7697631e-002
  2.7607604e-002
  2.7519212e-002
  2.7467649e-002
  2.7380930e-002
  2.7327559e-002
  2.7243008e-002
  2.7160769e-002
  2.7106473e-002
  2.7051127e-002
  2.6972310e-002
  2.6916760e-002
  2.6841469e-002
  2.6785960e-002
  2.6729939e-002
  2.6673414e-002
  2.6604379e-002
  2.6548629e-002
  2.6492626e-002
  2.6436618e-002
  2.6380605e-002
  2.6324591e-002
  2.6268814e-002
  2.6213274e-002
  2.6157732e-002
  2.6102897e-002
  2.6048293e-002
  2.5994151e-002
  2.5940700e-002
  2.5887933e-002
  2.5835842e-002
  2.5784422e-002
  2.5722667e-002
  2.5671698e-002
  2.5621611e-002
  2.5572626e-002
  2.5508730e-002
  2.5460849e-002
  2.5395279e-002
  2.5348936e-002
  2.5303648e-002
  2.5237784e-002
  2.5194211e-002
  2.5128042e-002
  2.5086591e-002
  2.5020553e-002
  2.4954216e-002
  2.4887374e-002
  2.4850133e-002
  2.4784485e-002
  2.4719184e-002
  2.4654017e-002
  2.4589403e-002
  2.4525336e-002
  2.4462016e-002
  2.4399641e-002
  2.4364259e-002
  2.4302383e-002
  2.4241837e-002
  2.4204884e-002
  2.4145631e-002
  2.4107765e-002
  2.4049787e-002
  2.4011423e-002
  2.3955299e-002
  2.3916445e-002
  2.3862536e-002
  2.3823590e-002
  2.3784184e-002
  2.3744324e-002
  2.3693714e-002
  2.3654157e-002
  2.3614538e-002
  2.3574476e-002
  2.3534549e-002
  2.3489030e-002
  2.3449774e-002
  2.3410459e-002
  2.3371276e-002
  2.3332224e-002
  2.3293115e-002
  2.3254324e-002
  2.3215663e-002
  2.3177316e-002
  2.3139281e-002
  2.3101556e-002
  2.3064321e-002
  2.3021522e-002
  2.2984180e-002
  2.2947324e-002
  2.2911131e-002
  2.2875414e-002
  2.2840169e-002
  2.2794963e-002
  2.2760503e-002
  2.2714184e-002
  2.2680325e-002
  2.2647276e-002
  2.2600357e-002
  2.2568246e-002
  2.2520953e-002
  2.2489942e-002
  2.2442454e-002
  2.2412528e-002
  2.2365194e-002
  2.2336855e-002
  2.2289668e-002
  2.2242338e-002
  2.2195039e-002
  2.2169509e-002
  2.2122858e-002
