  2.1727186e-002
  2.1685144e-002
  2.1658504e-002
  2.1617213e-002
  2.1590256e-002
  2.1550028e-002
  2.1522598e-002
  2.1483420e-002
  2.1455841e-002
  2.1428016e-002
  2.1390447e-002
  2.1362476e-002
  2.1334263e-002
  2.1298591e-002
  2.1270547e-002
  2.1242420e-002
  2.1214057e-002
  2.1185614e-002
  2.1152914e-002
  2.1124944e-002
  2.1097048e-002
  2.1068918e-002
  2.1040864e-002
  2.1012884e-002
  2.0984979e-002
  2.0957147e-002
  2.0929542e-002
  2.0901858e-002
  2.0874548e-002
  2.0847160e-002
  2.0820143e-002
  2.0789908e-002
  2.0762890e-002
  2.0735943e-002
  2.0709363e-002
  2.0683146e-002
  2.0657291e-002
  2.0625027e-002
  2.0599317e-002
  2.0574111e-002
  2.0540938e-002
  2.0516020e-002
  2.0491598e-002
  2.0457824e-002
  2.0433973e-002
  2.0399813e-002
  2.0376385e-002
  2.0353583e-002
  2.0319406e-002
  2.0284774e-002
  2.0263030e-002
  2.0228307e-002
  2.0207389e-002
  2.0172998e-002
  0.0000000e+000
  0.0000000e+000
  0.0000000e+000
  0.0000000e+000
  0.0000000e+000
  0.0000000e+000
  0.0000000e+000
 -2.4997199e-002
 -2.5036619e-002
 -2.5102087e-002
 -2.5167023e-002
 -2.5209402e-002
 -2.5274012e-002
 -2.5318084e-002
 -2.5382363e-002
 -2.5427933e-002
 -2.5474567e-002
 -2.5537840e-002
 -2.5585558e-002
 -2.5634366e-002
 -2.5695924e-002
 -2.5745385e-002
 -2.5795727e-002
 -2.5846730e-002
 -2.5898400e-002
 -2.5950977e-002
 -2.6007982e-002
 -2.6060302e-002
 -2.6113068e-002
 -2.6166050e-002
 -2.6219485e-002
 -2.6273140e-002
 -2.6327015e-002
 -2.6386896e-002
 -2.6442209e-002
 -2.6497755e-002
 -2.6553047e-002
 -2.6608081e-002
 -2.6663098e-002
 -2.6732439e-002
 -2.6787973e-002
 -2.6842742e-002
 -2.6917037e-002
 -2.6972085e-002
 -2.7050140e-002
 -2.7104719e-002
 -2.7185850e-002
 -2.7239695e-002
 -2.7292465e-002
 -2.7376026e-002
 -2.7461931e-002
 -2.7549692e-002
 -2.7600244e-002
 -2.7689161e-002
 -2.7779723e-002
 -2.7871420e-002
 -2.7963996e-002
 -2.8057464e-002
 -2.8151287e-002
 -2.8204356e-002
 -2.8300278e-002
 -2.8396019e-002
 -2.8454785e-002
 -2.8551015e-002
 -2.8646478e-002
 -2.8709716e-002
 -2.8775242e-002
 -2.8871063e-002
 -2.8939361e-002
 -2.9033364e-002
 -2.9103610e-002
 -2.9175966e-002
 -2.9249869e-002
 -2.9340840e-002
 -2.9415885e-002
 -2.9492220e-002
 -2.9569862e-002
 -2.9648525e-002
 -2.9728221e-002
 -2.9808963e-002
 -2.9890457e-002
 -2.9972710e-002
 -3.0055419e-002
 -3.0138272e-002
 -3.0221585e-002
 -3.0304726e-002
 -3.0387686e-002
 -3.0489453e-002
 -3.0574405e-002
 -3.0658857e-002
 -3.0742468e-002
 -3.0855213e-002
 -3.0939240e-002
 -3.1058790e-002
 -3.1142255e-002
 -3.1267452e-002
 -3.1349664e-002
 -3.1479635e-002
 -3.1559520e-002
 -3.1692988e-002
 -3.1830053e-002
 -3.1970439e-002
 -3.2043946e-002
 -3.2184800e-002
 -3.2258219e-002
 -3.2404615e-002
 -3.2552351e-002
 -3.2699963e-002
 -3.2847054e-002
 -3.2993593e-002
 -3.3087842e-002
 -3.3235019e-002
 -3.3334898e-002
 -3.3480797e-002
 -3.3586078e-002
 -3.3694781e-002
 -3.3838308e-002
 -3.3950259e-002
 -3.4065371e-002
 -3.4183296e-002
 -3.4303676e-002
 -3.4439303e-002
 -3.4560261e-002
 -3.4683328e-002
 -3.4807698e-002
 -3.4933391e-002
 -3.5060426e-002
 -3.5187962e-002
 -3.5334617e-002
 -3.5467660e-002
 -3.5599955e-002
 -3.5732359e-002
 -3.5863524e-002
 -3.6037521e-002
 -3.6170497e-002
 -3.6358054e-002
 -3.6491112e-002
 -3.6689975e-002
 -3.6821254e-002
 -3.7029469e-002
 -3.7246322e-002
 -3.7372427e-002
 -3.7594821e-002
 -3.7822870e-002
 -3.8056231e-002
 -3.8292504e-002
 -3.8531230e-002
 -3.8770878e-002
 -3.8918110e-002
 -3.9162637e-002
 -3.9404879e-002
 -3.9569505e-002
 -3.9742102e-002
 -3.9986629e-002
 -4.0168517e-002
 -4.0357733e-002
 -4.0596217e-002
 -4.0791252e-002
 -4.0991682e-002
 -4.1197642e-002
 -4.1408673e-002
 -4.1623094e-002
 -4.1840978e-002
 -4.2061782e-002
 -4.2284944e-002
 -4.2509244e-002
 -4.2734047e-002
 -4.3016506e-002
 -4.3249355e-002
 -4.3480153e-002
 -4.3801326e-002
 -4.4034734e-002
 -4.4384096e-002
 -4.4614812e-002
 -4.4986205e-002
 -4.5376764e-002
 -4.5784418e-002
 -4.6206941e-002
 -4.6641173e-002
 -4.7083701e-002
 -4.7530046e-002
 -4.7977782e-002
 -4.8271285e-002
 -4.8726649e-002
 -4.9049581e-002
 -4.9501998e-002
 -4.9849246e-002
 -5.0211975e-002
 -5.0591651e-002
 -5.1026101e-002
 -5.1415567e-002
 -5.1814813e-002
 -5.2223208e-002
 -5.2684549e-002
 -5.3129561e-002
 -5.3579211e-002
 -5.4029470e-002
 -5.4631751e-002
 -5.5101156e-002
 -5.5562602e-002
 -5.6261833e-002
 -5.7020998e-002
 -5.7484417e-002
 -5.8296434e-002
 -5.9152688e-002
 -6.0046026e-002
 -6.0964401e-002
 -6.1541330e-002
 -6.2516361e-002
 -6.3193189e-002
 -6.3929244e-002
 -6.4953234e-002
 -6.5772336e-002
 -6.6645177e-002
 -6.7568866e-002
 -6.8541776e-002
 -6.9556922e-002
 -7.0604609e-002
 -7.1677424e-002
 -7.2761361e-002
 -7.4294586e-002
 -7.5454503e-002
 -7.7293856e-002
 -7.8462257e-002
 -8.0549974e-002
 -8.2827384e-002
 -8.5256214e-002
 -8.6864685e-002
 -8.9581120e-002
 -9.1633528e-002
 -9.4452671e-002
 -9.6873564e-002
 -9.9530209e-002
 -1.0241079e-001
 -1.0547891e-001
 -1.0979096e-001
 -1.1350048e-001
 -1.1965253e-001
 -1.2740823e-001
 -1.3682197e-001
 -1.4756272e-001
 -1.5652738e-001
 -1.6908775e-001
 -1.8148122e-001
 -2.0095962e-001
 -2.2122510e-001
 -2.6330143e-001
 -3.0261361e-001
 -3.8951819e-001
 -5.3676616e-001
  6.5786704e-001
  5.9915086e-001
  5.1658251e-001
  3.9458873e-001
  3.1471387e-001
  2.7313838e-001
  2.2893860e-001
  2.0797947e-001
  1.8878060e-001
  1.7266666e-001
  1.5991406e-001
  1.5007864e-001
  1.4253172e-001
  1.3289044e-001
  1.2456520e-001
  1.1771556e-001
  1.1223607e-001
  1.0881928e-001
  1.0549024e-001
  1.0231452e-001
  9.9348892e-002
  9.6626196e-002
  9.4158244e-002
  9.1944352e-002
  8.9193133e-002
  8.7384685e-002
  8.4831535e-002
  8.3456027e-002
  8.1225155e-002
  7.9159636e-002
  7.8032285e-002
  7.6178116e-002
  7.4541011e-002
  7.3463854e-002
  7.2102866e-002
  7.1103962e-002
  7.0118806e-002
  6.9159127e-002
  6.8228842e-002
  6.7336157e-002
  6.6485285e-002
  6.5678461e-002
  6.4709003e-002
  6.3966279e-002
  6.3276936e-002
  6.2325515e-002
  6.1723080e-002
  6.0808809e-002
  5.9908908e-002
  5.9034252e-002
  5.8196796e-002
  5.7402506e-002
  5.6657774e-002
  5.6205435e-002
  5.5521586e-002
  5.5068229e-002
  5.4607706e-002
  5.4017148e-002
  5.3575101e-002
  5.3133394e-002
  5.2696061e-002
  5.2264019e-002
  5.1839992e-002
  5.1425606e-002
  5.1024191e-002
  5.0635291e-002
  5.0260238e-002
  4.9901145e-002
  4.9450752e-002
  4.9111573e-002
  4.8790308e-002
  4.8341072e-002
  4.8047521e-002
  4.7604790e-002
  4.7161681e-002
  4.6916781e-002
  4.6494687e-002
  4.6081648e-002
  4.5680286e-002
  4.5292322e-002
  4.5070765e-002
  4.4698667e-002
  4.4469143e-002
  4.4117760e-002
  4.3885477e-002
  4.3561086e-002
  4.3330731e-002
  4.3097648e-002
  4.2862603e-002
  4.2585948e-002
  4.2360835e-002
  4.2136869e-002
  4.1914662e-002
  4.1694800e-002
  4.1478442e-002
  4.1266105e-002
  4.1058286e-002
  4.0854882e-002
  4.0617353e-002
  4.0418874e-002
  4.0227396e-002
  4.0042188e-002
  3.9796429e-002
  3.9621722e-002
  3.9453957e-002
  3.9209508e-002
  3.9054228e-002
  3.8812625e-002
  3.8570393e-002
  3.8435532e-002
  3.8201033e-002
  3.7969893e-002
  3.7742042e-002
  3.7519366e-002
  3.7396632e-002
  3.7178022e-002
  3.6967181e-002
  3.6764358e-002
  3.6635348e-002
  3.6442147e-002
  3.6311735e-002
  3.6130091e-002
  3.6000110e-002
  3.5868387e-002
  3.5735413e-002
  3.5573546e-002
  3.5443627e-002
  3.5314226e-002
  3.5184481e-002
  3.5055265e-002
  3.4926998e-002
  3.4800091e-002
  3.4674107e-002
  3.4549864e-002
  3.4427745e-002
  3.4307307e-002
  3.4189739e-002
  3.4050042e-002
  3.3934236e-002
  3.3821200e-002
  3.3675852e-002
  3.3566490e-002
  3.3460944e-002
  3.3313679e-002
  3.3212780e-002
  3.3064663e-002
  3.2970170e-002
  3.2822719e-002
  3.2734807e-002
  3.2589458e-002
  3.2444668e-002
  3.2300079e-002
  3.2157137e-002
  3.2015815e-002
  3.1877143e-002
  3.1741068e-002
  3.1608233e-002
  3.1479256e-002
  3.1400462e-002
  3.1275212e-002
  3.1194740e-002
  3.1074474e-002
  3.0958789e-002
  3.0877959e-002
  3.0796237e-002
  3.0713314e-002
  3.0606797e-002
  3.0524570e-002
  3.0442143e-002
  3.0359523e-002
  3.0264334e-002
  3.0183941e-002
  3.0103347e-002
  3.0023184e-002
  2.9943138e-002
  2.9863828e-002
  2.9785246e-002
  2.9707078e-002
  2.9629928e-002
  2.9554087e-002
  2.9467501e-002
  2.9391594e-002
  2.9317268e-002
  2.9244208e-002
  2.9172986e-002
  2.9081590e-002
  2.9011743e-002
  2.8943683e-002
  2.8850549e-002
  2.8784966e-002
  2.8690571e-002
  2.8627702e-002
  2.8532927e-002
  2.8437380e-002
  2.8379244e-002
  2.8284447e-002
  2.8189183e-002
  2.8094014e-002
  2.7999216e-002
  2.7950975e-002
  2.7859291e-002
  2.7768476e-002
  2.7678783e-002
  2.7629263e-002
  2.7540469e-002
  2.7453549e-002
  2.7368476e-002
  2.7316186e-002
  2.7233503e-002
  2.7179939e-002
  2.7099606e-002
  2.7045554e-002
  2.6990458e-002
  2.6913750e-002
  2.6858441e-002
  2.6802613e-002
  2.6730681e-002
  2.6675384e-002
  2.6619580e-002
  2.6563521e-002
  2.6498216e-002
  2.6443152e-002
  2.6388317e-002
  2.6333230e-002
  2.6278373e-002
  2.6223744e-002
  2.6169580e-002
  2.6115404e-002
  2.6061687e-002
  2.6008660e-002
  2.5955849e-002
  2.5903949e-002
  2.5852488e-002
  2.5792479e-002
  2.5741461e-002
  2.5691102e-002
  2.5641622e-002
  2.5578965e-002
  2.5530369e-002
  2.5482856e-002
  2.5418738e-002
  2.5372532e-002
  2.5327382e-002
  2.5262719e-002
  2.5219280e-002
  2.5154074e-002
  2.5112755e-002
  2.5047447e-002
  2.4981832e-002
  2.4943446e-002
  2.4878374e-002
  2.4813430e-002
  2.4748400e-002
  2.4683711e-002
  2.4619360e-002
  2.4555554e-002
  2.4525960e-002
  2.4464294e-002
  2.4430169e-002
  2.4368985e-002
  2.4308720e-002
  2.4272989e-002
  2.4213605e-002
  2.4176940e-002
  2.4118629e-002
  2.4062202e-002
  2.4024597e-002
  2.3969802e-002
  2.3931892e-002
  2.3893509e-002
  2.3840687e-002
  2.3802205e-002
  2.3763456e-002
  2.3713543e-002
  2.3674889e-002
  2.3636167e-002
  2.3596994e-002
  2.3557759e-002
  2.3512724e-002
  2.3474151e-002
  2.3435704e-002
  2.3397194e-002
  2.3358621e-002
  2.3320176e-002
  2.3282046e-002
  2.3244039e-002
  2.3206157e-002
  2.3168585e-002
  2.3131319e-002
  2.3094357e-002
  2.3057698e-002
  2.3015656e-002
  2.2979064e-002
  2.2943135e-002
  2.2907499e-002
  2.2872518e-002
  2.2828265e-002
  2.2793704e-002
  2.2759786e-002
  2.2714363e-002
  2.2681215e-002
  2.2648696e-002
  2.2602655e-002
  2.2571066e-002
  2.2524638e-002
  2.2494142e-002
  2.2447682e-002
  2.2418264e-002
  2.2371771e-002
  2.2324781e-002
  2.2297404e-002
  2.2250897e-002
  2.2204414e-002
  2.2157786e-002
  2.2111353e-002
  2.2064947e-002
  2.2042237e-002
  2.2019070e-002
  2.1973385e-002
  2.1952196e-002
  2.1928055e-002
  2.1883409e-002
  2.1839275e-002
  2.1795812e-002
  2.1770047e-002
  2.1727186e-002
