




-0.03921739523299
-0.03552281423303
-0.03182823323307
-0.01956910750655
-0.014671040925883
-0.009772974345216
0.0006103500551206
0.0082835958297953
0.01595684160447
0.02733367365492
0.0429627287627
0.048770078091795
0.05457742742089
0.06622474810237
0.07199860695089
0.07777246579941
0.08889371012726
0.09409828130176
0.09930285247626
0.1085829864156
0.11251224551315
0.1164415046107
0.1227356116338
0.1296962617682
0.13120186709185
0.1327074724155
0.1356273369726
0.1358784421982
0.1361295474238
0.1349117416155
0.1337511638533
0.1325905860911
0.1280790233715
0.123334279881
0.12047035013195
0.1176064203829
0.1097729738547
0.10596072727345
0.1021484806922
0.09456245020736
0.088843933989895
0.08312541777243
0.07585605818883
0.06408554537641
0.05842246357851
0.05275938178061
0.04250101529703
0.038139830749005
0.03377864620098
0.02694152126556
0.025406140382945
0.02387075950033
0.02031410389088
0.01897498467209
0.019104037562245
0.0192330904524
0.02132365998614
0.022514147008985
0.02370463403183
0.02877756383712
0.03090536581613
0.03303316779514
0.04017573125536
0.042983996192975
0.04579226113059
0.05189882796188
0.05987600255488
0.063014595137875
0.06615318772087
0.07233117292207
0.07526804132332
0.07820490972457
0.08351998534747
0.085782003686025
0.08804402202458
0.09162195237725
0.09484350022846
0.095457239025285
0.09607097782211
0.09623934827083
0.09540701472142
0.09457468117201
0.0903051115591
0.08686886503015
0.0834326185012
0.07436377630523
0.06751667075754
0.0614601278608
0.05540358496406
0.04607406076894
0.040894698609985
0.03571533645103
0.02115483277382
0.015377151890069
0.009599471006318
-0.002240365475058
-0.009861551829449
-0.01748273818384
-0.02916096587225
-0.04027788230219
-0.04752019250124
-0.05476250270029
-0.06419025948343
-0.07051779772193
-0.07684533596043
-0.08351402157308
-0.088119937199345
-0.09272585282561
-0.09937152379445
-0.1031727248849
-0.10368317096805
-0.1041936170512
-0.1037279313332
-0.1028405010168
-0.1019530707004
-0.09886790169968
-0.096676918720305
-0.09448593574093
-0.08897769986247
-0.08255855589396
-0.07905109028097
-0.07554362466798
-0.06816959748933
-0.06293225332732
-0.05769490916531
-0.04982997622475
-0.044074590974655
-0.03831920572456
-0.03093976553828
-0.025487533165305
-0.02003530079233
-0.01377017197416
-0.004697625948918
-0.000981034734144
0.00273555648063
0.006326648382766
0.008449570140503
0.01057249189824
0.0126459658262
0.01274315663535
0.0128403474445
0.01143977883038
0.009489487025433
0.0072241332762115
0.00495877952699
0.001155977275333
-0.002331144181161
-0.005818265637655
-0.01090214158503
-0.015132810583015
-0.019363479581
-0.02831350604294
-0.0337758644032
-0.038077908295705
-0.04237995218821
-0.05024056451003
-0.053525281161215
-0.0568099978124
-0.06155631819462
-0.06281981306069
-0.06408330792676
-0.06423015771101
-0.06306182973518
-0.061208689354855
-0.05935554897453
-0.0553705048916
-0.052714788145925
-0.05005907140025
-0.04160719735439
-0.037642718934155
-0.03367824051392
-0.02463821857368
-0.01962081522108
-0.01460341186848
-0.003794031038771
0.007632400192697
0.0144483779730735
0.02126435575345
0.03342742459882
0.039498421941445
0.04556941928407
0.05728767368695
0.064761862443445
0.07223605119994
0.08275123580475
0.0970455543167
0.10097334474645
0.1049011351762
0.116272873153
0.12074964656115
0.1252264199693
0.1294799377239
0.13175473269905
0.1340295276742
0.1357244502749
0.1360866641994
0.13553351790615
0.1349803716129
0.1325227731844
0.13077790259665
0.1290330320089
0.1224209555509
0.1198460007802
0.1172710460095
0.1076302826003
0.102159199764665
0.09668811692903
0.08986524470819
0.07796869828032
0.07401253476826
0.0700563712562
0.05923017341743
0.055460145946635
0.05169011847584
0.04448392087689
0.04066384701955
0.03684377316221
0.03134474956837
0.02673568332486
0.02493904806199
0.02314241279912
0.02062624489097
0.019934747593665
0.01924325029636
0.01901130545083
0.019462125059755
0.01991294466868
0.02190856601087
0.02491631730035
0.0268818784959
0.02884743969145
0.03357198998482
0.03624430382613
0.03891661766744
0.04470245296512
0.04844958392724
0.05219671488936
0.0585850378509
0.061676719299885
0.06476840074887
0.0730128881809
0.07827792997552
0.081853740535
0.08542955109448
0.08882906090761
0.09109517761607
0.09336129432453
0.09500301080607
0.095645720040665
0.09628842927526
0.09516252905941
0.09302452021136
0.09127251236239
0.08952050451342
0.08367089009855
0.080602300844875
0.0775337115912
0.07017658234618
0.06595177831288
0.06172697427958
0.05237396903102
0.04038671313801
0.0347968562316
0.02920699932519
0.01768643071376
0.0118127083167015
0.005938985919643
-0.009053097754079
-0.0149842441338895
-0.0209153905137
-0.03261510730128
-0.04407408245733
-0.049583749743145
-0.05509341702896
-0.06549836506265
-0.07026052554578
-0.07502268602891
-0.08340890856919
-0.086906820901125
-0.09040473323306
-0.09589551994418
-0.097872076880215
-0.09984863381625
-0.103325712057
-0.1042261984937
-0.1038826657763
-0.1035391330589
-0.1002361154146
-0.097468708596525
-0.09470130177845
-0.09014930679553
-0.08601033238721
-0.08187135797889
-0.07517387505264
-0.06760501631865
-0.0634837123516
-0.05936240838455
-0.04984721654203
-0.04564561464574
-0.04144401274945
-0.03310761658485
-0.02907181254069
-0.02503600849653
-0.01739577855707
-0.01034442977694
-0.0071856742489635
-0.004026918720987
0.001681185776966
0.003883656360478
0.00608612694399
0.00942198677719
0.010539326736635
0.01165666669608
0.01274983294629
0.012728442845665
0.01270705274504
0.01154814388083
0.00932336485116
0.0077153272412645
0.006107289631369
0.001997223135763
-0.000453716226166
-0.002904655588095
-0.008467310114661
-0.0114950168405705
-0.01452272356648
-0.02094305385473
-0.02753401360334
-0.03081250768058
-0.03409100175782
-0.04040849488232
-0.043349020505615
-0.04628954612891
-0.05153983876588
-0.05376993049625
-0.05600002222662
-0.05954564816272
-0.0628694945539
-0.06351517928897
-0.06416086402404
-0.06418082712982
-0.063585327119145
-0.06298982710847
-0.05902515437688
-0.05570158458844
-0.0523780148
-0.04313761295165
-0.03733927239686
-0.03154093184207
-0.01801081179933
-0.002831924582018
0.0016978325901845
0.006227589762387
0.02304063725005
0.031696181747655
0.04035172624526
0.05766320408427
0.0659566324701
0.07425006085593
0.0892925689551
0.09796253523422
0.10388661819246
0.1098107011507
0.1170878585725
0.12034239127855
0.1235969239846
0.1289373895624
0.13088157393685
0.1328257583113
0.1351650576717
0.1360886317175
0.13571025253885
0.1353318733602
0.1318615695435
0.1288431016805
0.1258246338175
0.1181113991726
0.11503807302285
0.1119647468731
0.1046472365871
0.09534271628223
0.09128450155481
0.08722628682739
0.07889194863962
0.074738719029685
0.07058548941975
0.06101209588714
0.05705222311783
0.05309235034852
0.0459225834399
0.042733918191925
0.03954525294395
0.0319998015543
0.02755233544817
0.02512876609672
0.02270519674527
0.02053705078795
0.01977555896908
0.01901406715021
0.01914602962725
0.02010133208961
0.02105663455197
0.02324843484699
0.02825595165595
0.03159614059612
0.03493632953629
0.04298680150513
0.04533664827077
0.04768649503641
0.05666456410826
0.06118397100987
0.06570337791148
0.07066129901446
0.07891958385492
0.0822950558981
0.08567052794128
0.08949999365616
0.091112331971915
0.09272467028767
0.0950466838666
0.095636203878465
0.09622572389033
0.09602273757908
0.095177418605465
0.09433209963185
0.09132963802548
0.08717191134265
0.084623187673535
0.08207446400442
0.07290697301782
0.069417269968405
0.06592756691899
0.05311911346206
0.04571778972159
0.03831646598112
0.02202566673053
0.004891836552941
-0.0038121020280495
-0.01251604060904
-0.02965305752969
-0.037769101418145
-0.0458851453066
-0.05452720052121
-0.061631863933125
-0.06873652734504
-0.08046550278393
-0.08719135889291
-0.09019312338439
-0.09319488787587
-0.09896471800129
-0.100525519917995
-0.1020863218347
-0.1038704358589
-0.1040717403972
-0.1042730449355
-0.1033726219979
-0.1018758414423
-0.1003790608867
-0.09686699923319
-0.08988327319108
-0.08734901973986
-0.08481476628864
-0.07503009836237
-0.069486054355265
-0.06394201034816
-0.05226648779515
-0.048775100331505
-0.04528371286786
-0.03347658037331
-0.02246207032783
-0.019149318192485
-0.01583656605714
-0.006667821384692
-0.004037838629032
-0.001407855873372
0.005107824968496
0.0067421766047465
0.008376528240997
0.01166838998828
0.01268654498848
0.01260001378254
0.0125134825766
0.01132726617506
0.009586139413776
0.007845012652492
0.002546561832064
0.000517626143921
-0.001511309544222
-0.009053932382973
-0.01424789730571
-0.01862475419823
-0.02300161109075
-0.03177139669849
-0.03461341711688
-0.03745543753527
-0.0430522894441
-0.046674818212715
-0.05029734698133
-0.05483904329305
-0.056798645275175
-0.0587582472573
-0.06221486587492
-0.06390640810443
-0.064181322090105
-0.06445623607578
-0.06376059128462
-0.062768126907265
-0.06177566252991
-0.05853002626568
-0.056303410356745
-0.05407679444781
-0.04690044671372
