




0.00066384489
-0.001481662705
-0.0036271703
-0.01151341
-0.014194945
-0.01687648
-0.025770706
-0.0301554955
-0.034540285
-0.040212591
-0.044011239
-0.047809887
-0.052618035
-0.056890276
-0.0586521445
-0.060414013
-0.063208757
-0.0637738485
-0.06433894
-0.064257707
-0.0635746795
-0.062891652
-0.060237416
-0.0578579915
-0.055478567
-0.049898331
-0.043219149
-0.038031096
-0.032843043
-0.023915978
-0.0191378655
-0.014359753
2.3359205E-5
0.0054453391025
0.010867319
0.022060014
0.029855775
0.037651536
0.049178528
0.060787727
0.067473054
0.074158381
0.083658064
0.0890217995
0.094385535
0.10419043
0.10846576
0.11274109
0.1197693
0.123659435
0.12754957
0.13129613
0.133193205
0.13509028
0.13610917
0.13535699
0.13430286
0.13324873
0.12866323
0.126212525
0.12376182
0.11774119
0.11358108
0.10942097
0.10136212
0.0973742785
0.093386437
0.081367846
0.073919417
0.0678940655
0.061868714
0.050465565
0.0453919865
0.040318408
0.03193097
0.0287272765
0.025523583
0.022728703
0.021231792
0.019734881
0.018987043
0.019621999
0.0209589375
0.022295876
0.025050021
0.0278367305
0.03062344
0.035212457
0.038948677
0.042684897
0.048567539
0.0525603715
0.056553204
0.062835254
0.069110312
0.072162272
0.075214232
0.080865378
0.083359893
0.085854408
0.089944269
0.091487007
0.093029745
0.095058782
0.09566802
0.096277258
0.095279911
0.091552925
0.0882738435
0.084994762
0.081436579
0.076793706
0.072150833
0.065132379
0.0610142925
0.056896206
0.0436667
0.038498999
0.033331298
0.022228141
0.0072799482
0.0013491706
-0.004581607
-0.019911973
-0.0257752685
-0.031638564
-0.042831158
-0.04802333
-0.053215502
-0.066885986
-0.0732094025
-0.079532819
-0.085964249
-0.09038306
-0.094801871
-0.10082606
-0.10382365
-0.104059865
-0.10429608
-0.10349641
-0.102041095
-0.10058578
-0.096875678
-0.094414133
-0.091952588
-0.086012625
-0.081948026
-0.077883427
-0.070016242
-0.062014952
-0.058037697
-0.054060442
-0.042561397
-0.0387470165
-0.034932636
-0.023730605
-0.020444043
-0.017157481
-0.0075983228
-0.00357677579
0.00044477122
0.0044224929
0.0093682499
0.01077454295
0.012180836
0.012836888
0.012499343
0.012161798
0.010663682
0.00871347855
0.0067632751
0.0033308266
7.30056500000001E-5
-0.0031848153
-0.010902142
-0.016311203
-0.0207591235
-0.025207044
-0.030782877
-0.035196516
-0.039610155
-0.044413313
-0.0481451435
-0.051876974
-0.057964157
-0.0600837565
-0.062203356
-0.064269211
-0.06406752
-0.063397059
-0.062726598
-0.05889086
-0.056883599
-0.054876338
-0.049574284
-0.0453946905
-0.041215097
-0.033389206
-0.028911493
-0.02443378
-0.014508117
-0.0037262668
0.0019885695
0.0077034058
0.021447879
0.0276233925
0.033798906
0.046161617
0.0521605005
0.058159384
0.073584528
0.0790017085
0.084418889
0.099168711
0.1031199555
0.1070712
0.11850422
0.12385647
0.12753889
0.13122131
0.13496922
0.135523105
0.13607699
0.13573076
0.13482569
0.13392062
0.13088146
0.12788678
0.1248921
0.11591299
0.10451549
0.1017288485
0.098942207
0.087157933
0.08335284
0.079547747
0.067990103
0.064038078
0.060086053
0.050322069
0.0468499425
0.043377816
0.036990028
0.031391405
0.0290510295
0.026710654
0.02307763
0.0217658255
0.020454021
0.019181427
0.01910955
0.019037673
0.020007116
0.0210228495
0.022038583
0.025064173
0.028965829
0.031299652
0.033633475
0.039676096
0.042662658
0.04564922
0.051847059
0.054960376
0.058073693
0.064088886
0.0681029885
0.072117091
0.077292638
0.084347686
0.086091448
0.08783521
0.092557193
0.0939986835
0.095440174
0.096191787
0.09596447
0.095737153
0.0941669
0.092251994
0.090337088
0.086111922
0.080612357
0.077234992
0.073857627
0.065962317
0.0615115045
0.057060692
0.047362754
0.0410922215
0.034821689
0.023464074
0.0176446825
0.011825291
-2.4437705E-5
-0.015021094
-0.02092255
-0.026824006
-0.038443751
-0.0440827505
-0.04972175
-0.060516529
-0.0655329155
-0.070549302
-0.079540926
-0.083403838
-0.08726675
-0.093506086
-0.096546723
-0.09958736
-0.1025086
-0.10429204
-0.103577625
-0.10286321
-0.098227861
-0.0946906585
-0.091153456
-0.082674591
-0.079240697
-0.075806803
-0.068016576
-0.0630932325
-0.058169889
-0.049743771
-0.041160686
-0.036920685
-0.032680684
-0.024509103
-0.0206625825
-0.016816062
-0.0097789044
-0.00665506395
-0.0035312235
0.0018438666
0.00403507825
0.0062262899
0.0095393245
0.01173104
0.012253886
0.012776732
0.012666285
0.0120574785
0.011448672
0.0091309397
0.0074844875
0.0058380353
0.0016536747
-0.00082398205
-0.0033016388
-0.0088891888
-0.014954972
-0.0181342035
-0.021313435
-0.027828852
-0.0310466395
-0.034264427
-0.040463519
-0.043745538
-0.047027557
-0.052308144
-0.0545187505
-0.056729357
-0.060190194
-0.062608411
-0.0634758425
-0.064343274
-0.063863301
-0.063086506
-0.062309711
-0.057616964
-0.0538903355
-0.050163707
-0.040107437
-0.0339467395
-0.027786042
-0.013668891
0.0019509251
0.01029559955
0.018640274
0.028061473
0.036654992
0.045248511
0.062143133
0.0701210015
0.07809887
0.08688175
0.093729355
0.10057696
0.10877799
0.11351899
0.11825999
0.12426404
0.12919347
0.131000345
0.13280722
0.13548349
0.13580796
0.13613243
0.13471989
0.13250889
0.13029789
0.12332324
0.119121635
0.11492003
0.10818418
0.1004105
0.0961222535
0.091834007
0.082849925
0.078350287
0.073850649
0.065148173
0.061047592
0.056947011
0.049413384
0.044947838
0.040482292
0.034619123
0.029698992
0.0269498805
0.024200769
0.02152883
0.020412275
0.01929572
0.018968285
0.0195867095
0.020205134
0.022025719
0.024254422
0.026483125
0.032711625
0.036965352
0.0410685205
0.045171689
0.054173362
0.0587937
0.063414038
0.072233368
0.0761276675
0.080021967
0.084468287
0.087187709
0.089907131
0.092910908
0.095082806
0.095634541
0.096186276
0.09605651
0.09534203
0.09462755
0.091953407
0.0893075855
0.086661764
0.081254559
0.078204131
0.075153703
0.064105992
0.050623426
0.0429377305
0.035252035
0.018577563
0.014204889
0.009832215
-0.0075424253
-0.01622671565
-0.024911006
-0.041650091
-0.049361662
-0.057073233
-0.070586274
-0.07436614
-0.078146006
-0.087985323
-0.093660092
-0.0960047805
-0.098349469
-0.10203296
-0.102911635
-0.10379031
-0.10427219
-0.103775655
-0.10327912
-0.10106303
-0.098578681
-0.096094332
-0.091630006
-0.083055185
-0.0778349325
-0.07261468
-0.061019553
-0.055015188
-0.049010823
-0.037177911
-0.0336036905
-0.03002947
-0.019218327
-0.01599882
-0.012779313
-0.004038798
0.00087195053
0.003835431165
0.0067989118
0.0096410384
0.0109561802
0.012271322
0.012858321
0.012451669
0.012045017
0.010484573
0.0084645257
0.0064444784
0.00066384489
