




-0.025773885
-0.022382179
-0.018990473
-0.0093916286
-0.0066085733
-0.003825518
0.0032492554
0.00508500445
0.0069207535
0.010858266
0.011583944
0.012309622
0.012793315
0.0119807785
0.011168242
0.0091196382
0.0043447583
0.002454120205
0.00056348211
-0.0066411888
-0.0107259539
-0.014810719
-0.02026855
-0.0246607645
-0.029052979
-0.034770909
-0.0388315475
-0.042892186
-0.048071537
-0.052891381
-0.055509745
-0.058128109
-0.06120971
-0.062277664
-0.063345618
-0.064383075
-0.0642815265
-0.064179978
-0.062670446
-0.0612580755
-0.059845705
-0.055770036
-0.0531561225
-0.050542209
-0.042253927
-0.034495166
-0.0302380185
-0.025980871
-0.012889059
-0.0077867202
-0.0026843814
0.012448345
0.018081989
0.023715633
0.035309993
0.0430178405
0.050725688
0.06222693
0.073710902
0.0792868525
0.084862803
0.095405786
0.100202678
0.10499957
0.11330726
0.11671879
0.12013032
0.12771183
0.13052353
0.13333523
0.1350694
0.135525505
0.13598161
0.13544247
0.13347777
0.131702725
0.12992768
0.12470873
0.121387805
0.11806688
0.1105157
0.1065455
0.1025753
0.090914753
0.0868263675
0.082737982
0.070039315
0.057540556
0.0518247455
0.046108935
0.036395993
0.034565525
0.032735057
0.028683481
0.0259331225
0.023182764
0.01994913
0.0195143515
0.019079573
0.019454549
0.020128797
0.020803045
0.02455049
0.028018664
0.0312432215
0.034467779
0.039705042
0.0437084075
0.047711773
0.05402339
0.0573424755
0.060661561
0.067457562
0.070801369
0.074145176
0.080416099
0.085950424
0.088182586
0.090414748
0.09362649
0.094587006
0.095547522
0.09621301
0.0957586125
0.095304215
0.091520833
0.088175285
0.084829737
0.075653406
0.0701416075
0.064629809
0.056225781
0.046645935
0.0395252605
0.032404586
0.021226492
0.01537622375
0.0095259555
-0.0056223203
-0.01153409415
-0.017445868
-0.028944721
-0.036315941
-0.043687161
-0.053958781
-0.063145855
-0.069262461
-0.075379067
-0.086197312
-0.0886667315
-0.091136151
-0.098014609
-0.1001803045
-0.102346
-0.10378789
-0.103984015
-0.10418014
-0.10310989
-0.101704015
-0.10029814
-0.096914676
-0.092517811
-0.0898802065
-0.087242602
-0.081274116
-0.077172822
-0.073071528
-0.065710187
-0.0619951165
-0.058280046
-0.047501039
-0.043756382
-0.040011725
-0.028934768
-0.0235960955
-0.018257423
-0.012163684
-0.0033615646
0.0002057187
0.003773002
0.0071752675
0.00912490675
0.011074546
0.012396169
0.012570014
0.012743859
0.010969094
0.0098784944
0.0087878948
0.0039299803
-5.0454286E-5
-0.003639611043
-0.0072287678
-0.012398251
-0.0166576655
-0.02091708
-0.026426267
-0.0307936245
-0.035160982
-0.043554033
-0.047341406
-0.051128779
-0.057391488
-0.0596183155
-0.061845143
-0.0641522
-0.06419918
-0.063613105
-0.06302703
-0.059421849
-0.0574917405
-0.055561632
-0.050426736
-0.0463252095
-0.042223683
-0.034538353
-0.0301251215
-0.02571189
-0.015867798
-0.0036245777
0.0020926837
0.0078099451
0.019834832
0.025981246
0.03212766
0.044421149
0.05214124
0.059861331
0.071819573
0.0772689685
0.082718364
0.097573364
0.101624727
0.10567609
0.1173823
0.12639271
0.12850545
0.13061819
0.13472122
0.135370955
0.13602069
0.13583432
0.134977925
0.13412153
0.13111189
0.12811116
0.12511043
0.11987442
0.11009426
0.1043965065
0.098698753
0.086747572
0.0828887925
0.079030013
0.067380438
0.0634029195
0.059425401
0.051598324
0.04715869
0.042719056
0.036389975
0.0336210025
0.03085203
0.02627883
0.022752281
0.02155373
0.020355179
0.019130975
0.0191071805
0.019083386
0.02019351
0.021302679
0.022411848
0.02567189
0.0277619335
0.029851977
0.03483587
0.040444497
0.0434679305
0.046491364
0.052741576
0.0568422005
0.060942825
0.067234503
0.0701236955
0.073012888
0.080838764
0.084311765
0.087784766
0.090799695
0.0927304735
0.094661252
0.096249935
0.096045509
0.0949436375
0.093841766
0.090852329
0.0886449035
0.086437478
0.080554509
0.076908121
0.073261733
0.064727064
0.059957114
0.055187164
0.044880624
0.033969694
0.028307151
0.022644608
0.0080048405
0.0020399276
-0.0039249853
-0.015834215
-0.0217635715
-0.027692928
-0.041397017
-0.046758994
-0.052120971
-0.062252666
-0.066924587
-0.071596508
-0.079928719
-0.087102062
-0.090654409
-0.094206756
-0.098735383
-0.1002567965
-0.10177821
-0.10409042
-0.1039272
-0.10376398
-0.10059205
-0.0977701595
-0.094948269
-0.087607981
-0.081684469
-0.0771534545
-0.07262244
-0.065136486
-0.0611055735
-0.057074661
-0.048657174
-0.0443815595
-0.040105945
-0.031704333
-0.027642276
-0.023580219
-0.015997794
-0.012518924
-0.009040054
-0.0028686829
0.0023830341
0.0045163341
0.0066496341
0.0098398069
0.01087437745
0.011908948
0.012822427
0.012701766
0.012581105
0.011216361
0.0100006567
0.0087849524
0.0053789267
0.00323691825
0.0010949098
-0.0039442575
-0.009597855
-0.0126445855
-0.015691316
-0.022075075
-0.0253154
-0.028555725
-0.03497565
-0.0380393445
-0.041103039
-0.046777108
-0.049299889
-0.05182267
-0.057089373
-0.06042914
-0.0615928085
-0.062756477
-0.064373224
-0.0643323305
-0.064291437
-0.062208179
-0.059848085
-0.057487991
-0.050052905
-0.045044676
-0.040036447
-0.027814262
-0.020757556
-0.01370085
0.0018814022
0.018603748
0.027340917
0.036078086
0.053870138
0.0581143545
0.062358571
0.071274755
0.079317825
0.087360895
0.10116977
0.10530232
0.10943487
0.117282
0.1242467
0.12703978
0.12983286
0.13366283
0.134667435
0.13567204
0.13582233
0.135103005
0.13438368
0.1296533
0.126068365
0.12248343
0.1167178
0.111967065
0.10721633
0.099395592
0.090872509
0.0864218815
0.081971254
0.073077516
0.0687736875
0.064469859
0.056371967
0.05161185
0.046851733
0.040128933
0.0372280745
0.034327216
0.027657662
0.024056601
0.0222712185
0.020485836
0.019267237
0.0192293515
0.019191466
0.020250469
0.0219148495
0.02357923
0.028864941
0.030818318
0.032771695
0.040503062
0.0449240725
0.049345083
0.05882758
0.068251531
0.072585897
0.076920263
0.081853977
0.085076921
0.088299865
0.09186786
0.093217557
0.094567254
0.096068015
0.0960955485
0.096123082
0.09462755
0.091641499
0.0895243695
0.08740724
0.079469374
0.076060164
0.072650954
0.060329179
0.056270699
0.052212219
0.0370091
0.02872925
0.0204494
0.0031893934
-0.0055151118
-0.014219617
-0.03112533
-0.047031075
-0.054206926
-0.061382777
-0.069216783
-0.0748769945
-0.080537206
-0.087026336
-0.090691091
-0.094355846
-0.098570395
-0.1001431075
-0.10171582
-0.10365114
-0.1043014
-0.10400959
-0.10371778
-0.10128845
-0.099726437
-0.098164424
-0.091909057
-0.087593667
-0.083278277
-0.072731016
-0.0668752845
-0.061019553
-0.048907322
-0.042953356
-0.03699939
-0.025773885
