




-0.039791215625
-0.03182823323307
-0.02543251199347
-0.01956910750655
-0.009772974345216
0.0006103500551206
0.00493507678648
0.01595684160447
0.02733367365492
0.03780020446313
0.0429627287627
0.05457742742089
0.06622474810237
0.07777246579941
0.08889371012726
0.09930285247626
0.1085829864156
0.1164415046107
0.1227356116338
0.1296962617682
0.1327074724155
0.1344271116428
0.1350272243077
0.1356273369726
0.1361295474238
0.135970858621
0.1349117416155
0.1325905860911
0.129649225665
0.1280790233715
0.123334279881
0.1176064203829
0.1112295624931
0.1097729738547
0.1021484806922
0.09456245020736
0.08757641970051
0.08312541777243
0.07585605818883
0.07083322175657
0.06408554537641
0.05838701477724
0.05275938178061
0.04747742402828
0.04250101529703
0.0375305731307
0.03377864620098
0.0296505033175
0.02694152126556
0.02387075950033
0.02216816212832
0.02031410389088
0.01923440745957
0.01897498467209
0.0192330904524
0.02001938550011
0.02132365998614
0.02370463403183
0.02544823383512
0.02877756383712
0.03303316779514
0.0361162149435
0.04017573125536
0.04579226113059
0.05189882796188
0.05417988384968
0.05987600255488
0.06615318772087
0.07233117292207
0.07526804132332
0.07820490972457
0.08351998534747
0.08804402202458
0.09162195237725
0.09416613703039
0.09484350022846
0.09607097782211
0.09623934827083
0.09587599278453
0.09457468117201
0.09291138922451
0.0903051115591
0.08694353936385
0.0834326185012
0.07826778266195
0.07436377630523
0.06751667075754
0.05939095513557
0.05540358496406
0.04607406076894
0.03571533645103
0.02946251387991
0.02115483277382
0.009599471006318
-0.002240365475058
-0.01404690813326
-0.01748273818384
-0.02916096587225
-0.04027788230219
-0.05063514420322
-0.05476250270029
-0.06419025948343
-0.07240461728817
-0.07684533596043
-0.08351402157308
-0.0878912416079
-0.09272585282561
-0.09648179234664
-0.09937152379445
-0.1019582139457
-0.1031727248849
-0.1041936170512
-0.1041748195863
-0.1037279313332
-0.1019530707004
-0.10041048620004
-0.09886790169968
-0.09448593574093
-0.08897769986247
-0.08255855589396
-0.07554362466798
-0.06816959748933
-0.06462673029503
-0.05769490916531
-0.04982997622475
-0.04266463117772
-0.03831920572456
-0.03093976553828
-0.02526016483934
-0.02003530079233
-0.01377017197416
-0.01006771723927
-0.004697625948918
2.13970336806E-5
0.00273555648063
0.006326648382766
0.008234329507573
0.01057249189824
0.01211477185247
0.0126459658262
0.0128403474445
0.01237113929721
0.01143977883038
0.009489487025433
0.007977022379866
0.00495877952699
0.001155977275333
-0.001136633387319
-0.005818265637655
-0.01090214158503
-0.01386174613736
-0.019363479581
-0.02491219023952
-0.02831350604294
-0.0337758644032
-0.03732966686719
-0.04237995218821
-0.04688856675564
-0.05024056451003
-0.05386720404758
-0.0568099978124
-0.0593621461106
-0.06045923215261
-0.06155631819462
-0.06295987722727
-0.06408330792676
-0.06445432470797
-0.06423015771101
-0.06306182973518
-0.06124351342925
-0.05935554897453
-0.0553705048916
-0.05005907140025
-0.04666933189881
-0.04160719735439
-0.03367824051392
-0.02463821857368
-0.01460341186848
-0.003794031038771
0.007632400192697
0.009269631834641
0.02126435575345
0.03342742459882
0.04556941928407
0.05728767368695
0.06712196155823
0.07223605119994
0.08275123580475
0.09201975314857
0.0970455543167
0.1049011351762
0.1103742301298
0.116272873153
0.1215430423459
0.1252264199693
0.1294799377239
0.1312886749194
0.1340295276742
0.1357244502749
0.1360866641994
0.1349803716129
0.1325227731844
0.1290330320089
0.1254037450018
0.1224209555509
0.1172710460095
0.1131748443839
0.1076302826003
0.10477843030875
0.1019265780172
0.09668811692903
0.08986524470819
0.08535985872063
0.07796869828032
0.0700563712562
0.06687336788213
0.05923017341743
0.05169011847584
0.04448392087689
0.04005724106408
0.03684377316221
0.03134474956837
0.02673568332486
0.02314241279912
0.02062624489097
0.01924325029636
0.01901130545083
0.01991294466868
0.02190856601087
0.02491631730035
0.02884743969145
0.03357198998482
0.03891661766744
0.04470245296512
0.04972243520261
0.05219671488936
0.0585850378509
0.06476840074887
0.07050588935467
0.0730128881809
0.07827792997552
0.08272704275838
0.08542955109448
0.08882906090761
0.09124013227014
0.09336129432453
0.09500301080607
0.0958500665413
0.09628842927526
0.09586554781032
0.09516252905941
0.09302452021136
0.08952050451342
0.08562184764083
0.08367089009855
0.080602300844875
0.0775337115912
0.07017658234618
0.06172697427958
0.05237396903102
0.04908642400682
0.04038671313801
0.02920699932519
0.01768643071376
0.005938985919643
-0.004817006152837
-0.009053097754079
-0.0209153905137
-0.03261510730128
-0.04407408245733
-0.05509341702896
-0.06549836506265
-0.07502268602891
-0.08340890856919
-0.09040473323306
-0.09589551994418
-0.09984863381625
-0.1018345093263
-0.103325712057
-0.1042261984937
-0.10425163385
-0.1035391330589
-0.1021576291514
-0.1002361154146
-0.09721903452793
-0.09470130177845
-0.09014930679553
-0.08440675407544
-0.08187135797889
-0.07517387505264
-0.06760501631865
-0.05936240838455
-0.05098449415314
-0.04984721654203
-0.04144401274945
-0.03310761658485
-0.02503600849653
-0.01739577855707
-0.01034442977694
-0.004026918720987
-0.001165914010806
0.001681185776966
0.003883656360478
0.00608612694399
0.00942198677719
0.01165666669608
0.01274983294629
0.01270705274504
0.01154814388083
0.00932336485116
0.006107289631369
0.001997223135763
-0.002904655588095
-0.008467310114661
-0.01452272356648
-0.02094305385473
-0.02753401360334
-0.03409100175782
-0.04040849488232
-0.04628954612891
-0.05153983876588
-0.05600002222662
-0.05954564816272
-0.06050138990207
-0.0628694945539
-0.06416086402404
-0.06445660610743
-0.06418082712982
-0.06298982710847
-0.06168128584502
-0.05902515437688
-0.05613240145741
-0.0523780148
-0.04800829683036
-0.04313761295165
-0.03778991734421
-0.03154093184207
-0.02433628281147
-0.01801081179933
-0.009685540505369
-0.002831924582018
0.006227589762387
0.01359037563002
0.02304063725005
0.03095239093046
0.04035172624526
0.04909247971103
0.05766320408427
0.061955798991165
0.06624839389806
0.07425006085593
0.08328720518923
0.0892925689551
0.09796253523422
0.1047756715053
0.1098107011507
0.1170878585725
0.1235969239846
0.1289373895624
0.1328257583113
0.1351650576717
0.1360886317175
0.1361123865395
0.1353318733602
0.1337613367824
0.1318615695435
0.1293318464541
0.1258246338175
0.1215163010778
0.1181113991726
0.1119647468731
0.1046472365871
0.1008671711975
0.09534271628223
0.08722628682739
0.07889194863962
0.07058548941975
0.0651733339077
0.06101209588714
0.05309235034852
0.0459225834399
0.03954525294395
0.0371122904792
0.0319998015543
0.02755233544817
0.0245162485103
0.02270519674527
0.02053705078795
0.01937687820722
0.01901406715021
0.01914602962725
0.01982034816621
0.02105663455197
0.02324843484699
0.02498300117766
0.026619476416805
0.02825595165595
0.03195473819195
0.03493632953629
0.03930097284808
0.04298680150513
0.04768649503641
0.05200887461198
0.05666456410826
0.06145918254695
0.06570337791148
0.07066129901446
0.07413919511113
0.07891958385492
0.0836338893156
0.08567052794128
0.08949999365616
0.09272467028767
0.0950466838666
0.09550515491763
0.09622572389033
0.09602273757908
0.09464637795721
0.09433209963185
0.09132963802548
0.08717191134265
0.08207446400442
0.07916930069086
0.07290697301782
0.06592756691899
0.0609985385068
0.05311911346206
0.04668820394833
0.03831646598112
0.02992641433045
0.02202566673053
0.01338548714162
0.004891836552941
-0.003900207878998
-0.01251604060904
-0.02140425280247
-0.02965305752969
-0.0385252963602
-0.0458851453066
-0.05452720052121
-0.06064942746753
-0.064692977406285
-0.06873652734504
-0.07606909541263
-0.08046550278393
-0.08719135889291
-0.09319488787587
-0.09468737836962
-0.09896471800129
-0.1020863218347
-0.1038704358589
-0.1042730449355
-0.1033726219979
-0.1022975415812
-0.1003790608867
-0.09686699923319
-0.09273012145192
-0.08988327319108
-0.08481476628864
-0.08056546947507
-0.07503009836237
-0.06949925675559
-0.06394201034816
-0.05747413565683
-0.05226648779515
-0.04528371286786
-0.04056016395855
-0.03347658037331
-0.02635404304179
-0.02246207032783
-0.01583656605714
-0.009631696574365
-0.006667821384692
-0.001407855873372
0.003096446875319
0.005107824968496
0.008376528240997
0.01065929410375
0.01166838998828
0.01268654498848
0.0128624260121
0.0125134825766
0.01132726617506
0.01025366775974
0.007845012652492
0.004759008389927
0.002546561832064
-0.001511309544222
-0.0033366513258925
-0.005161993107563
-0.009053932382973
-0.01424789730571
-0.0174502199678
-0.02300161109075
-0.02875859963508
-0.03177139669849
-0.03745543753527
-0.0430522894441
-0.0452900685405
-0.05029734698133
-0.05483904329305
-0.0587582472573
-0.05968699216032
-0.06221486587492
-0.06390640810443
-0.06445623607578
-0.06376059128462
-0.06177566252991
-0.05853002626568
-0.05407679444781
-0.05230427383162
-0.04690044671372
