-3.921739523299e-002
-3.182823323307e-002
-1.956910750655e-002
-9.772974345216e-003
6.103500551206e-004
1.595684160447e-002
2.733367365492e-002
4.296272876270e-002
5.457742742089e-002
6.622474810237e-002
7.777246579941e-002
8.889371012726e-002
9.930285247626e-002
1.085829864156e-001
1.164415046107e-001
1.227356116338e-001
1.296962617682e-001
1.327074724155e-001
1.356273369726e-001
1.361295474238e-001
1.349117416155e-001
1.325905860911e-001
1.280790233715e-001
1.233342798810e-001
1.176064203829e-001
1.097729738547e-001
1.021484806922e-001
9.456245020736e-002
8.312541777243e-002
7.585605818883e-002
6.408554537641e-002
5.275938178061e-002
4.250101529703e-002
3.377864620098e-002
2.694152126556e-002
2.387075950033e-002
2.031410389088e-002
1.897498467209e-002
1.923309045240e-002
2.132365998614e-002
2.370463403183e-002
2.877756383712e-002
3.303316779514e-002
4.017573125536e-002
4.579226113059e-002
5.189882796188e-002
5.987600255488e-002
6.615318772087e-002
7.233117292207e-002
7.820490972457e-002
8.351998534747e-002
8.804402202458e-002
9.162195237725e-002
9.484350022846e-002
9.607097782211e-002
9.623934827083e-002
9.457468117201e-002
9.030511155910e-002
8.343261850120e-002
7.436377630523e-002
6.751667075754e-002
5.540358496406e-002
4.607406076894e-002
3.571533645103e-002
2.115483277382e-002
9.599471006318e-003
-2.240365475058e-003
-1.748273818384e-002
-2.916096587225e-002
-4.027788230219e-002
-5.476250270029e-002
-6.419025948343e-002
-7.684533596043e-002
-8.351402157308e-002
-9.272585282561e-002
-9.937152379445e-002
-1.031727248849e-001
-1.041936170512e-001
-1.037279313332e-001
-1.019530707004e-001
-9.886790169968e-002
-9.448593574093e-002
-8.897769986247e-002
-8.255855589396e-002
-7.554362466798e-002
-6.816959748933e-002
-5.769490916531e-002
-4.982997622475e-002
-3.831920572456e-002
-3.093976553828e-002
-2.003530079233e-002
-1.377017197416e-002
-4.697625948918e-003
2.735556480630e-003
6.326648382766e-003
1.057249189824e-002
1.264596582620e-002
1.284034744450e-002
1.143977883038e-002
9.489487025433e-003
4.958779526990e-003
1.155977275333e-003
-5.818265637655e-003
-1.090214158503e-002
-1.936347958100e-002
-2.831350604294e-002
-3.377586440320e-002
-4.237995218821e-002
-5.024056451003e-002
-5.680999781240e-002
-6.155631819462e-002
-6.408330792676e-002
-6.423015771101e-002
-6.306182973518e-002
-5.935554897453e-002
-5.537050489160e-002
-5.005907140025e-002
-4.160719735439e-002
-3.367824051392e-002
-2.463821857368e-002
-1.460341186848e-002
-3.794031038771e-003
7.632400192697e-003
2.126435575345e-002
3.342742459882e-002
4.556941928407e-002
5.728767368695e-002
7.223605119994e-002
8.275123580475e-002
9.704555431670e-002
1.049011351762e-001
1.162728731530e-001
1.252264199693e-001
1.294799377239e-001
1.340295276742e-001
1.357244502749e-001
1.360866641994e-001
1.349803716129e-001
1.325227731844e-001
1.290330320089e-001
1.224209555509e-001
1.172710460095e-001
1.076302826003e-001
9.668811692903e-002
8.986524470819e-002
7.796869828032e-002
7.005637125620e-002
5.923017341743e-002
5.169011847584e-002
4.448392087689e-002
3.684377316221e-002
3.134474956837e-002
2.673568332486e-002
2.314241279912e-002
2.062624489097e-002
1.924325029636e-002
1.901130545083e-002
1.991294466868e-002
2.190856601087e-002
2.491631730035e-002
2.884743969145e-002
3.357198998482e-002
3.891661766744e-002
4.470245296512e-002
5.219671488936e-002
5.858503785090e-002
6.476840074887e-002
7.301288818090e-002
7.827792997552e-002
8.542955109448e-002
8.882906090761e-002
9.336129432453e-002
9.500301080607e-002
9.628842927526e-002
9.516252905941e-002
9.302452021136e-002
8.952050451342e-002
8.367089009855e-002
7.753371159120e-002
7.017658234618e-002
6.172697427958e-002
5.237396903102e-002
4.038671313801e-002
2.920699932519e-002
1.768643071376e-002
5.938985919643e-003
-9.053097754079e-003
-2.091539051370e-002
-3.261510730128e-002
-4.407408245733e-002
-5.509341702896e-002
-6.549836506265e-002
-7.502268602891e-002
-8.340890856919e-002
-9.040473323306e-002
-9.589551994418e-002
-9.984863381625e-002
-1.033257120570e-001
-1.042261984937e-001
-1.035391330589e-001
-1.002361154146e-001
-9.470130177845e-002
-9.014930679553e-002
-8.187135797889e-002
-7.517387505264e-002
-6.760501631865e-002
-5.936240838455e-002
-4.984721654203e-002
-4.144401274945e-002
-3.310761658485e-002
-2.503600849653e-002
-1.739577855707e-002
-1.034442977694e-002
-4.026918720987e-003
1.681185776966e-003
6.086126943990e-003
9.421986777190e-003
1.165666669608e-002
1.274983294629e-002
1.270705274504e-002
1.154814388083e-002
9.323364851160e-003
6.107289631369e-003
1.997223135763e-003
-2.904655588095e-003
-8.467310114661e-003
-1.452272356648e-002
-2.094305385473e-002
-2.753401360334e-002
-3.409100175782e-002
-4.040849488232e-002
-4.628954612891e-002
-5.153983876588e-002
-5.600002222662e-002
-5.954564816272e-002
-6.286949455390e-002
-6.416086402404e-002
-6.418082712982e-002
-6.298982710847e-002
-5.902515437688e-002
-5.237801480000e-002
-4.313761295165e-002
-3.154093184207e-002
-1.801081179933e-002
-2.831924582018e-003
6.227589762387e-003
2.304063725005e-002
4.035172624526e-002
5.766320408427e-002
7.425006085593e-002
8.929256895510e-002
9.796253523422e-002
1.098107011507e-001
1.170878585725e-001
1.235969239846e-001
1.289373895624e-001
1.328257583113e-001
1.351650576717e-001
1.360886317175e-001
1.353318733602e-001
1.318615695435e-001
1.258246338175e-001
1.181113991726e-001
1.119647468731e-001
1.046472365871e-001
9.534271628223e-002
8.722628682739e-002
7.889194863962e-002
7.058548941975e-002
6.101209588714e-002
5.309235034852e-002
4.592258343990e-002
3.954525294395e-002
3.199980155430e-002
2.755233544817e-002
2.270519674527e-002
2.053705078795e-002
1.901406715021e-002
1.914602962725e-002
2.105663455197e-002
2.324843484699e-002
2.825595165595e-002
3.493632953629e-002
4.298680150513e-002
4.768649503641e-002
5.666456410826e-002
6.570337791148e-002
7.066129901446e-002
7.891958385492e-002
8.567052794128e-002
8.949999365616e-002
9.272467028767e-002
9.504668386660e-002
9.622572389033e-002
9.602273757908e-002
9.433209963185e-002
9.132963802548e-002
8.717191134265e-002
8.207446400442e-002
7.290697301782e-002
6.592756691899e-002
5.311911346206e-002
3.831646598112e-002
2.202566673053e-002
4.891836552941e-003
-1.251604060904e-002
-2.965305752969e-002
-4.588514530660e-002
-5.452720052121e-002
-6.873652734504e-002
-8.046550278393e-002
-8.719135889291e-002
-9.319488787587e-002
-9.896471800129e-002
-1.020863218347e-001
-1.038704358589e-001
-1.042730449355e-001
-1.033726219979e-001
-1.003790608867e-001
-9.686699923319e-002
-8.988327319108e-002
-8.481476628864e-002
-7.503009836237e-002
-6.394201034816e-002
-5.226648779515e-002
-4.528371286786e-002
-3.347658037331e-002
-2.246207032783e-002
-1.583656605714e-002
-6.667821384692e-003
-1.407855873372e-003
5.107824968496e-003
8.376528240997e-003
1.166838998828e-002
1.268654498848e-002
1.251348257660e-002
1.132726617506e-002
7.845012652492e-003
2.546561832064e-003
-1.511309544222e-003
-9.053932382973e-003
-1.424789730571e-002
-2.300161109075e-002
-3.177139669849e-002
-3.745543753527e-002
-4.305228944410e-002
-5.029734698133e-002
-5.483904329305e-002
-5.875824725730e-002
-6.221486587492e-002
-6.390640810443e-002
-6.445623607578e-002
-6.376059128462e-002
-6.177566252991e-002
-5.853002626568e-002
-5.407679444781e-002
-4.690044671372e-002
