 -2.5773885e-002
 -1.8990473e-002
 -9.3916286e-003
 -3.8255180e-003
  3.2492554e-003
  6.9207535e-003
  1.0858266e-002
  1.2309622e-002
  1.2793315e-002
  1.1168242e-002
  9.1196382e-003
  4.3447583e-003
  5.6348211e-004
 -6.6411888e-003
 -1.4810719e-002
 -2.0268550e-002
 -2.9052979e-002
 -3.4770909e-002
 -4.2892186e-002
 -4.8071537e-002
 -5.2891381e-002
 -5.8128109e-002
 -6.1209710e-002
 -6.3345618e-002
 -6.4383075e-002
 -6.4179978e-002
 -6.2670446e-002
 -5.9845705e-002
 -5.5770036e-002
 -5.0542209e-002
 -4.2253927e-002
 -3.4495166e-002
 -2.5980871e-002
 -1.2889059e-002
 -2.6843814e-003
  1.2448345e-002
  2.3715633e-002
  3.5309993e-002
  5.0725688e-002
  6.2226930e-002
  7.3710902e-002
  8.4862803e-002
  9.5405786e-002
  1.0499957e-001
  1.1330726e-001
  1.2013032e-001
  1.2771183e-001
  1.3333523e-001
  1.3506940e-001
  1.3598161e-001
  1.3544247e-001
  1.3347777e-001
  1.2992768e-001
  1.2470873e-001
  1.1806688e-001
  1.1051570e-001
  1.0257530e-001
  9.0914753e-002
  8.2737982e-002
  7.0039315e-002
  5.7540556e-002
  4.6108935e-002
  3.6395993e-002
  3.2735057e-002
  2.8683481e-002
  2.3182764e-002
  1.9949130e-002
  1.9079573e-002
  1.9454549e-002
  2.0803045e-002
  2.4550490e-002
  2.8018664e-002
  3.4467779e-002
  3.9705042e-002
  4.7711773e-002
  5.4023390e-002
  6.0661561e-002
  6.7457562e-002
  7.4145176e-002
  8.0416099e-002
  8.5950424e-002
  9.0414748e-002
  9.3626490e-002
  9.5547522e-002
  9.6213010e-002
  9.5304215e-002
  9.1520833e-002
  8.4829737e-002
  7.5653406e-002
  6.4629809e-002
  5.6225781e-002
  4.6645935e-002
  3.2404586e-002
  2.1226492e-002
  9.5259555e-003
 -5.6223203e-003
 -1.7445868e-002
 -2.8944721e-002
 -4.3687161e-002
 -5.3958781e-002
 -6.3145855e-002
 -7.5379067e-002
 -8.6197312e-002
 -9.1136151e-002
 -9.8014609e-002
 -1.0234600e-001
 -1.0378789e-001
 -1.0418014e-001
 -1.0310989e-001
 -1.0029814e-001
 -9.6914676e-002
 -9.2517811e-002
 -8.7242602e-002
 -8.1274116e-002
 -7.3071528e-002
 -6.5710187e-002
 -5.8280046e-002
 -4.7501039e-002
 -4.0011725e-002
 -2.8934768e-002
 -1.8257423e-002
 -1.2163684e-002
 -3.3615646e-003
  3.7730020e-003
  7.1752675e-003
  1.1074546e-002
  1.2396169e-002
  1.2743859e-002
  1.0969094e-002
  8.7878948e-003
  3.9299803e-003
 -5.0454286e-005
 -7.2287678e-003
 -1.2398251e-002
 -2.0917080e-002
 -2.6426267e-002
 -3.5160982e-002
 -4.3554033e-002
 -5.1128779e-002
 -5.7391488e-002
 -6.1845143e-002
 -6.4152200e-002
 -6.4199180e-002
 -6.3027030e-002
 -5.9421849e-002
 -5.5561632e-002
 -5.0426736e-002
 -4.2223683e-002
 -3.4538353e-002
 -2.5711890e-002
 -1.5867798e-002
 -3.6245777e-003
  7.8099451e-003
  1.9834832e-002
  3.2127660e-002
  4.4421149e-002
  5.9861331e-002
  7.1819573e-002
  8.2718364e-002
  9.7573364e-002
  1.0567609e-001
  1.1738230e-001
  1.2639271e-001
  1.3061819e-001
  1.3472122e-001
  1.3602069e-001
  1.3583432e-001
  1.3412153e-001
  1.3111189e-001
  1.2511043e-001
  1.1987442e-001
  1.1009426e-001
  9.8698753e-002
  8.6747572e-002
  7.9030013e-002
  6.7380438e-002
  5.9425401e-002
  5.1598324e-002
  4.2719056e-002
  3.6389975e-002
  3.0852030e-002
  2.6278830e-002
  2.2752281e-002
  2.0355179e-002
  1.9130975e-002
  1.9083386e-002
  2.0193510e-002
  2.2411848e-002
  2.5671890e-002
  2.9851977e-002
  3.4835870e-002
  4.0444497e-002
  4.6491364e-002
  5.2741576e-002
  6.0942825e-002
  6.7234503e-002
  7.3012888e-002
  8.0838764e-002
  8.7784766e-002
  9.0799695e-002
  9.4661252e-002
  9.6249935e-002
  9.6045509e-002
  9.3841766e-002
  9.0852329e-002
  8.6437478e-002
  8.0554509e-002
  7.3261733e-002
  6.4727064e-002
  5.5187164e-002
  4.4880624e-002
  3.3969694e-002
  2.2644608e-002
  8.0048405e-003
 -3.9249853e-003
 -1.5834215e-002
 -2.7692928e-002
 -4.1397017e-002
 -5.2120971e-002
 -6.2252666e-002
 -7.1596508e-002
 -7.9928719e-002
 -8.7102062e-002
 -9.4206756e-002
 -9.8735383e-002
 -1.0177821e-001
 -1.0409042e-001
 -1.0376398e-001
 -1.0059205e-001
 -9.4948269e-002
 -8.7607981e-002
 -8.1684469e-002
 -7.2622440e-002
 -6.5136486e-002
 -5.7074661e-002
 -4.8657174e-002
 -4.0105945e-002
 -3.1704333e-002
 -2.3580219e-002
 -1.5997794e-002
 -9.0400540e-003
 -2.8686829e-003
  2.3830341e-003
  6.6496341e-003
  9.8398069e-003
  1.1908948e-002
  1.2822427e-002
  1.2581105e-002
  1.1216361e-002
  8.7849524e-003
  5.3789267e-003
  1.0949098e-003
 -3.9442575e-003
 -9.5978550e-003
 -1.5691316e-002
 -2.2075075e-002
 -2.8555725e-002
 -3.4975650e-002
 -4.1103039e-002
 -4.6777108e-002
 -5.1822670e-002
 -5.7089373e-002
 -6.0429140e-002
 -6.2756477e-002
 -6.4373224e-002
 -6.4291437e-002
 -6.2208179e-002
 -5.7487991e-002
 -5.0052905e-002
 -4.0036447e-002
 -2.7814262e-002
 -1.3700850e-002
  1.8814022e-003
  1.8603748e-002
  3.6078086e-002
  5.3870138e-002
  6.2358571e-002
  7.1274755e-002
  8.7360895e-002
  1.0116977e-001
  1.0943487e-001
  1.1728200e-001
  1.2424670e-001
  1.2983286e-001
  1.3366283e-001
  1.3567204e-001
  1.3582233e-001
  1.3438368e-001
  1.2965330e-001
  1.2248343e-001
  1.1671780e-001
  1.0721633e-001
  9.9395592e-002
  9.0872509e-002
  8.1971254e-002
  7.3077516e-002
  6.4469859e-002
  5.6371967e-002
  4.6851733e-002
  4.0128933e-002
  3.4327216e-002
  2.7657662e-002
  2.4056601e-002
  2.0485836e-002
  1.9267237e-002
  1.9191466e-002
  2.0250469e-002
  2.3579230e-002
  2.8864941e-002
  3.2771695e-002
  4.0503062e-002
  4.9345083e-002
  5.8827580e-002
  6.8251531e-002
  7.6920263e-002
  8.1853977e-002
  8.8299865e-002
  9.1867860e-002
  9.4567254e-002
  9.6068015e-002
  9.6123082e-002
  9.4627550e-002
  9.1641499e-002
  8.7407240e-002
  7.9469374e-002
  7.2650954e-002
  6.0329179e-002
  5.2212219e-002
  3.7009100e-002
  2.0449400e-002
  3.1893934e-003
 -1.4219617e-002
 -3.1125330e-002
 -4.7031075e-002
 -6.1382777e-002
 -6.9216783e-002
 -8.0537206e-002
 -8.7026336e-002
 -9.4355846e-002
 -9.8570395e-002
 -1.0171582e-001
 -1.0365114e-001
 -1.0430140e-001
 -1.0371778e-001
 -1.0128845e-001
 -9.8164424e-002
 -9.1909057e-002
 -8.3278277e-002
 -7.2731016e-002
 -6.1019553e-002
 -4.8907322e-002
 -3.6999390e-002
 -2.5773885e-002
