  6.6384489e-004
 -3.6271703e-003
 -1.1513410e-002
 -1.6876480e-002
 -2.5770706e-002
 -3.4540285e-002
 -4.0212591e-002
 -4.7809887e-002
 -5.2618035e-002
 -5.6890276e-002
 -6.0414013e-002
 -6.3208757e-002
 -6.4338940e-002
 -6.4257707e-002
 -6.2891652e-002
 -6.0237416e-002
 -5.5478567e-002
 -4.9898331e-002
 -4.3219149e-002
 -3.2843043e-002
 -2.3915978e-002
 -1.4359753e-002
  2.3359205e-005
  1.0867319e-002
  2.2060014e-002
  3.7651536e-002
  4.9178528e-002
  6.0787727e-002
  7.4158381e-002
  8.3658064e-002
  9.4385535e-002
  1.0419043e-001
  1.1274109e-001
  1.1976930e-001
  1.2754957e-001
  1.3129613e-001
  1.3509028e-001
  1.3610917e-001
  1.3535699e-001
  1.3324873e-001
  1.2866323e-001
  1.2376182e-001
  1.1774119e-001
  1.0942097e-001
  1.0136212e-001
  9.3386437e-002
  8.1367846e-002
  7.3919417e-002
  6.1868714e-002
  5.0465565e-002
  4.0318408e-002
  3.1930970e-002
  2.5523583e-002
  2.2728703e-002
  1.9734881e-002
  1.8987043e-002
  1.9621999e-002
  2.2295876e-002
  2.5050021e-002
  3.0623440e-002
  3.5212457e-002
  4.2684897e-002
  4.8567539e-002
  5.6553204e-002
  6.2835254e-002
  6.9110312e-002
  7.5214232e-002
  8.0865378e-002
  8.5854408e-002
  8.9944269e-002
  9.3029745e-002
  9.5058782e-002
  9.6277258e-002
  9.5279911e-002
  9.1552925e-002
  8.4994762e-002
  8.1436579e-002
  7.2150833e-002
  6.5132379e-002
  5.6896206e-002
  4.3666700e-002
  3.3331298e-002
  2.2228141e-002
  7.2799482e-003
 -4.5816070e-003
 -1.9911973e-002
 -3.1638564e-002
 -4.2831158e-002
 -5.3215502e-002
 -6.6885986e-002
 -7.9532819e-002
 -8.5964249e-002
 -9.4801871e-002
 -1.0082606e-001
 -1.0382365e-001
 -1.0429608e-001
 -1.0349641e-001
 -1.0058578e-001
 -9.6875678e-002
 -9.1952588e-002
 -8.6012625e-002
 -7.7883427e-002
 -7.0016242e-002
 -6.2014952e-002
 -5.4060442e-002
 -4.2561397e-002
 -3.4932636e-002
 -2.3730605e-002
 -1.7157481e-002
 -7.5983228e-003
  4.4477122e-004
  4.4224929e-003
  9.3682499e-003
  1.2180836e-002
  1.2836888e-002
  1.2161798e-002
  1.0663682e-002
  6.7632751e-003
  3.3308266e-003
 -3.1848153e-003
 -1.0902142e-002
 -1.6311203e-002
 -2.5207044e-002
 -3.0782877e-002
 -3.9610155e-002
 -4.4413313e-002
 -5.1876974e-002
 -5.7964157e-002
 -6.2203356e-002
 -6.4269211e-002
 -6.4067520e-002
 -6.2726598e-002
 -5.8890860e-002
 -5.4876338e-002
 -4.9574284e-002
 -4.1215097e-002
 -3.3389206e-002
 -2.4433780e-002
 -1.4508117e-002
 -3.7262668e-003
  7.7034058e-003
  2.1447879e-002
  3.3798906e-002
  4.6161617e-002
  5.8159384e-002
  7.3584528e-002
  8.4418889e-002
  9.9168711e-002
  1.0707120e-001
  1.1850422e-001
  1.2385647e-001
  1.3122131e-001
  1.3496922e-001
  1.3607699e-001
  1.3573076e-001
  1.3392062e-001
  1.3088146e-001
  1.2489210e-001
  1.1591299e-001
  1.0451549e-001
  9.8942207e-002
  8.7157933e-002
  7.9547747e-002
  6.7990103e-002
  6.0086053e-002
  5.0322069e-002
  4.3377816e-002
  3.6990028e-002
  3.1391405e-002
  2.6710654e-002
  2.3077630e-002
  2.0454021e-002
  1.9181427e-002
  1.9037673e-002
  2.0007116e-002
  2.2038583e-002
  2.5064173e-002
  2.8965829e-002
  3.3633475e-002
  3.9676096e-002
  4.5649220e-002
  5.1847059e-002
  5.8073693e-002
  6.4088886e-002
  7.2117091e-002
  7.7292638e-002
  8.4347686e-002
  8.7835210e-002
  9.2557193e-002
  9.5440174e-002
  9.6191787e-002
  9.5737153e-002
  9.4166900e-002
  9.0337088e-002
  8.6111922e-002
  8.0612357e-002
  7.3857627e-002
  6.5962317e-002
  5.7060692e-002
  4.7362754e-002
  3.4821689e-002
  2.3464074e-002
  1.1825291e-002
 -2.4437705e-005
 -1.5021094e-002
 -2.6824006e-002
 -3.8443751e-002
 -4.9721750e-002
 -6.0516529e-002
 -7.0549302e-002
 -7.9540926e-002
 -8.7266750e-002
 -9.3506086e-002
 -9.9587360e-002
 -1.0250860e-001
 -1.0429204e-001
 -1.0286321e-001
 -9.8227861e-002
 -9.1153456e-002
 -8.2674591e-002
 -7.5806803e-002
 -6.8016576e-002
 -5.8169889e-002
 -4.9743771e-002
 -4.1160686e-002
 -3.2680684e-002
 -2.4509103e-002
 -1.6816062e-002
 -9.7789044e-003
 -3.5312235e-003
  1.8438666e-003
  6.2262899e-003
  9.5393245e-003
  1.1731040e-002
  1.2776732e-002
  1.2666285e-002
  1.1448672e-002
  9.1309397e-003
  5.8380353e-003
  1.6536747e-003
 -3.3016388e-003
 -8.8891888e-003
 -1.4954972e-002
 -2.1313435e-002
 -2.7828852e-002
 -3.4264427e-002
 -4.0463519e-002
 -4.7027557e-002
 -5.2308144e-002
 -5.6729357e-002
 -6.0190194e-002
 -6.2608411e-002
 -6.4343274e-002
 -6.3863301e-002
 -6.2309711e-002
 -5.7616964e-002
 -5.0163707e-002
 -4.0107437e-002
 -2.7786042e-002
 -1.3668891e-002
  1.9509251e-003
  1.8640274e-002
  2.8061473e-002
  4.5248511e-002
  6.2143133e-002
  7.8098870e-002
  8.6881750e-002
  1.0057696e-001
  1.0877799e-001
  1.1825999e-001
  1.2426404e-001
  1.2919347e-001
  1.3280722e-001
  1.3548349e-001
  1.3613243e-001
  1.3471989e-001
  1.3029789e-001
  1.2332324e-001
  1.1492003e-001
  1.0818418e-001
  1.0041050e-001
  9.1834007e-002
  8.2849925e-002
  7.3850649e-002
  6.5148173e-002
  5.6947011e-002
  4.9413384e-002
  4.0482292e-002
  3.4619123e-002
  2.9698992e-002
  2.4200769e-002
  2.1528830e-002
  1.9295720e-002
  1.8968285e-002
  2.0205134e-002
  2.2025719e-002
  2.6483125e-002
  3.2711625e-002
  3.6965352e-002
  4.5171689e-002
  5.4173362e-002
  6.3414038e-002
  7.2233368e-002
  8.0021967e-002
  8.4468287e-002
  8.9907131e-002
  9.2910908e-002
  9.5082806e-002
  9.6186276e-002
  9.6056510e-002
  9.4627550e-002
  9.1953407e-002
  8.6661764e-002
  8.1254559e-002
  7.5153703e-002
  6.4105992e-002
  5.0623426e-002
  3.5252035e-002
  1.8577563e-002
  9.8322150e-003
 -7.5424253e-003
 -2.4911006e-002
 -4.1650091e-002
 -5.7073233e-002
 -7.0586274e-002
 -7.8146006e-002
 -8.7985323e-002
 -9.3660092e-002
 -9.8349469e-002
 -1.0203296e-001
 -1.0379031e-001
 -1.0427219e-001
 -1.0327912e-001
 -1.0106303e-001
 -9.6094332e-002
 -9.1630006e-002
 -8.3055185e-002
 -7.2614680e-002
 -6.1019553e-002
 -4.9010823e-002
 -3.7177911e-002
 -3.0029470e-002
 -1.9218327e-002
 -1.2779313e-002
 -4.0387980e-003
  8.7195053e-004
  6.7989118e-003
  9.6410384e-003
  1.2271322e-002
  1.2858321e-002
  1.2045017e-002
  1.0484573e-002
  6.4444784e-003
  6.6384489e-004
