




0.02619963211078
0.03004707065872
0.03379920418911
0.035008559199735
0.03621791421036
0.03980388547886
0.042249410695
0.04473713371671
0.04795816709394
0.05036160114758
0.05276060969112
0.05513591679825
0.056302313564745
0.05746871033124
0.05973275341174
0.0619042864231
0.06396998479732
0.06589712664354
0.0676798151823
0.06930186952946
0.070323711791065
0.07134555405267
0.07267126774627
0.07447628151295
0.07611457640768
0.07688151618597
0.07807683238171
0.07862896867037
0.0794329848641
0.0796854756243
0.0799379663845
0.08013350250819
0.08021335759047
0.08012473550677
0.07990324434819
0.07954200585495
0.07903782924028
0.078719275187315
0.07840072113435
0.07764493245264
0.07651900056114
0.07547877276674
0.07437763299185
0.07258062057769
0.07133982498773
0.06913147456643
0.067895627201285
0.06665977983614
0.06396998479732
0.06113006195167
0.05933831214029
0.05624749203976
0.05414100800419
0.05094880790814
0.04977318351805
0.04859755912796
0.0461154058776
0.04293740668409
0.0403401105561
0.03767543498421
0.03494893170618
0.03217710869965
0.0293772247925
0.02797211806998
0.02656701134746
0.02375388783972
0.02095574372756
0.018169415665
0.01541252467683
0.01268177894885
0.01000442140586
0.007356765397745
0.0060660284148355
0.004775291431926
0.002236915904032
-0.0002419503764698
-0.002933693118311
-0.005257111663471
-0.007510797336967
-0.009671950129145
-0.0107155567086975
-0.01175916328825
-0.01374295935643
-0.01564017804285
-0.01742396112081
-0.01910922526891
-0.02067203105284
-0.02212003095147
-0.02344333385889
-0.024038786411555
-0.02463423896422
-0.02569110023799
-0.02661266830161
-0.02739808416234
-0.02804242891522
-0.02863840745427
-0.02899127985758
-0.02909788448191
-0.02920448910624
-0.02928377580106
-0.02918967646536
-0.02897030226616
-0.02863195933886
-0.02794961394854
-0.02733751001955
-0.02622403778745
-0.02579130125584
-0.02535856472423
-0.02382873766007
-0.02274037432426
-0.02080719239945
-0.01861633827461
-0.01723406906439
-0.014697496652
-0.013320511989555
-0.01194352732711
-0.008982989069098
-0.005845367278898
-0.004056191683808
-0.0006765373581083
0.00283750004679
0.006467856140191
0.01018578733744
0.011240004597465
0.01229422185749
0.01613577910553
0.02000440160651
0.02386931367658
0.02619963211078
0.03004707065872
0.03379920418911
0.035008559199735
0.03621791421036
0.03980388547886
0.042249410695
0.04473713371671
0.04795816709394
0.05036160114758
0.05276060969112
0.05513591679825
0.056302313564745
0.05746871033124
0.05973275341174
0.0619042864231
0.06396998479732
0.06589712664354
0.0676798151823
0.06930186952946
0.070323711791065
0.07134555405267
0.07267126774627
0.07447628151295
0.07611457640768
0.07688151618597
0.07807683238171
0.07862896867037
0.0794329848641
0.0796854756243
0.0799379663845
0.08013350250819
0.08021335759047
0.08012473550677
0.07990324434819
0.07954200585495
0.07903782924028
0.078719275187315
0.07840072113435
0.07764493245264
0.07651900056114
0.07547877276674
0.07437763299185
0.07258062057769
0.07133982498773
0.06913147456643
0.067895627201285
0.06665977983614
0.06396998479732
0.06113006195167
0.05933831214029
0.05624749203976
0.05414100800419
0.05094880790814
0.04977318351805
0.04859755912796
0.0461154058776
0.04293740668409
0.0403401105561
0.03767543498422
0.03494893170618
0.03217710869965
0.0293772247925
0.02797211806998
0.02656701134746
0.02375388783972
0.02095574372756
0.018169415665
0.01541252467683
0.01268177894886
0.01000442140586
0.007356765397745
0.0060660284148355
0.004775291431926
0.002236915904032
-0.0002419503764698
-0.002933693118311
-0.005257111663471
-0.007510797336967
-0.009671950129145
-0.0107155567086975
-0.01175916328825
-0.01374295935643
-0.01564017804285
-0.01742396112081
-0.01910922526891
-0.02067203105284
-0.02212003095147
-0.02344333385889
-0.024038786411555
-0.02463423896422
-0.02569110023799
-0.02661266830161
-0.02739808416234
-0.02804242891522
-0.02863840745427
-0.02899127985758
-0.02909788448191
-0.02920448910624
-0.02928377580106
-0.02918967646536
-0.02897030226616
-0.02863195933886
-0.02794961394854
-0.02733751001955
-0.02622403778745
-0.02579130125584
-0.02535856472423
-0.02382873766007
-0.02274037432426
-0.02080719239945
-0.01861633827461
-0.01723406906439
-0.014697496652
-0.013320511989555
-0.01194352732711
-0.008982989069098
-0.005845367278898
-0.004056191683808
-0.0006765373581083
0.00283750004679
0.006467856140191
0.01018578733744
0.011240004597465
0.01229422185749
0.01613577910553
0.02000440160651
0.02386931367658
