




-0.020202875
-0.018882562
-0.016481604
-0.015167155
-0.013852706
-0.012279468
-0.0093488847
-0.006223173
-0.002942668
0.00048386952
0.0040388249
0.0060255066
0.00788414035
0.0097427741
0.013520372
0.017337952
0.019565864
0.02343913
0.027270128
0.029628491
0.0315166005
0.03340471
0.035836785
0.039448959
0.04190931
0.045256914
0.047680258
0.050108824
0.05253279
0.053737172
0.054941554
0.057451673
0.059609801
0.061692252
0.063895284
0.06585463
0.067659754
0.068483956
0.069308158
0.071379893
0.072719054
0.074546258
0.07619392
0.07760025
0.078708218
0.07949531
0.0797364105
0.079977511
0.080156128
0.080205573
0.080095031
0.079847319
0.079455788
0.078922618
0.0785906885
0.078258759
0.077473799
0.076303746
0.075245473
0.073544975
0.072294806
0.070130059
0.068819253
0.067576185
0.066333117
0.063640247
0.060802399
0.05899912
0.055925503
0.053809404
0.050641682
0.048302189
0.0470676605
0.045833132
0.042678514
0.040097479
0.037439944
0.034731729
0.031979106
0.029199194
0.027799133
0.026399072
0.023596501
0.020809287
0.018034181
0.015288716
0.012569521
0.0098936772
0.0072577265
0.00596793
0.0046781335
0.0018478749
-0.00062117565
-0.0030144291
-0.0053439498
-0.0075945393
-0.0097604316
-0.0108020968
-0.011843762
-0.013830783
-0.015723283
-0.017515159
-0.019194405
-0.020762247
-0.022208042
-0.023523284
-0.024118818
-0.024714352
-0.025765536
-0.026683473
-0.027460406
-0.028095225
-0.028594265
-0.029019847
-0.0291199725
-0.029220098
-0.0292845
-0.029168884
-0.02893215
-0.028575866
-0.027867769
-0.027233517
-0.026091158
-0.0253838225
-0.024676487
-0.023644554
-0.02180537
-0.0205757
-0.018353413
-0.015888837
-0.014389345
-0.0129971345
-0.011604924
-0.0086145287
-0.0054480061
-0.0039588729
-0.0021307889
0.0013377104
0.0049114402
0.0085702906
0.0096051423
0.010639994
0.014423604
0.018231847
0.022044656
0.024310091
0.028109269
0.03046538
0.032324136
0.034182892
0.036598503
0.040148053
0.042578826
0.045041401
0.048225833
0.050613711
0.052987802
0.054158777
0.055329752
0.057630333
0.05986359
0.062006029
0.064037094
0.06593957
0.067693182
0.0687588175
0.069824453
0.071311154
0.073271248
0.074405899
0.076030464
0.077427696
0.078550287
0.079369925
0.0795569
0.079743875
0.080107815
0.080208874
0.080176605
0.079992852
0.079647412
0.079135307
0.0788012035
0.0784671
0.077654458
0.076728368
0.075706711
0.074096239
0.072861569
0.070758436
0.069446094
0.068218017
0.06698994
0.06431178
0.061463431
0.058524121
0.056576571
0.053467353
0.051254914
0.048892112
0.047299251
0.04570639
0.043195865
0.040592517
0.037910689
0.034886889
0.032385436
0.02946099
0.02808747
0.02671395
0.023953264
0.021196422
0.018450432
0.015732607
0.012794094
0.010105158
0.0074558708
0.0061593347
0.0048627986
0.0023320227
-0.00014921449
-0.0025648292
-0.0051701606
-0.0074185412
-0.0095913768
-0.0106290309
-0.011666685
-0.013654928
-0.015549903
-0.017339001
-0.019017604
-0.020587059
-0.022031515
-0.023358114
-0.0239557875
-0.024553461
-0.025615912
-0.026544217
-0.027334734
-0.027988499
-0.028595926
-0.028961253
-0.029074534
-0.029187815
-0.029281353
-0.029208412
-0.029005217
-0.028520974
-0.028031287
-0.027112256
-0.026354174
-0.0256789625
-0.025003751
-0.024005525
-0.022238983
-0.020202875
