




0.02503447289368
0.02619963211078
0.02768976393333
0.028868417296025
0.03004707065872
0.031257904508215
0.03246873835771
0.03379920418911
0.035008559199735
0.03621791421036
0.03746229528981
0.03870667636926
0.03980388547886
0.04102664808693
0.042249410695
0.043493272205855
0.04473713371671
0.04565917251653
0.04658121131635
0.04795816709394
0.04915988412076
0.05036160114758
0.05156110541935
0.05276060969112
0.05513591679825
0.056302313564745
0.05746871033124
0.05860073187149
0.05973275341174
0.0619042864231
0.06293713561021
0.06396998479732
0.06493355572043
0.06589712664354
0.0676798151823
0.06849084235588
0.06930186952946
0.069593885346825
0.06988590116419
0.07134555405267
0.07200841089947
0.07267126774627
0.073077929276515
0.07348459080676
0.07447628151295
0.074960414530605
0.07544454754826
0.07577956197797
0.07611457640768
0.076498046296825
0.07688151618597
0.07751301723982
0.077794924810765
0.07807683238171
0.07835290052604
0.07862896867037
0.07900074958606
0.07921686722508
0.0794329848641
0.07960725955204
0.07978153423998
0.0799379663845
0.080035734446345
0.08013350250819
0.08017343004933
0.08021335759047
0.08020983896309
0.08016728723493
0.08012473550677
0.08001398992748
0.07990324434819
0.07954200585495
0.079289917547615
0.07903782924028
0.078719275187315
0.07840072113435
0.07764493245264
0.077216017640755
0.07678710282887
0.076653051695005
0.07651900056114
0.07599888666394
0.07547877276674
0.07437763299185
0.07395879264993
0.07353995230801
0.07306028644285
0.07258062057769
0.07133982498773
0.070891679630575
0.07044353427342
0.069787504419925
0.06913147456643
0.06799889089749
0.067329335366815
0.06665977983614
0.0659713493855
0.06528291893486
0.06396998479732
0.063170976551125
0.06237196830493
0.0617510151283
0.06113006195167
0.05933831214029
0.058767577553475
0.05819684296666
0.05722216750321
0.05624749203976
0.05414100800419
0.053609755302475
0.05307850260076
0.05201365525445
0.05094880790814
0.04977318351805
0.04859755912796
0.0461154058776
0.045769305991125
0.04542320610465
0.04418030639437
0.04293740668409
0.0403401105561
0.039007772770155
0.03767543498421
0.036312183345195
0.03494893170618
0.03217710869965
0.030777166746075
0.0293772247925
0.02797211806998
0.02656701134746
0.02375388783972
0.02235481578364
0.02095574372756
0.01956257969628
0.018169415665
0.01541252467683
0.01404715181284
0.01268177894885
0.011343100177355
0.01000442140586
0.007356765397745
0.0060660284148355
0.004775291431926
0.003506103667979
0.002236915904032
0.0009974827637811
-0.0002419503764698
-0.002194232890059
-0.002563963004185
-0.002933693118311
-0.004095402390891
-0.005257111663471
-0.007510797336967
-0.008591373733056
-0.009671950129145
-0.0107155567086975
-0.01175916328825
-0.01374295935643
-0.01469156869964
-0.01564017804285
-0.01653206958183
-0.01742396112081
-0.01910922526891
-0.019890628160875
-0.02067203105284
-0.021396031002155
-0.02212003095147
-0.02344333385889
-0.024038786411555
-0.02463423896422
-0.025162669601105
-0.02569110023799
-0.02661266830161
-0.027005376231975
-0.02739808416234
-0.02772025653878
-0.02804242891522
-0.028277321074515
-0.02851221323381
-0.02863840745427
-0.028814843655925
-0.02899127985758
-0.02909788448191
-0.02920448910624
-0.02928377580106
-0.029266168259885
-0.02924856071871
-0.029219118592035
-0.02918967646536
-0.02897030226616
-0.02880113080251
-0.02863195933886
-0.02849671334773
-0.0283614673566
-0.02794961394854
-0.027643561984045
-0.02733751001955
-0.02703436371847
-0.02673121741739
-0.02622403778745
-0.02579130125584
-0.02535856472423
-0.024994284388855
-0.02463000405348
-0.02382873766007
-0.023284555992165
-0.02274037432426
-0.02238072110188
-0.0220210678795
-0.021414130139475
-0.02080719239945
-0.01953788113105
-0.01907710970283
-0.01861633827461
-0.0179252036695
-0.01723406906439
-0.01619007589346
-0.01544378627273
-0.014697496652
-0.01406941484587
-0.01344133303974
-0.01194352732711
-0.011131667181855
-0.0103198070366
-0.009651398052849
-0.008982989069098
-0.007275675867635
-0.0065605215732665
-0.005845367278898
-0.004950779481353
-0.004056191683808
-0.002537770855245
-0.00160715410667665
-0.0006765373581083
0.00011900485186675
0.0009145470618418
0.00283750004679
0.003777243793423
0.004716987540056
0.0055924218401235
0.006467856140191
0.007489121779178
0.008510387418165
0.01018578733744
0.011240004597465
0.01229422185749
0.013132900293205
0.01397157872892
0.01613577910553
0.01696020885936
0.01778463861319
0.01889452010985
0.02000440160651
0.02229615233627
0.023082733006425
0.02386931367658
0.02503447289368
0.02619963211078
0.02768976393333
0.028868417296025
0.03004707065872
0.031257904508215
0.03246873835771
0.03379920418911
0.035008559199735
0.03621791421036
0.03746229528981
0.03870667636926
0.03980388547886
0.04102664808693
0.042249410695
0.043493272205855
0.04473713371671
0.04565917251653
0.04658121131635
0.04795816709394
0.04915988412076
0.05036160114758
0.05156110541935
0.05276060969112
0.05513591679825
0.056302313564745
0.05746871033124
0.05860073187149
0.05973275341174
0.0619042864231
0.06293713561021
0.06396998479732
0.06493355572043
0.06589712664354
0.0676798151823
0.06849084235588
0.06930186952946
0.069593885346825
0.06988590116419
0.07134555405267
0.07200841089947
0.07267126774627
0.073077929276515
0.07348459080676
0.07447628151295
0.074960414530605
0.07544454754826
0.07577956197797
0.07611457640768
0.076498046296825
0.07688151618597
0.07751301723982
0.077794924810765
0.07807683238171
0.07835290052604
0.07862896867037
0.07900074958606
0.07921686722508
0.0794329848641
0.07960725955204
0.07978153423998
0.0799379663845
0.080035734446345
0.08013350250819
0.08017343004933
0.08021335759047
0.08020983896309
0.08016728723493
0.08012473550677
0.08001398992748
0.07990324434819
0.07954200585495
0.079289917547615
0.07903782924028
0.078719275187315
0.07840072113435
0.07764493245264
0.077216017640755
0.07678710282887
0.076653051695005
0.07651900056114
0.07599888666394
0.07547877276674
0.07437763299185
0.07395879264993
0.07353995230801
0.07306028644285
0.07258062057769
0.07133982498773
0.070891679630575
0.07044353427342
0.069787504419925
0.06913147456643
0.06799889089749
0.067329335366815
0.06665977983614
0.0659713493855
0.06528291893486
0.06396998479732
0.063170976551125
0.06237196830493
0.0617510151283
0.06113006195167
0.05933831214029
0.058767577553475
0.05819684296666
0.05722216750321
0.05624749203976
0.05414100800419
0.053609755302475
0.05307850260076
0.05201365525445
0.05094880790814
0.04977318351805
0.04859755912796
0.0461154058776
0.045769305991125
0.04542320610465
0.04418030639437
0.04293740668409
0.0403401105561
0.03900777277016
0.03767543498422
0.0363121833452
0.03494893170618
0.03217710869965
0.030777166746075
0.0293772247925
0.02797211806998
0.02656701134746
0.02375388783972
0.02235481578364
0.02095574372756
0.01956257969628
0.018169415665
0.01541252467683
0.014047151812845
0.01268177894886
0.01134310017736
0.01000442140586
0.007356765397745
0.0060660284148355
0.004775291431926
0.003506103667979
0.002236915904032
0.0009974827637811
-0.0002419503764698
-0.002194232890059
-0.002563963004185
-0.002933693118311
-0.004095402390891
-0.005257111663471
-0.007510797336967
-0.008591373733056
-0.009671950129145
-0.0107155567086975
-0.01175916328825
-0.01374295935643
-0.01469156869964
-0.01564017804285
-0.01653206958183
-0.01742396112081
-0.01910922526891
-0.019890628160875
-0.02067203105284
-0.021396031002155
-0.02212003095147
-0.02344333385889
-0.024038786411555
-0.02463423896422
-0.025162669601105
-0.02569110023799
-0.02661266830161
-0.027005376231975
-0.02739808416234
-0.02772025653878
-0.02804242891522
-0.028277321074515
-0.02851221323381
-0.02863840745427
-0.028814843655925
-0.02899127985758
-0.02909788448191
-0.02920448910624
-0.02928377580106
-0.029266168259885
-0.02924856071871
-0.029219118592035
-0.02918967646536
-0.02897030226616
-0.02880113080251
-0.02863195933886
-0.02849671334773
-0.0283614673566
-0.02794961394854
-0.027643561984045
-0.02733751001955
-0.02703436371847
-0.02673121741739
-0.02622403778745
-0.02579130125584
-0.02535856472423
-0.024994284388855
-0.02463000405348
-0.02382873766007
-0.023284555992165
-0.02274037432426
-0.02238072110188
-0.0220210678795
-0.021414130139475
-0.02080719239945
-0.01953788113105
-0.01907710970283
-0.01861633827461
-0.0179252036695
-0.01723406906439
-0.01619007589346
-0.01544378627273
-0.014697496652
-0.01406941484587
-0.01344133303974
-0.01194352732711
-0.011131667181855
-0.0103198070366
-0.009651398052849
-0.008982989069098
-0.007275675867635
-0.0065605215732665
-0.005845367278898
-0.004950779481353
-0.004056191683808
-0.002537770855245
-0.00160715410667665
-0.0006765373581083
0.00011900485186675
0.0009145470618418
0.00283750004679
0.003777243793423
0.004716987540056
0.0055924218401235
0.006467856140191
0.0074891217791775
0.008510387418164
0.01018578733744
0.011240004597465
0.01229422185749
0.013132900293205
0.01397157872892
0.01613577910553
0.01696020885936
0.01778463861319
0.01889452010985
0.02000440160651
0.02229615233627
0.023082733006425
0.02386931367658
