




-0.028863725
-0.029131494
-0.02926562
-0.029256708
-0.029247796
-0.029087996
-0.028808785
-0.028218132
-0.027664086
-0.026651404
-0.0262471435
-0.025842883
-0.024411585
-0.022705491
-0.021543754
-0.019448012
-0.017108941
-0.0158209755
-0.01453301
-0.012988127
-0.010104806
-0.0070311624
-0.0037815945
-0.00039013105
0.0031342432
0.0041202192
0.0051061952
0.0088001259
0.012559318
0.016373793
0.020202906
0.022463854
0.024384228
0.026304602
0.02866487
0.032468738
0.034907572
0.03856402
0.041035905
0.042738969
0.044442033
0.046890757
0.049346556
0.051808815
0.054257176
0.056861011
0.059015714
0.0601484365
0.061281159
0.063444123
0.065462591
0.06733688
0.069589463
0.071178727
0.0722173085
0.07325589
0.074457553
0.076162272
0.077609857
0.07874226
0.079538722
0.0797124925
0.079886263
0.080122928
0.08020916
0.080090138
0.079802351
0.07933842
0.079019647
0.078700874
0.077908133
0.076981763
0.07555111
0.074325643
0.073054804
0.070893638
0.0696398935
0.068386149
0.065584244
0.062565398
0.059420725
0.056212757
0.053015023
0.0518656265
0.05071623
0.048283105
0.045031597
0.042449138
0.039773488
0.037040103
0.035642587
0.034245071
0.031248899
0.02847621
0.025695747
0.022914688
0.020150661
0.017389865
0.016025035
0.014660205
0.011714204
0.0090302853
0.0063989525
0.0038264795
0.0013094433
8.18679E-5
-0.0011457075
-0.0035326828
-0.0058453673
-0.0080778359
-0.01023233
-0.012469147
-0.0134400395
-0.014410932
-0.016251328
-0.017992043
-0.019615466
-0.021129781
-0.022524722
-0.023792132
-0.024361166
-0.0249302
-0.025941106
-0.026816068
-0.027555886
-0.028256952
-0.028716322
-0.028877698
-0.029039074
-0.029226062
-0.029284428
-0.029169565
-0.028940425
-0.02842188
-0.028168356
-0.027914832
-0.027304073
-0.02620671
-0.02483949
-0.023842435
-0.022068024
-0.020040084
-0.0193810165
-0.018721949
-0.016326024
-0.013706305
-0.012134731
-0.0092109606
-0.0060946277
-0.00445577645
-0.0028169252
0.0006147411
0.0041838246
0.0078430113
0.009903742
0.013715109
0.0156407655
0.017566422
0.021426713
0.023722409
0.027605846
0.031405464
0.03383033
0.03751164
0.038743843
0.039976046
0.042489053
0.045872104
0.048340347
0.050809331
0.053277685
0.054501129
0.055724573
0.058222083
0.060399857
0.062642531
0.064731113
0.066680517
0.0675691305
0.068457744
0.070652011
0.072119895
0.074086591
0.075166519
0.076735736
0.078035979
0.0785325675
0.079029156
0.079485101
0.079991909
0.080170133
0.080209437
0.080084425
0.0799309995
0.079777574
0.079281426
0.078603793
0.07776121
0.076779787
0.075698364
0.075119985
0.074541606
0.072644659
0.071328362
0.06897903
0.066340102
0.063474357
0.061965382
0.060456407
0.057366414
0.055285745
0.052056938
0.049714304
0.047228398
0.043988328
0.0426830465
0.041377765
0.038686303
0.035939845
0.033134549
0.030308547
0.027458979
0.026036731
0.024614483
0.021772283
0.018960899
0.016166814
0.013417942
0.010700639
0.00937128375
0.0080419285
0.005428194
0.0028757448
0.0003811681
-0.0020400683
-0.004672398
-0.00692969
-0.00802153525
-0.0091133805
-0.011209152
-0.013211677
-0.015115862
-0.016923512
-0.018622564
-0.0194156145
-0.020208665
-0.021683089
-0.023030934
-0.024250137
-0.025342935
-0.026299715
-0.026713293
-0.027126871
-0.027815095
-0.028458608
-0.028863725
