2.619963211078e-002
3.004707065872e-002
3.379920418911e-002
3.621791421036e-002
3.980388547886e-002
4.224941069500e-002
4.473713371671e-002
4.795816709394e-002
5.036160114758e-002
5.276060969112e-002
5.513591679825e-002
5.746871033124e-002
5.973275341174e-002
6.190428642310e-002
6.396998479732e-002
6.589712664354e-002
6.767981518230e-002
6.930186952946e-002
7.134555405267e-002
7.267126774627e-002
7.447628151295e-002
7.611457640768e-002
7.688151618597e-002
7.807683238171e-002
7.862896867037e-002
7.943298486410e-002
7.993796638450e-002
8.013350250819e-002
8.021335759047e-002
8.012473550677e-002
7.990324434819e-002
7.954200585495e-002
7.903782924028e-002
7.840072113435e-002
7.764493245264e-002
7.651900056114e-002
7.547877276674e-002
7.437763299185e-002
7.258062057769e-002
7.133982498773e-002
6.913147456643e-002
6.665977983614e-002
6.396998479732e-002
6.113006195167e-002
5.933831214029e-002
5.624749203976e-002
5.414100800419e-002
5.094880790814e-002
4.859755912796e-002
4.611540587760e-002
4.293740668409e-002
4.034011055610e-002
3.767543498421e-002
3.494893170618e-002
3.217710869965e-002
2.937722479250e-002
2.656701134746e-002
2.375388783972e-002
2.095574372756e-002
1.816941566500e-002
1.541252467683e-002
1.268177894885e-002
1.000442140586e-002
7.356765397745e-003
4.775291431926e-003
2.236915904032e-003
-2.419503764698e-004
-2.933693118311e-003
-5.257111663471e-003
-7.510797336967e-003
-9.671950129145e-003
-1.175916328825e-002
-1.374295935643e-002
-1.564017804285e-002
-1.742396112081e-002
-1.910922526891e-002
-2.067203105284e-002
-2.212003095147e-002
-2.344333385889e-002
-2.463423896422e-002
-2.569110023799e-002
-2.661266830161e-002
-2.739808416234e-002
-2.804242891522e-002
-2.863840745427e-002
-2.899127985758e-002
-2.920448910624e-002
-2.928377580106e-002
-2.918967646536e-002
-2.897030226616e-002
-2.863195933886e-002
-2.794961394854e-002
-2.733751001955e-002
-2.622403778745e-002
-2.535856472423e-002
-2.382873766007e-002
-2.274037432426e-002
-2.080719239945e-002
-1.861633827461e-002
-1.723406906439e-002
-1.469749665200e-002
-1.194352732711e-002
-8.982989069098e-003
-5.845367278898e-003
-4.056191683808e-003
-6.765373581083e-004
2.837500046790e-003
6.467856140191e-003
1.018578733744e-002
1.229422185749e-002
1.613577910553e-002
2.000440160651e-002
2.386931367658e-002
2.619963211078e-002
3.004707065872e-002
3.379920418911e-002
3.621791421036e-002
3.980388547886e-002
4.224941069500e-002
4.473713371671e-002
4.795816709394e-002
5.036160114758e-002
5.276060969112e-002
5.513591679825e-002
5.746871033124e-002
5.973275341174e-002
6.190428642310e-002
6.396998479732e-002
6.589712664354e-002
6.767981518230e-002
6.930186952946e-002
7.134555405267e-002
7.267126774627e-002
7.447628151295e-002
7.611457640768e-002
7.688151618597e-002
7.807683238171e-002
7.862896867037e-002
7.943298486410e-002
7.993796638450e-002
8.013350250819e-002
8.021335759047e-002
8.012473550677e-002
7.990324434819e-002
7.954200585495e-002
7.903782924028e-002
7.840072113435e-002
7.764493245264e-002
7.651900056114e-002
7.547877276674e-002
7.437763299185e-002
7.258062057769e-002
7.133982498773e-002
6.913147456643e-002
6.665977983614e-002
6.396998479732e-002
6.113006195167e-002
5.933831214029e-002
5.624749203976e-002
5.414100800419e-002
5.094880790814e-002
4.859755912796e-002
4.611540587760e-002
4.293740668409e-002
4.034011055610e-002
3.767543498422e-002
3.494893170618e-002
3.217710869965e-002
2.937722479250e-002
2.656701134746e-002
2.375388783972e-002
2.095574372756e-002
1.816941566500e-002
1.541252467683e-002
1.268177894886e-002
1.000442140586e-002
7.356765397745e-003
4.775291431926e-003
2.236915904032e-003
-2.419503764698e-004
-2.933693118311e-003
-5.257111663471e-003
-7.510797336967e-003
-9.671950129145e-003
-1.175916328825e-002
-1.374295935643e-002
-1.564017804285e-002
-1.742396112081e-002
-1.910922526891e-002
-2.067203105284e-002
-2.212003095147e-002
-2.344333385889e-002
-2.463423896422e-002
-2.569110023799e-002
-2.661266830161e-002
-2.739808416234e-002
-2.804242891522e-002
-2.863840745427e-002
-2.899127985758e-002
-2.920448910624e-002
-2.928377580106e-002
-2.918967646536e-002
-2.897030226616e-002
-2.863195933886e-002
-2.794961394854e-002
-2.733751001955e-002
-2.622403778745e-002
-2.535856472423e-002
-2.382873766007e-002
-2.274037432426e-002
-2.080719239945e-002
-1.861633827461e-002
-1.723406906439e-002
-1.469749665200e-002
-1.194352732711e-002
-8.982989069098e-003
-5.845367278898e-003
-4.056191683808e-003
-6.765373581083e-004
2.837500046790e-003
6.467856140191e-003
1.018578733744e-002
1.229422185749e-002
1.613577910553e-002
2.000440160651e-002
2.386931367658e-002
