 -2.8863725e-002
 -2.9131494e-002
 -2.9265620e-002
 -2.9247796e-002
 -2.9087996e-002
 -2.8808785e-002
 -2.8218132e-002
 -2.7664086e-002
 -2.6651404e-002
 -2.5842883e-002
 -2.4411585e-002
 -2.2705491e-002
 -2.1543754e-002
 -1.9448012e-002
 -1.7108941e-002
 -1.4533010e-002
 -1.2988127e-002
 -1.0104806e-002
 -7.0311624e-003
 -3.7815945e-003
 -3.9013105e-004
  3.1342432e-003
  5.1061952e-003
  8.8001259e-003
  1.2559318e-002
  1.6373793e-002
  2.0202906e-002
  2.2463854e-002
  2.6304602e-002
  2.8664870e-002
  3.2468738e-002
  3.4907572e-002
  3.8564020e-002
  4.1035905e-002
  4.4442033e-002
  4.6890757e-002
  4.9346556e-002
  5.1808815e-002
  5.4257176e-002
  5.6861011e-002
  5.9015714e-002
  6.1281159e-002
  6.3444123e-002
  6.5462591e-002
  6.7336880e-002
  6.9589463e-002
  7.1178727e-002
  7.3255890e-002
  7.4457553e-002
  7.6162272e-002
  7.7609857e-002
  7.8742260e-002
  7.9538722e-002
  7.9886263e-002
  8.0122928e-002
  8.0209160e-002
  8.0090138e-002
  7.9802351e-002
  7.9338420e-002
  7.8700874e-002
  7.7908133e-002
  7.6981763e-002
  7.5551110e-002
  7.4325643e-002
  7.3054804e-002
  7.0893638e-002
  6.8386149e-002
  6.5584244e-002
  6.2565398e-002
  5.9420725e-002
  5.6212757e-002
  5.3015023e-002
  5.0716230e-002
  4.8283105e-002
  4.5031597e-002
  4.2449138e-002
  3.9773488e-002
  3.7040103e-002
  3.4245071e-002
  3.1248899e-002
  2.8476210e-002
  2.5695747e-002
  2.2914688e-002
  2.0150661e-002
  1.7389865e-002
  1.4660205e-002
  1.1714204e-002
  9.0302853e-003
  6.3989525e-003
  3.8264795e-003
  1.3094433e-003
 -1.1457075e-003
 -3.5326828e-003
 -5.8453673e-003
 -8.0778359e-003
 -1.0232330e-002
 -1.2469147e-002
 -1.4410932e-002
 -1.6251328e-002
 -1.7992043e-002
 -1.9615466e-002
 -2.1129781e-002
 -2.2524722e-002
 -2.3792132e-002
 -2.4930200e-002
 -2.5941106e-002
 -2.6816068e-002
 -2.7555886e-002
 -2.8256952e-002
 -2.8716322e-002
 -2.9039074e-002
 -2.9226062e-002
 -2.9284428e-002
 -2.9169565e-002
 -2.8940425e-002
 -2.8421880e-002
 -2.7914832e-002
 -2.7304073e-002
 -2.6206710e-002
 -2.4839490e-002
 -2.3842435e-002
 -2.2068024e-002
 -2.0040084e-002
 -1.8721949e-002
 -1.6326024e-002
 -1.3706305e-002
 -1.2134731e-002
 -9.2109606e-003
 -6.0946277e-003
 -2.8169252e-003
  6.1474110e-004
  4.1838246e-003
  7.8430113e-003
  9.9037420e-003
  1.3715109e-002
  1.7566422e-002
  2.1426713e-002
  2.3722409e-002
  2.7605846e-002
  3.1405464e-002
  3.3830330e-002
  3.7511640e-002
  3.9976046e-002
  4.2489053e-002
  4.5872104e-002
  4.8340347e-002
  5.0809331e-002
  5.3277685e-002
  5.5724573e-002
  5.8222083e-002
  6.0399857e-002
  6.2642531e-002
  6.4731113e-002
  6.6680517e-002
  6.8457744e-002
  7.0652011e-002
  7.2119895e-002
  7.4086591e-002
  7.5166519e-002
  7.6735736e-002
  7.8035979e-002
  7.9029156e-002
  7.9485101e-002
  7.9991909e-002
  8.0170133e-002
  8.0209437e-002
  8.0084425e-002
  7.9777574e-002
  7.9281426e-002
  7.8603793e-002
  7.7761210e-002
  7.6779787e-002
  7.5698364e-002
  7.4541606e-002
  7.2644659e-002
  7.1328362e-002
  6.8979030e-002
  6.6340102e-002
  6.3474357e-002
  6.0456407e-002
  5.7366414e-002
  5.5285745e-002
  5.2056938e-002
  4.9714304e-002
  4.7228398e-002
  4.3988328e-002
  4.1377765e-002
  3.8686303e-002
  3.5939845e-002
  3.3134549e-002
  3.0308547e-002
  2.7458979e-002
  2.4614483e-002
  2.1772283e-002
  1.8960899e-002
  1.6166814e-002
  1.3417942e-002
  1.0700639e-002
  8.0419285e-003
  5.4281940e-003
  2.8757448e-003
  3.8116810e-004
 -2.0400683e-003
 -4.6723980e-003
 -6.9296900e-003
 -9.1133805e-003
 -1.1209152e-002
 -1.3211677e-002
 -1.5115862e-002
 -1.6923512e-002
 -1.8622564e-002
 -2.0208665e-002
 -2.1683089e-002
 -2.3030934e-002
 -2.4250137e-002
 -2.5342935e-002
 -2.6299715e-002
 -2.7126871e-002
 -2.7815095e-002
 -2.8458608e-002
 -2.8863725e-002
