 -2.0202875e-002
 -1.8882562e-002
 -1.6481604e-002
 -1.3852706e-002
 -1.2279468e-002
 -9.3488847e-003
 -6.2231730e-003
 -2.9426680e-003
  4.8386952e-004
  4.0388249e-003
  6.0255066e-003
  9.7427741e-003
  1.3520372e-002
  1.7337952e-002
  1.9565864e-002
  2.3439130e-002
  2.7270128e-002
  2.9628491e-002
  3.3404710e-002
  3.5836785e-002
  3.9448959e-002
  4.1909310e-002
  4.5256914e-002
  4.7680258e-002
  5.0108824e-002
  5.2532790e-002
  5.4941554e-002
  5.7451673e-002
  5.9609801e-002
  6.1692252e-002
  6.3895284e-002
  6.5854630e-002
  6.7659754e-002
  6.9308158e-002
  7.1379893e-002
  7.2719054e-002
  7.4546258e-002
  7.6193920e-002
  7.7600250e-002
  7.8708218e-002
  7.9495310e-002
  7.9977511e-002
  8.0156128e-002
  8.0205573e-002
  8.0095031e-002
  7.9847319e-002
  7.9455788e-002
  7.8922618e-002
  7.8258759e-002
  7.7473799e-002
  7.6303746e-002
  7.5245473e-002
  7.3544975e-002
  7.2294806e-002
  7.0130059e-002
  6.8819253e-002
  6.6333117e-002
  6.3640247e-002
  6.0802399e-002
  5.8999120e-002
  5.5925503e-002
  5.3809404e-002
  5.0641682e-002
  4.8302189e-002
  4.5833132e-002
  4.2678514e-002
  4.0097479e-002
  3.7439944e-002
  3.4731729e-002
  3.1979106e-002
  2.9199194e-002
  2.6399072e-002
  2.3596501e-002
  2.0809287e-002
  1.8034181e-002
  1.5288716e-002
  1.2569521e-002
  9.8936772e-003
  7.2577265e-003
  4.6781335e-003
  1.8478749e-003
 -6.2117565e-004
 -3.0144291e-003
 -5.3439498e-003
 -7.5945393e-003
 -9.7604316e-003
 -1.1843762e-002
 -1.3830783e-002
 -1.5723283e-002
 -1.7515159e-002
 -1.9194405e-002
 -2.0762247e-002
 -2.2208042e-002
 -2.3523284e-002
 -2.4714352e-002
 -2.5765536e-002
 -2.6683473e-002
 -2.7460406e-002
 -2.8095225e-002
 -2.8594265e-002
 -2.9019847e-002
 -2.9220098e-002
 -2.9284500e-002
 -2.9168884e-002
 -2.8932150e-002
 -2.8575866e-002
 -2.7867769e-002
 -2.7233517e-002
 -2.6091158e-002
 -2.4676487e-002
 -2.3644554e-002
 -2.1805370e-002
 -2.0575700e-002
 -1.8353413e-002
 -1.5888837e-002
 -1.4389345e-002
 -1.1604924e-002
 -8.6145287e-003
 -5.4480061e-003
 -3.9588729e-003
 -2.1307889e-003
  1.3377104e-003
  4.9114402e-003
  8.5702906e-003
  1.0639994e-002
  1.4423604e-002
  1.8231847e-002
  2.2044656e-002
  2.4310091e-002
  2.8109269e-002
  3.0465380e-002
  3.4182892e-002
  3.6598503e-002
  4.0148053e-002
  4.2578826e-002
  4.5041401e-002
  4.8225833e-002
  5.0613711e-002
  5.2987802e-002
  5.5329752e-002
  5.7630333e-002
  5.9863590e-002
  6.2006029e-002
  6.4037094e-002
  6.5939570e-002
  6.7693182e-002
  6.9824453e-002
  7.1311154e-002
  7.3271248e-002
  7.4405899e-002
  7.6030464e-002
  7.7427696e-002
  7.8550287e-002
  7.9369925e-002
  7.9743875e-002
  8.0107815e-002
  8.0208874e-002
  8.0176605e-002
  7.9992852e-002
  7.9647412e-002
  7.9135307e-002
  7.8467100e-002
  7.7654458e-002
  7.6728368e-002
  7.5706711e-002
  7.4096239e-002
  7.2861569e-002
  7.0758436e-002
  6.9446094e-002
  6.6989940e-002
  6.4311780e-002
  6.1463431e-002
  5.8524121e-002
  5.6576571e-002
  5.3467353e-002
  5.1254914e-002
  4.8892112e-002
  4.5706390e-002
  4.3195865e-002
  4.0592517e-002
  3.7910689e-002
  3.4886889e-002
  3.2385436e-002
  2.9460990e-002
  2.6713950e-002
  2.3953264e-002
  2.1196422e-002
  1.8450432e-002
  1.5732607e-002
  1.2794094e-002
  1.0105158e-002
  7.4558708e-003
  4.8627986e-003
  2.3320227e-003
 -1.4921449e-004
 -2.5648292e-003
 -5.1701606e-003
 -7.4185412e-003
 -9.5913768e-003
 -1.1666685e-002
 -1.3654928e-002
 -1.5549903e-002
 -1.7339001e-002
 -1.9017604e-002
 -2.0587059e-002
 -2.2031515e-002
 -2.3358114e-002
 -2.4553461e-002
 -2.5615912e-002
 -2.6544217e-002
 -2.7334734e-002
 -2.7988499e-002
 -2.8595926e-002
 -2.8961253e-002
 -2.9187815e-002
 -2.9281353e-002
 -2.9208412e-002
 -2.9005217e-002
 -2.8520974e-002
 -2.8031287e-002
 -2.7112256e-002
 -2.6354174e-002
 -2.5003751e-002
 -2.4005525e-002
 -2.2238983e-002
 -2.0202875e-002
