




0.12380640182255
0.125
0.12380640182255
0.1226128036451
0.1162518597934
0.1119742187922
0.107696577791
0.10585948865085
0.1040223995107
0.098994087869255
0.09396577622781
0.089396233725465
0.08482669122312
0.08209193404932
0.07935717687552
0.07159302347166
0.068855910160575
0.06611879684949
0.063134539141845
0.0601502814342
0.05768920145392
0.05522812147364
0.05302936055996
0.05083059964628
0.04873343472096
0.04663626979564
0.04342516436856
0.041683577659945
0.03994199095133
0.03876614856583
0.03759030618033
0.036148980501425
0.03470765482252
0.033676990673825
0.03264632652513
0.03160790157249
0.03056947661985
0.02838951822517
0.027820982343
0.02725244646083
0.02634744723559
0.02544244801035
0.02461883217869
0.02379521634703
0.023419499174335
0.02304378200164
0.02234901821039
0.02165425441914
0.02039401346
0.02013858398528
0.01988315451056
0.01934553307804
0.01880791164552
0.01831810242741
0.0178282932093
0.01748874772329
0.01714920223728
0.0168863421238
0.01662348201032
0.01585147993296
0.015496556936635
0.01514163394031
0.014954542128855
0.0147674503174
0.01453409260018
0.01430073488296
0.01401556704771
0.01373039921246
0.0132059830324
0.01299410698267
0.01278223093294
0.012693070007345
0.01260390908175
0.012389863144395
0.01217581720704
0.011979265540195
0.01178271387335
0.01160061241471
0.01141851095607
0.01111642160723
0.011066021006055
0.01101562040488
0.010865059939075
0.01071449947327
0.010576125238425
0.01043775100358
0.01031004021679
0.01018232943
0.010064530848082
0.009946732266164
0.009729600873389
0.0097127034544895
0.00969580603559
0.0095980036927395
0.009500201349889
0.009409855250615
0.009319509151341
0.009236961433648
0.009154413715955
0.0090784568697325
0.00900250002351
0.008863758612165
0.008800609454454
0.008737460296743
0.008679946808256
0.008622433319769
0.0085738113312595
0.00852518934275
0.008517338115264
0.008509486887778
0.008463665216756
0.008417843545734
0.008336324698113
0.0083002503270865
0.00826417595606
0.008232656496294
0.008201137036528
0.008174059616193
0.008146982195858
0.0081243485600705
0.008101714924283
0.008083306373354
0.008064897822425
0.008036402469451
0.008026266155934
0.008016129842417
0.0080100890957525
0.008004048349088
0.008002024174544
0.008
0.008002024174544
0.008004048349088
0.008016129842417
0.008026266155934
0.008036402469451
0.008050650145938
0.008064897822425
0.008083306373354
0.008101714924283
0.0081243485600705
0.008146982195858
0.008174059616193
0.008201137036528
0.00826417595606
0.0083002503270865
0.008336324698113
0.0083770841219235
0.008417843545734
0.008463665216756
0.008509486887778
0.008517338115264
0.00852518934275
0.0085738113312595
0.008622433319769
0.008737460296743
0.008800609454454
0.008863758612165
0.0089331293178375
0.00900250002351
0.0090784568697325
0.009154413715955
0.009236961433648
0.009319509151341
0.009409855250615
0.009500201349889
0.00969580603559
0.0097127034544895
0.009729600873389
0.0098381665697765
0.009946732266164
0.010064530848082
0.01018232943
0.01031004021679
0.01043775100358
0.010576125238425
0.01071449947327
0.01101562040488
0.011066021006055
0.01111642160723
0.01126746628165
0.01141851095607
0.01160061241471
0.01178271387335
0.011979265540195
0.01217581720704
0.012389863144395
0.01260390908175
0.01278223093294
0.01299410698267
0.0132059830324
0.01346819112243
0.01373039921246
0.01401556704771
0.01430073488296
0.01453409260018
0.0147674503174
0.01514163394031
0.015496556936635
0.01585147993296
0.01623748097164
0.01662348201032
0.0168863421238
0.01714920223728
0.01748874772329
0.0178282932093
0.01831810242741
0.01880791164552
0.01988315451056
0.02013858398528
0.02039401346
0.02102413393957
0.02165425441914
0.02234901821039
0.02304378200164
0.023419499174335
0.02379521634703
0.02461883217869
0.02544244801035
0.02725244646083
0.027820982343
0.02838951822517
0.02947949742251
0.03056947661985
0.03160790157249
0.03264632652513
0.033676990673825
0.03470765482252
0.036148980501425
0.03759030618033
0.03994199095133
0.041683577659945
0.04342516436856
0.0450307170821
0.04663626979564
0.04873343472096
0.05083059964628
0.05302936055996
0.05522812147364
0.05768920145392
0.0601502814342
0.06611879684949
0.068855910160575
0.07159302347166
0.075475100173585
0.07935717687551
0.082091934049315
0.08482669122312
0.089396233725465
0.09396577622781
0.098994087869255
0.1040223995107
0.107696577791
0.1119742187922
0.1162518597934
0.11943233171925
0.1226128036451
0.12380640182255
0.125
0.12380640182255
0.1226128036451
0.1162518597934
0.1119742187922
0.107696577791
0.10585948865085
0.1040223995107
0.098994087869255
0.09396577622781
0.089396233725465
0.08482669122312
0.08209193404932
0.07935717687552
0.07159302347166
0.068855910160575
0.06611879684949
0.063134539141845
0.0601502814342
0.05768920145392
0.05522812147364
0.05302936055996
0.05083059964628
0.04873343472096
0.04663626979564
0.04342516436856
0.041683577659945
0.03994199095133
0.03876614856583
0.03759030618033
0.036148980501425
0.03470765482252
0.033676990673825
0.03264632652513
0.03160790157249
0.03056947661985
0.02838951822517
0.027820982343
0.02725244646083
0.02634744723559
0.02544244801035
0.02461883217869
0.02379521634703
0.023419499174335
0.02304378200164
0.02234901821039
0.02165425441914
0.02039401346
0.02013858398528
0.01988315451056
0.01934553307804
0.01880791164552
0.01831810242741
0.0178282932093
0.01748874772329
0.01714920223728
0.0168863421238
0.01662348201032
0.01585147993296
0.015496556936635
0.01514163394031
0.014954542128855
0.0147674503174
0.01453409260018
0.01430073488296
0.01401556704771
0.01373039921246
0.0132059830324
0.01299410698267
0.01278223093294
0.012693070007345
0.01260390908175
0.012389863144395
0.01217581720704
0.011979265540195
0.01178271387335
0.01160061241471
0.01141851095607
0.01111642160723
0.011066021006055
0.01101562040488
0.010865059939075
0.01071449947327
0.010576125238425
0.01043775100358
0.01031004021679
0.01018232943
0.010064530848082
0.009946732266164
0.009729600873389
0.0097127034544895
0.00969580603559
0.0095980036927395
0.009500201349889
0.009409855250615
0.009319509151341
0.009236961433648
0.009154413715955
0.0090784568697325
0.00900250002351
0.008863758612165
0.008800609454454
0.008737460296743
0.008679946808256
0.008622433319769
0.0085738113312595
0.00852518934275
0.008517338115264
0.008509486887778
0.008463665216756
0.008417843545734
0.008336324698113
0.0083002503270865
0.00826417595606
0.008232656496294
0.008201137036528
0.008174059616193
0.008146982195858
0.0081243485600705
0.008101714924283
0.008083306373354
0.008064897822425
0.008036402469451
0.008026266155934
0.008016129842417
0.0080100890957525
0.008004048349088
0.008002024174544
0.008
0.008002024174544
0.008004048349088
0.008016129842417
0.008026266155934
0.008036402469451
0.008050650145938
0.008064897822425
0.008083306373354
0.008101714924283
0.0081243485600705
0.008146982195858
0.008174059616193
0.008201137036528
0.00826417595606
0.0083002503270865
0.008336324698113
0.0083770841219235
0.008417843545734
0.008463665216756
0.008509486887778
0.008517338115264
0.00852518934275
0.0085738113312595
0.008622433319769
0.008737460296743
0.008800609454454
0.008863758612165
0.0089331293178375
0.00900250002351
0.0090784568697325
0.009154413715955
0.009236961433648
0.009319509151341
0.009409855250615
0.009500201349889
0.00969580603559
0.0097127034544895
0.009729600873389
0.0098381665697765
0.009946732266164
0.010064530848082
0.01018232943
0.01031004021679
0.01043775100358
0.010576125238425
0.01071449947327
0.01101562040488
0.011066021006055
0.01111642160723
0.01126746628165
0.01141851095607
0.01160061241471
0.01178271387335
0.011979265540195
0.01217581720704
0.012389863144395
0.01260390908175
0.01278223093294
0.01299410698267
0.0132059830324
0.01346819112243
0.01373039921246
0.01401556704771
0.01430073488296
0.01453409260018
0.0147674503174
0.01514163394031
0.015496556936635
0.01585147993296
0.01623748097164
0.01662348201032
0.0168863421238
0.01714920223728
0.01748874772329
0.0178282932093
0.01831810242741
0.01880791164552
0.01988315451056
0.02013858398528
0.02039401346
0.02102413393957
0.02165425441914
0.02234901821039
0.02304378200164
0.023419499174335
0.02379521634703
0.02461883217869
0.02544244801035
0.02725244646083
0.027820982343
0.02838951822517
0.02947949742251
0.03056947661985
0.03160790157249
0.03264632652513
0.033676990673825
0.03470765482252
0.036148980501425
0.03759030618033
0.03994199095133
0.041683577659945
0.04342516436856
0.0450307170821
0.04663626979564
0.04873343472096
0.05083059964628
0.05302936055996
0.05522812147364
0.05768920145392
0.0601502814342
0.06611879684949
0.068855910160575
0.07159302347166
0.07547510017359
0.07935717687552
0.08209193404932
0.08482669122312
0.089396233725465
0.09396577622781
0.098994087869255
0.1040223995107
0.107696577791
0.1119742187922
0.1162518597934
0.11943233171925
0.1226128036451
