




0.016715178
0.017577785
0.0180520765
0.018526368
0.020051164
0.021263264
0.023305233
0.024883597
0.027679347
0.028711619
0.029743891
0.033637717
0.038532187
0.04183011
0.048705921
0.057369712
0.0627085685
0.068047425
0.075156773
0.089202476
0.098978784
0.10931799
0.12003527
0.12226229
0.12448931
0.12402141
0.11786715
0.1083305
0.098007076
0.0904071505
0.082807225
0.074405154
0.068713469
0.057058864
0.052291403
0.044453265
0.0413819125
0.03831056
0.035308878
0.031002314
0.028750326
0.025706016
0.023238059
0.0225269225
0.021815786
0.020002298
0.01890467
0.017545548
0.016685609
0.015899544
0.0154293145
0.014959085
0.01433047
0.013592567
0.013082803
0.012615374
0.012348296
0.012081218
0.011698285
0.01134328
0.011017004
0.010715782
0.010385808
0.0102605425
0.010135277
0.0099041629
0.0096920777
0.0094958931
0.0093147392
0.0091281971
0.00905363955
0.008979082
0.0088435283
0.0087189993
0.0086061735
0.0085044629
0.0084586954
0.0084129279
0.0083315891
0.0082555657
0.0081939545
0.0081411176
0.0080970604
0.00807920845
0.0080613565
0.0080338827
0.0080145445
0.0080032755
0.0080000334
0.0080047759
0.00801116505
0.0080175542
0.0080384119
0.0080674208
0.0081046806
0.0081503202
0.0082047793
0.00823641515
0.008268051
0.0083459036
0.0084294362
0.0085228637
0.008626536
0.00868397335
0.0087414107
0.0088674669
0.0090058723
0.0091573492
0.0093218981
0.0095019269
0.0096157639
0.0097296009
0.0099457115
0.010180125
0.010434185
0.010709372
0.01107553
0.0112417165
0.011407903
0.011766365
0.01215641
0.01270015
0.013174437
0.013691705
0.0139728015
0.014253898
0.015081237
0.0157769
0.016841039
0.017715006
0.018193612
0.018672218
0.020216929
0.021445018
0.023514184
0.025107484
0.027939995
0.029691709
0.031443423
0.033957945
0.038901339
0.045172198
0.05313436
0.063205609
0.069321363
0.075437117
0.089294497
0.098866058
0.11197441
0.11963437
0.12428406
0.124397265
0.12451047
0.12023676
0.11277322
0.099833025
0.090169065
0.083182016
0.076194967
0.063775586
0.053569178
0.049472612
0.045468908
0.039127184
0.0366281325
0.034129081
0.03015285
0.02804961
0.025189052
0.023588261
0.021504481
0.020885555
0.020266629
0.018711961
0.017747771
0.01687109
0.015800697
0.015103148
0.0147819295
0.014460711
0.013707612
0.013189139
0.012711806
0.012272118
0.012024143
0.011776168
0.011415478
0.011082552
0.010775261
0.010438941
0.010184535
0.0100671659
0.0099497968
0.0097333826
0.0095340758
0.009349968
0.0091595538
0.0090078989
0.00893861165
0.0088693244
0.0087425416
0.0086275641
0.0085233283
0.0084298534
0.0083882499
0.0083466464
0.0082729367
0.0082084557
0.00815297
0.0081064809
0.0080674208
0.00805291635
0.0080384119
0.0080175542
0.0080047759
0.0080000334
0.0080033104
0.0080145445
0.0080242136
0.0080338827
0.0080613565
0.0080972521
0.0081413498
0.0081942282
0.0082558819
0.0082940986
0.0083323153
0.008413745
0.0085053743
0.0086071827
0.0087201105
0.00878242845
0.0088447464
0.0089810764
0.0091303679
0.0092926204
0.0094984771
0.0096948734
0.0098015319
0.0099081904
0.010139624
0.010390498
0.010720918
0.011023929
0.011350747
0.0115285435
0.01170634
0.012091646
0.012626862
0.013097292
0.013608242
0.014163539
0.014570752
0.014977965
0.015667678
0.016715178
