




0.125
0.1226128036451
0.11943233171925
0.1162518597934
0.1040223995107
0.09396577622781
0.07935717687552
0.07159302347166
0.0601502814342
0.05549044054024
0.05083059964628
0.04342516436856
0.03994199095133
0.03470765482252
0.03056947661985
0.02947949742251
0.02838951822517
0.02544244801035
0.02304378200164
0.02165425441914
0.02039401346
0.01960096255276
0.01880791164552
0.0178282932093
0.01662348201032
0.01585147993296
0.01514163394031
0.01430073488296
0.01401556704771
0.01373039921246
0.0132059830324
0.01260390908175
0.01217581720704
0.01178271387335
0.01160061241471
0.01141851095607
0.01101562040488
0.01071449947327
0.01043775100358
0.01018232943
0.009946732266164
0.0098381665697765
0.009729600873389
0.009500201349889
0.009319509151341
0.009154413715955
0.00900250002351
0.0089331293178375
0.008863758612165
0.008737460296743
0.008622433319769
0.008509486887778
0.008417843545734
0.0083770841219235
0.008336324698113
0.00826417595606
0.008201137036528
0.008146982195858
0.008101714924283
0.008064897822425
0.008050650145938
0.008036402469451
0.008016129842417
0.008004048349088
0.008
0.008004048349088
0.0080100890957525
0.008016129842417
0.008036402469451
0.008064897822425
0.008101714924283
0.008146982195858
0.008201137036528
0.008232656496294
0.00826417595606
0.008336324698113
0.008417843545734
0.008509486887778
0.008622433319769
0.008679946808256
0.008737460296743
0.008863758612165
0.00900250002351
0.009154413715955
0.009319509151341
0.009409855250615
0.009500201349889
0.00969580603559
0.009946732266164
0.01018232943
0.01043775100358
0.01071449947327
0.010865059939075
0.01101562040488
0.01141851095607
0.01178271387335
0.01217581720704
0.01260390908175
0.012904946057075
0.0132059830324
0.01373039921246
0.01430073488296
0.01514163394031
0.01585147993296
0.01662348201032
0.01722588760981
0.0178282932093
0.01880791164552
0.02039401346
0.02165425441914
0.02304378200164
0.024243115005995
0.02544244801035
0.02838951822517
0.03056947661985
0.03470765482252
0.03759030618033
0.040507735274445
0.04342516436856
0.05083059964628
0.0601502814342
0.07159302347166
0.07935717687551
0.09396577622781
0.098994087869255
0.1040223995107
0.1162518597934
0.1226128036451
0.125
0.1226128036451
0.11943233171925
0.1162518597934
0.1040223995107
0.09396577622781
0.07935717687552
0.07159302347166
0.0601502814342
0.05549044054024
0.05083059964628
0.04342516436856
0.03994199095133
0.03470765482252
0.03056947661985
0.02947949742251
0.02838951822517
0.02544244801035
0.02304378200164
0.02165425441914
0.02039401346
0.01960096255276
0.01880791164552
0.0178282932093
0.01662348201032
0.01585147993296
0.01514163394031
0.01430073488296
0.01401556704771
0.01373039921246
0.0132059830324
0.01260390908175
0.01217581720704
0.01178271387335
0.01160061241471
0.01141851095607
0.01101562040488
0.01071449947327
0.01043775100358
0.01018232943
0.009946732266164
0.0098381665697765
0.009729600873389
0.009500201349889
0.009319509151341
0.009154413715955
0.00900250002351
0.0089331293178375
0.008863758612165
0.008737460296743
0.008622433319769
0.008509486887778
0.008417843545734
0.0083770841219235
0.008336324698113
0.00826417595606
0.008201137036528
0.008146982195858
0.008101714924283
0.008064897822425
0.008050650145938
0.008036402469451
0.008016129842417
0.008004048349088
0.008
0.008004048349088
0.0080100890957525
0.008016129842417
0.008036402469451
0.008064897822425
0.008101714924283
0.008146982195858
0.008201137036528
0.008232656496294
0.00826417595606
0.008336324698113
0.008417843545734
0.008509486887778
0.008622433319769
0.008679946808256
0.008737460296743
0.008863758612165
0.00900250002351
0.009154413715955
0.009319509151341
0.009409855250615
0.009500201349889
0.00969580603559
0.009946732266164
0.01018232943
0.01043775100358
0.01071449947327
0.010865059939075
0.01101562040488
0.01141851095607
0.01178271387335
0.01217581720704
0.01260390908175
0.012904946057075
0.0132059830324
0.01373039921246
0.01430073488296
0.01514163394031
0.01585147993296
0.01662348201032
0.01722588760981
0.0178282932093
0.01880791164552
0.02039401346
0.02165425441914
0.02304378200164
0.024243115005995
0.02544244801035
0.02838951822517
0.03056947661985
0.03470765482252
0.03759030618033
0.040507735274445
0.04342516436856
0.05083059964628
0.0601502814342
0.07159302347166
0.07935717687552
0.09396577622781
0.098994087869255
0.1040223995107
0.1162518597934
0.1226128036451
