




0.0096131911
0.0098198997
0.00993156685
0.010043234
0.010334634
0.010604525
0.010897002
0.011213865
0.011643861
0.011835765
0.012027669
0.012445763
0.012899479
0.013545761
0.014103115
0.01440777
0.014712425
0.015617953
0.016378976
0.017211308
0.018518538
0.019579485
0.0201604925
0.0207415
0.022689389
0.024199458
0.02686232
0.028841518
0.032547516
0.0348707075
0.037193899
0.040374785
0.046957927
0.055294878
0.065687531
0.0719034475
0.078119364
0.086676936
0.10119417
0.11081169
0.11921981
0.124319
0.124306565
0.12429413
0.11916533
0.11073428
0.096506774
0.086608238
0.079551294
0.07249435
0.060404252
0.05526149
0.05069302
0.0431056
0.037183258
0.034856425
0.032529592
0.030136669
0.026848533
0.025051239
0.022684001
0.0219980765
0.021312152
0.019575201
0.018514625
0.017207848
0.016375801
0.015617953
0.015163884
0.014709815
0.014103115
0.01354354
0.013033381
0.012445763
0.012236716
0.012027669
0.011643861
0.011288406
0.010897002
0.010604525
0.010334634
0.0102101695
0.010085705
0.0098562707
0.0096131911
0.0094230082
0.0092483054
0.009088136
0.0090145649
0.0089409938
0.0088074564
0.0086850335
0.0085748636
0.0084753329
0.00842756005
0.0083797872
0.0083021963
0.0082339403
0.0081747717
0.0081246948
0.0080832305
0.00806673135
0.0080502322
0.0080256817
0.0080092581
0.0080010609
0.008000983
0.008005004
0.008009025
0.0080252919
0.0080498215
0.0080825232
0.0081238251
0.0081739949
0.0082033649
0.0082327349
0.0083008163
0.0083782278
0.0084656883
0.008563179
0.00861738995
0.0086716009
0.008805084
0.0089390479
0.0090853078
0.0092452312
0.0094196737
0.0095146272
0.0096095807
0.0098159959
0.010081432
0.01033002
0.010599546
0.010891631
0.0110498515
0.011208072
0.01155086
0.0120208
0.012438341
0.012889454
0.0131364285
0.013383403
0.014091091
0.014699381
0.015362248
0.016363111
0.017194018
0.017846502
0.018498986
0.019553802
0.020718046
0.02265709
0.024163906
0.025492448
0.02682099
0.028795872
0.032484841
0.03713011
0.040292471
0.046859769
0.051018938
0.055178107
0.065550793
0.077965335
0.086516658
0.10103866
0.1058574
0.11067614
0.11913801
0.12429413
0.12431406
0.11920621
0.11075365
0.103630212
0.096506774
0.086585341
0.072452258
0.060349747
0.055211445
0.04688779
0.0436018795
0.040315969
0.037151358
0.032502732
0.030112419
0.026827872
0.025927086
0.0250263
0.022667849
0.021297467
0.019558079
0.018502893
0.017197474
0.016781878
0.016366282
0.015606294
0.014701989
0.014093494
0.013536882
0.01321417
0.012891458
0.012438341
0.0120208
0.011637498
0.011283986
0.010891631
0.0107455885
0.010599546
0.01033002
0.010081432
0.0098523159
0.0096095807
0.0095150438
0.0094205069
0.0092459993
0.0090853078
0.0089390479
0.008805084
0.0086834136
0.00862816025
0.0085729069
0.0084735713
0.0083782278
0.0083008163
0.0082327349
0.0082033649
0.0081739949
0.0081238251
0.0080825232
0.0080498215
0.0080252919
0.008009025
0.008005004
0.008000983
0.0080010609
0.0080092581
0.0080256817
0.0080502322
0.0080832305
0.00810396265
0.0081246948
0.0081747717
0.0082339403
0.0083021963
0.0083797872
0.0084236105
0.0084674338
0.0085651172
0.00867374
0.0088074564
0.0089416429
0.009088136
0.0091682207
0.0092483054
0.0094230082
0.0096131911
