1.250000000000e-001
1.226128036451e-001
1.162518597934e-001
1.076965777910e-001
1.040223995107e-001
9.396577622781e-002
8.482669122312e-002
7.935717687552e-002
7.159302347166e-002
6.611879684949e-002
6.015028143420e-002
5.522812147364e-002
5.083059964628e-002
4.663626979564e-002
4.342516436856e-002
3.994199095133e-002
3.759030618033e-002
3.470765482252e-002
3.264632652513e-002
3.056947661985e-002
2.838951822517e-002
2.725244646083e-002
2.544244801035e-002
2.379521634703e-002
2.304378200164e-002
2.165425441914e-002
2.039401346000e-002
1.988315451056e-002
1.880791164552e-002
1.782829320930e-002
1.714920223728e-002
1.662348201032e-002
1.585147993296e-002
1.514163394031e-002
1.476745031740e-002
1.430073488296e-002
1.373039921246e-002
1.320598303240e-002
1.278223093294e-002
1.260390908175e-002
1.217581720704e-002
1.178271387335e-002
1.141851095607e-002
1.111642160723e-002
1.101562040488e-002
1.071449947327e-002
1.043775100358e-002
1.018232943000e-002
9.946732266164e-003
9.729600873389e-003
9.695806035590e-003
9.500201349889e-003
9.319509151341e-003
9.154413715955e-003
9.002500023510e-003
8.863758612165e-003
8.737460296743e-003
8.622433319769e-003
8.525189342750e-003
8.509486887778e-003
8.417843545734e-003
8.336324698113e-003
8.264175956060e-003
8.201137036528e-003
8.146982195858e-003
8.101714924283e-003
8.064897822425e-003
8.036402469451e-003
8.016129842417e-003
8.004048349088e-003
8.000000000000e-003
8.004048349088e-003
8.016129842417e-003
8.036402469451e-003
8.064897822425e-003
8.101714924283e-003
8.146982195858e-003
8.201137036528e-003
8.264175956060e-003
8.336324698113e-003
8.417843545734e-003
8.509486887778e-003
8.525189342750e-003
8.622433319769e-003
8.737460296743e-003
8.863758612165e-003
9.002500023510e-003
9.154413715955e-003
9.319509151341e-003
9.500201349889e-003
9.695806035590e-003
9.729600873389e-003
9.946732266164e-003
1.018232943000e-002
1.043775100358e-002
1.071449947327e-002
1.101562040488e-002
1.111642160723e-002
1.141851095607e-002
1.178271387335e-002
1.217581720704e-002
1.260390908175e-002
1.278223093294e-002
1.320598303240e-002
1.373039921246e-002
1.430073488296e-002
1.476745031740e-002
1.514163394031e-002
1.585147993296e-002
1.662348201032e-002
1.714920223728e-002
1.782829320930e-002
1.880791164552e-002
1.988315451056e-002
2.039401346000e-002
2.165425441914e-002
2.304378200164e-002
2.379521634703e-002
2.544244801035e-002
2.725244646083e-002
2.838951822517e-002
3.056947661985e-002
3.264632652513e-002
3.470765482252e-002
3.759030618033e-002
3.994199095133e-002
4.342516436856e-002
4.663626979564e-002
5.083059964628e-002
5.522812147364e-002
6.015028143420e-002
6.611879684949e-002
7.159302347166e-002
7.935717687551e-002
8.482669122312e-002
9.396577622781e-002
1.040223995107e-001
1.076965777910e-001
1.162518597934e-001
1.226128036451e-001
1.250000000000e-001
1.226128036451e-001
1.162518597934e-001
1.076965777910e-001
1.040223995107e-001
9.396577622781e-002
8.482669122312e-002
7.935717687552e-002
7.159302347166e-002
6.611879684949e-002
6.015028143420e-002
5.522812147364e-002
5.083059964628e-002
4.663626979564e-002
4.342516436856e-002
3.994199095133e-002
3.759030618033e-002
3.470765482252e-002
3.264632652513e-002
3.056947661985e-002
2.838951822517e-002
2.725244646083e-002
2.544244801035e-002
2.379521634703e-002
2.304378200164e-002
2.165425441914e-002
2.039401346000e-002
1.988315451056e-002
1.880791164552e-002
1.782829320930e-002
1.714920223728e-002
1.662348201032e-002
1.585147993296e-002
1.514163394031e-002
1.476745031740e-002
1.430073488296e-002
1.373039921246e-002
1.320598303240e-002
1.278223093294e-002
1.260390908175e-002
1.217581720704e-002
1.178271387335e-002
1.141851095607e-002
1.111642160723e-002
1.101562040488e-002
1.071449947327e-002
1.043775100358e-002
1.018232943000e-002
9.946732266164e-003
9.729600873389e-003
9.695806035590e-003
9.500201349889e-003
9.319509151341e-003
9.154413715955e-003
9.002500023510e-003
8.863758612165e-003
8.737460296743e-003
8.622433319769e-003
8.525189342750e-003
8.509486887778e-003
8.417843545734e-003
8.336324698113e-003
8.264175956060e-003
8.201137036528e-003
8.146982195858e-003
8.101714924283e-003
8.064897822425e-003
8.036402469451e-003
8.016129842417e-003
8.004048349088e-003
8.000000000000e-003
8.004048349088e-003
8.016129842417e-003
8.036402469451e-003
8.064897822425e-003
8.101714924283e-003
8.146982195858e-003
8.201137036528e-003
8.264175956060e-003
8.336324698113e-003
8.417843545734e-003
8.509486887778e-003
8.525189342750e-003
8.622433319769e-003
8.737460296743e-003
8.863758612165e-003
9.002500023510e-003
9.154413715955e-003
9.319509151341e-003
9.500201349889e-003
9.695806035590e-003
9.729600873389e-003
9.946732266164e-003
1.018232943000e-002
1.043775100358e-002
1.071449947327e-002
1.101562040488e-002
1.111642160723e-002
1.141851095607e-002
1.178271387335e-002
1.217581720704e-002
1.260390908175e-002
1.278223093294e-002
1.320598303240e-002
1.373039921246e-002
1.430073488296e-002
1.476745031740e-002
1.514163394031e-002
1.585147993296e-002
1.662348201032e-002
1.714920223728e-002
1.782829320930e-002
1.880791164552e-002
1.988315451056e-002
2.039401346000e-002
2.165425441914e-002
2.304378200164e-002
2.379521634703e-002
2.544244801035e-002
2.725244646083e-002
2.838951822517e-002
3.056947661985e-002
3.264632652513e-002
3.470765482252e-002
3.759030618033e-002
3.994199095133e-002
4.342516436856e-002
4.663626979564e-002
5.083059964628e-002
5.522812147364e-002
6.015028143420e-002
6.611879684949e-002
7.159302347166e-002
7.935717687552e-002
8.482669122312e-002
9.396577622781e-002
1.040223995107e-001
1.076965777910e-001
1.162518597934e-001
1.226128036451e-001
