  9.6131911e-003
  9.8198997e-003
  1.0043234e-002
  1.0334634e-002
  1.0604525e-002
  1.0897002e-002
  1.1213865e-002
  1.1643861e-002
  1.2027669e-002
  1.2445763e-002
  1.2899479e-002
  1.3545761e-002
  1.4103115e-002
  1.4712425e-002
  1.5617953e-002
  1.6378976e-002
  1.7211308e-002
  1.8518538e-002
  1.9579485e-002
  2.0741500e-002
  2.2689389e-002
  2.4199458e-002
  2.6862320e-002
  2.8841518e-002
  3.2547516e-002
  3.7193899e-002
  4.0374785e-002
  4.6957927e-002
  5.5294878e-002
  6.5687531e-002
  7.8119364e-002
  8.6676936e-002
  1.0119417e-001
  1.1081169e-001
  1.1921981e-001
  1.2431900e-001
  1.2429413e-001
  1.1916533e-001
  1.1073428e-001
  9.6506774e-002
  8.6608238e-002
  7.2494350e-002
  6.0404252e-002
  5.5261490e-002
  5.0693020e-002
  4.3105600e-002
  3.7183258e-002
  3.2529592e-002
  3.0136669e-002
  2.6848533e-002
  2.5051239e-002
  2.2684001e-002
  2.1312152e-002
  1.9575201e-002
  1.8514625e-002
  1.7207848e-002
  1.6375801e-002
  1.5617953e-002
  1.4709815e-002
  1.4103115e-002
  1.3543540e-002
  1.3033381e-002
  1.2445763e-002
  1.2027669e-002
  1.1643861e-002
  1.1288406e-002
  1.0897002e-002
  1.0604525e-002
  1.0334634e-002
  1.0085705e-002
  9.8562707e-003
  9.6131911e-003
  9.4230082e-003
  9.2483054e-003
  9.0881360e-003
  8.9409938e-003
  8.8074564e-003
  8.6850335e-003
  8.5748636e-003
  8.4753329e-003
  8.3797872e-003
  8.3021963e-003
  8.2339403e-003
  8.1747717e-003
  8.1246948e-003
  8.0832305e-003
  8.0502322e-003
  8.0256817e-003
  8.0092581e-003
  8.0010609e-003
  8.0009830e-003
  8.0090250e-003
  8.0252919e-003
  8.0498215e-003
  8.0825232e-003
  8.1238251e-003
  8.1739949e-003
  8.2327349e-003
  8.3008163e-003
  8.3782278e-003
  8.4656883e-003
  8.5631790e-003
  8.6716009e-003
  8.8050840e-003
  8.9390479e-003
  9.0853078e-003
  9.2452312e-003
  9.4196737e-003
  9.6095807e-003
  9.8159959e-003
  1.0081432e-002
  1.0330020e-002
  1.0599546e-002
  1.0891631e-002
  1.1208072e-002
  1.1550860e-002
  1.2020800e-002
  1.2438341e-002
  1.2889454e-002
  1.3383403e-002
  1.4091091e-002
  1.4699381e-002
  1.5362248e-002
  1.6363111e-002
  1.7194018e-002
  1.8498986e-002
  1.9553802e-002
  2.0718046e-002
  2.2657090e-002
  2.4163906e-002
  2.6820990e-002
  2.8795872e-002
  3.2484841e-002
  3.7130110e-002
  4.0292471e-002
  4.6859769e-002
  5.5178107e-002
  6.5550793e-002
  7.7965335e-002
  8.6516658e-002
  1.0103866e-001
  1.1067614e-001
  1.1913801e-001
  1.2429413e-001
  1.2431406e-001
  1.1920621e-001
  1.1075365e-001
  9.6506774e-002
  8.6585341e-002
  7.2452258e-002
  6.0349747e-002
  5.5211445e-002
  4.6887790e-002
  4.0315969e-002
  3.7151358e-002
  3.2502732e-002
  3.0112419e-002
  2.6827872e-002
  2.5026300e-002
  2.2667849e-002
  2.1297467e-002
  1.9558079e-002
  1.8502893e-002
  1.7197474e-002
  1.6366282e-002
  1.5606294e-002
  1.4701989e-002
  1.4093494e-002
  1.3536882e-002
  1.2891458e-002
  1.2438341e-002
  1.2020800e-002
  1.1637498e-002
  1.1283986e-002
  1.0891631e-002
  1.0599546e-002
  1.0330020e-002
  1.0081432e-002
  9.8523159e-003
  9.6095807e-003
  9.4205069e-003
  9.2459993e-003
  9.0853078e-003
  8.9390479e-003
  8.8050840e-003
  8.6834136e-003
  8.5729069e-003
  8.4735713e-003
  8.3782278e-003
  8.3008163e-003
  8.2327349e-003
  8.1739949e-003
  8.1238251e-003
  8.0825232e-003
  8.0498215e-003
  8.0252919e-003
  8.0090250e-003
  8.0009830e-003
  8.0010609e-003
  8.0092581e-003
  8.0256817e-003
  8.0502322e-003
  8.0832305e-003
  8.1246948e-003
  8.1747717e-003
  8.2339403e-003
  8.3021963e-003
  8.3797872e-003
  8.4674338e-003
  8.5651172e-003
  8.6737400e-003
  8.8074564e-003
  8.9416429e-003
  9.0881360e-003
  9.2483054e-003
  9.4230082e-003
  9.6131911e-003
