  1.6715178e-002
  1.7577785e-002
  1.8526368e-002
  2.0051164e-002
  2.1263264e-002
  2.3305233e-002
  2.4883597e-002
  2.7679347e-002
  2.9743891e-002
  3.3637717e-002
  3.8532187e-002
  4.1830110e-002
  4.8705921e-002
  5.7369712e-002
  6.8047425e-002
  7.5156773e-002
  8.9202476e-002
  9.8978784e-002
  1.0931799e-001
  1.2003527e-001
  1.2448931e-001
  1.2402141e-001
  1.1786715e-001
  1.0833050e-001
  9.8007076e-002
  8.2807225e-002
  7.4405154e-002
  6.8713469e-002
  5.7058864e-002
  5.2291403e-002
  4.4453265e-002
  3.8310560e-002
  3.5308878e-002
  3.1002314e-002
  2.8750326e-002
  2.5706016e-002
  2.3238059e-002
  2.1815786e-002
  2.0002298e-002
  1.8904670e-002
  1.7545548e-002
  1.6685609e-002
  1.5899544e-002
  1.4959085e-002
  1.4330470e-002
  1.3592567e-002
  1.3082803e-002
  1.2615374e-002
  1.2081218e-002
  1.1698285e-002
  1.1343280e-002
  1.1017004e-002
  1.0715782e-002
  1.0385808e-002
  1.0135277e-002
  9.9041629e-003
  9.6920777e-003
  9.4958931e-003
  9.3147392e-003
  9.1281971e-003
  8.9790820e-003
  8.8435283e-003
  8.7189993e-003
  8.6061735e-003
  8.5044629e-003
  8.4129279e-003
  8.3315891e-003
  8.2555657e-003
  8.1939545e-003
  8.1411176e-003
  8.0970604e-003
  8.0613565e-003
  8.0338827e-003
  8.0145445e-003
  8.0032755e-003
  8.0000334e-003
  8.0047759e-003
  8.0175542e-003
  8.0384119e-003
  8.0674208e-003
  8.1046806e-003
  8.1503202e-003
  8.2047793e-003
  8.2680510e-003
  8.3459036e-003
  8.4294362e-003
  8.5228637e-003
  8.6265360e-003
  8.7414107e-003
  8.8674669e-003
  9.0058723e-003
  9.1573492e-003
  9.3218981e-003
  9.5019269e-003
  9.7296009e-003
  9.9457115e-003
  1.0180125e-002
  1.0434185e-002
  1.0709372e-002
  1.1075530e-002
  1.1407903e-002
  1.1766365e-002
  1.2156410e-002
  1.2700150e-002
  1.3174437e-002
  1.3691705e-002
  1.4253898e-002
  1.5081237e-002
  1.5776900e-002
  1.6841039e-002
  1.7715006e-002
  1.8672218e-002
  2.0216929e-002
  2.1445018e-002
  2.3514184e-002
  2.5107484e-002
  2.7939995e-002
  3.1443423e-002
  3.3957945e-002
  3.8901339e-002
  4.5172198e-002
  5.3134360e-002
  6.3205609e-002
  7.5437117e-002
  8.9294497e-002
  9.8866058e-002
  1.1197441e-001
  1.1963437e-001
  1.2428406e-001
  1.2451047e-001
  1.2023676e-001
  1.1277322e-001
  9.9833025e-002
  9.0169065e-002
  7.6194967e-002
  6.3775586e-002
  5.3569178e-002
  4.9472612e-002
  4.5468908e-002
  3.9127184e-002
  3.4129081e-002
  3.0152850e-002
  2.8049610e-002
  2.5189052e-002
  2.3588261e-002
  2.1504481e-002
  2.0266629e-002
  1.8711961e-002
  1.7747771e-002
  1.6871090e-002
  1.5800697e-002
  1.5103148e-002
  1.4460711e-002
  1.3707612e-002
  1.3189139e-002
  1.2711806e-002
  1.2272118e-002
  1.1776168e-002
  1.1415478e-002
  1.1082552e-002
  1.0775261e-002
  1.0438941e-002
  1.0184535e-002
  9.9497968e-003
  9.7333826e-003
  9.5340758e-003
  9.3499680e-003
  9.1595538e-003
  9.0078989e-003
  8.8693244e-003
  8.7425416e-003
  8.6275641e-003
  8.5233283e-003
  8.4298534e-003
  8.3466464e-003
  8.2729367e-003
  8.2084557e-003
  8.1529700e-003
  8.1064809e-003
  8.0674208e-003
  8.0384119e-003
  8.0175542e-003
  8.0047759e-003
  8.0000334e-003
  8.0033104e-003
  8.0145445e-003
  8.0338827e-003
  8.0613565e-003
  8.0972521e-003
  8.1413498e-003
  8.1942282e-003
  8.2558819e-003
  8.3323153e-003
  8.4137450e-003
  8.5053743e-003
  8.6071827e-003
  8.7201105e-003
  8.8447464e-003
  8.9810764e-003
  9.1303679e-003
  9.2926204e-003
  9.4984771e-003
  9.6948734e-003
  9.9081904e-003
  1.0139624e-002
  1.0390498e-002
  1.0720918e-002
  1.1023929e-002
  1.1350747e-002
  1.1706340e-002
  1.2091646e-002
  1.2626862e-002
  1.3097292e-002
  1.3608242e-002
  1.4163539e-002
  1.4977965e-002
  1.5667678e-002
  1.6715178e-002
