  -3.478
  -3.362
  -2.509
  -2.952
  -2.885
  -2.779
   -2.83
  -1.991
   -2.28
  -3.245
  -2.796
  -2.298
  -2.518
  -2.021
   -1.82
  -1.847
  -1.288
  -1.366
  -1.048
  -0.728
 -0.7852
 -0.2641
 -0.2815
-0.006332
  0.3177
  0.2927
  0.7672
  0.7835
   1.058
   1.346
   1.381
   1.796
   1.844
   2.132
   2.359
   2.484
   2.814
   2.906
   3.219
   3.348
   3.618
    3.81
   3.962
   4.353
   4.247
   4.849
   4.811
   4.304
   4.906
   4.913
   5.338
   5.229
   4.842
   5.553
   4.916
   5.039
   5.757
   5.567
   5.797
   5.515
   5.725
   5.716
   5.481
   5.884
   5.478
   5.715
   5.726
   5.561
   5.494
   4.585
   5.612
   6.033
   5.234
   5.412
    4.85
   5.258
   5.413
   4.633
   4.876
   4.456
   4.217
   4.182
   3.755
    3.72
   3.407
   3.231
   3.027
   2.789
    2.62
   2.345
   2.227
   1.901
     1.8
   1.528
   1.288
   1.212
  0.7855
  0.8046
  0.4365
  0.2345
  0.1922
 -0.3275
   -0.19
 -0.6564
 -0.8205
 -0.8214
   -1.45
  -1.179
  -1.745
  -1.895
  -1.804
  -2.602
  -2.161
  -2.793
  -3.068
   -2.65
  -3.845
  -3.302
  -2.533
  -2.902
  -3.159
   -3.58
  -3.195
  -3.361
  -3.433
  -3.184
  -3.529
   -3.16
