  5.9302617e+001
  5.5823787e+001
  5.2571434e+001
  4.9523077e+001
  4.6402803e+001
  4.3219989e+001
  4.0036750e+001
  3.6247420e+001
  3.2812237e+001
  2.9723129e+001
  2.6618115e+001
  2.3355177e+001
  2.0372009e+001
  1.6957248e+001
  1.3489507e+001
  1.0407214e+001
  7.3085619e+000
  4.1200418e+000
  1.0306077e+000
 -2.3481677e+000
 -6.5118412e+000
 -1.2527172e+001
 -1.8877645e+001
 -2.5081413e+001
 -3.1399216e+001
 -3.7620371e+001
 -4.3920552e+001
 -5.0168356e+001
 -5.6419530e+001
 -6.2737537e+001
 -6.5321994e+001
 -6.4774453e+001
 -6.5211886e+001
 -6.4756783e+001
 -6.5371949e+001
 -6.2864136e+001
 -5.6427851e+001
 -5.0134615e+001
 -4.3976416e+001
 -3.7536534e+001
 -3.1529427e+001
 -2.4836394e+001
 -2.0289248e+001
 -1.9824965e+001
 -2.3482574e+001
 -3.0034917e+001
 -3.6192228e+001
 -4.2472944e+001
 -4.8798775e+001
 -5.4913375e+001
 -6.1504696e+001
 -6.5148660e+001
 -6.4910667e+001
 -6.5049132e+001
 -6.4976314e+001
 -6.5004599e+001
 -6.5011892e+001
 -6.4972008e+001
 -6.5045647e+001
 -6.4932442e+001
 -6.5099176e+001
 -6.4844279e+001
 -6.5302228e+001
 -6.2548060e+001
 -5.5905310e+001
 -4.9767550e+001
 -4.3477027e+001
 -3.7154114e+001
 -3.1044081e+001
 -2.4434668e+001
 -2.0094816e+001
 -1.9971961e+001
 -2.3857221e+001
 -3.0526133e+001
 -3.6578701e+001
 -4.2959750e+001
 -4.9188229e+001
 -5.5398541e+001
 -6.1884808e+001
 -6.5234338e+001
 -6.4874826e+001
 -6.4918133e+001
 -6.2019707e+001
 -5.8591301e+001
 -5.5075961e+001
 -5.1981656e+001
 -4.9046935e+001
 -4.4903975e+001
 -3.8578559e+001
 -3.2393871e+001
 -2.6073018e+001
 -1.9831920e+001
 -1.3586245e+001
 -7.2015452e+000
 -1.9642910e+000
  5.7160333e-001
  3.9611879e+000
  9.7318129e+000
  1.5862390e+001
  2.0409151e+001
  2.3733681e+001
  2.6723115e+001
  3.3157756e+001
  3.9305202e+001
  4.5670117e+001
  5.1853090e+001
  5.8186884e+001
  6.4398541e+001
  7.0700660e+001
  7.6964504e+001
  8.2988683e+001
  8.6556250e+001
  8.9484082e+001
  9.1719757e+001
  9.3430186e+001
  9.4751986e+001
  9.4865086e+001
  9.3556968e+001
  9.1108927e+001
  8.7481809e+001
  8.4557574e+001
  8.1305251e+001
  7.8177155e+001
  7.5035694e+001
  7.1968934e+001
  6.8800720e+001
  6.5692270e+001
  6.2546140e+001
 5.9302617e+001