  5.5883897e-001
  5.6321996e+000
  9.4877621e+000
  1.3443206e+001
  1.7782927e+001
  2.1812402e+001
  2.6050368e+001
  3.1127980e+001
  3.5490424e+001
  3.9517113e+001
  4.3865315e+001
  4.7785654e+001
  5.1648480e+001
  5.6517759e+001
  6.0935222e+001
  6.4793373e+001
  6.9003464e+001
  7.3179063e+001
  7.7039033e+001
  8.2010102e+001
  8.4914102e+001
  8.4992351e+001
  8.5002231e+001
  8.5005910e+001
  8.4985931e+001
  8.5022969e+001
  8.4966125e+001
  8.5048644e+001
  8.4931712e+001
  8.5022542e+001
  8.0279618e+001
  7.3668267e+001
  6.7539538e+001
  6.1246611e+001
  5.4847910e+001
  5.0051092e+001
  5.0086541e+001
  4.9919438e+001
  5.0070100e+001
  4.9942350e+001
  5.0034607e+001
  5.0042798e+001
  4.8856852e+001
  4.2334802e+001
  3.9863955e+001
  4.0025224e+001
  4.0019229e+001
  3.9951109e+001
  4.0080549e+001
  3.9868438e+001
  4.0251585e+001
  3.6800288e+001
  3.0033457e+001
  2.4021145e+001
  1.7582264e+001
  1.1451068e+001
  5.0718620e+000
 -1.0905294e+000
 -7.4571788e+000
 -1.3615257e+001
 -2.0008158e+001
 -2.6098653e+001
 -3.2679198e+001
 -3.7009242e+001
 -3.6933982e+001
 -3.7050656e+001
 -3.6962902e+001
 -3.7021862e+001
 -3.7006474e+001
 -3.6902312e+001
 -3.8489134e+001
 -4.5053062e+001
 -4.7129867e+001
 -4.6978966e+001
 -4.6979976e+001
 -4.7047171e+001
 -4.6923930e+001
 -4.7121332e+001
 -4.6789351e+001
 -5.0651182e+001
 -5.7399252e+001
 -6.3383146e+001
 -6.8194194e+001
 -7.1666605e+001
 -7.5499842e+001
 -7.8411832e+001
 -8.2487588e+001
 -8.5077620e+001
 -8.4911907e+001
 -8.5081225e+001
 -8.4914561e+001
 -8.5101767e+001
 -8.4859580e+001
 -8.5252850e+001
 -8.3412481e+001
 -7.9369130e+001
 -7.5935651e+001
 -7.3852255e+001
 -7.4255065e+001
 -7.6049634e+001
 -8.0404636e+001
 -8.4639574e+001
 -8.5059407e+001
 -8.4973369e+001
 -8.5013763e+001
 -8.4996032e+001
 -8.4991674e+001
 -8.5036600e+001
 -8.4570840e+001
 -8.2804191e+001
 -7.9443276e+001
 -7.5989449e+001
 -7.2769509e+001
 -6.8681421e+001
 -6.4170505e+001
 -5.9169131e+001
 -5.3238372e+001
 -4.6901406e+001
 -4.0732757e+001
 -3.6103469e+001
 -3.2237229e+001
 -2.7728994e+001
 -2.4006753e+001
 -1.9975631e+001
 -1.5934963e+001
 -1.1647216e+001
 -7.5646213e+000
 -3.3058190e+000
  5.5883897e-001