  3.9895123e+000
  4.1570870e+000
  5.3832245e+000
  6.5639030e+000
  7.7403265e+000
  8.9628872e+000
  1.0015984e+001
  9.9878115e+000
  1.0008949e+001
  9.9928868e+000
  1.0006052e+001
  9.9945602e+000
  1.0005111e+001
  9.9950249e+000
  1.0004979e+001
  9.9949103e+000
  1.0005288e+001
  9.9944384e+000
  1.0005904e+001
  9.9936884e+000
  1.0006787e+001
  9.9926670e+000
  1.0007959e+001
  9.9913217e+000
  1.0009510e+001
  9.9895178e+000
  1.0011638e+001
  9.9869569e+000
  1.0014801e+001
  9.9829114e+000
  1.0020227e+001
  9.9751336e+000
  1.0032544e+001
  9.9521502e+000
  1.0091829e+001
  9.5156334e+000
  8.2181926e+000
  7.0762414e+000
  5.8758331e+000
  4.6560974e+000
  3.8235762e+000
  4.6504188e+000
  5.8881654e+000
  7.0545524e+000
  8.2567349e+000
  9.4306797e+000
  1.0632453e+001
  1.1804120e+001
  1.3009514e+001
  1.4176669e+001
  1.5387328e+001
  1.6548554e+001
  1.7765244e+001
  1.8924591e+001
  2.0085594e+001
  1.9727235e+001
  1.8494929e+001
  1.7303199e+001
  1.6147858e+001
  1.4887707e+001
  1.3950831e+001
  1.4020536e+001
  1.3990080e+001
  1.4004022e+001
  1.4000036e+001
  1.3996746e+001
  1.4006100e+001
  1.3991139e+001
  1.4011786e+001
  1.3984813e+001
  1.4019601e+001
  1.3973772e+001
  1.4038662e+001
  1.3925598e+001
  1.4826351e+001
  1.6081238e+001
  1.7242840e+001
  1.8438182e+001
  1.9628801e+001
  2.0805130e+001
  2.2010511e+001
  2.3174013e+001
  2.4391476e+001
  2.5542879e+001
  2.6773067e+001
  2.7910513e+001
  2.9156617e+001
  3.0275186e+001
  3.1544670e+001
  3.2632714e+001
  3.3945014e+001
  3.4965950e+001
  3.6408199e+001
  3.6937006e+001
  3.7605742e+001
  3.8096708e+001
  3.7970909e+001
  3.7982009e+001
  3.8092424e+001
  3.7455746e+001
  3.6901927e+001
  3.6205395e+001
  3.4779485e+001
  3.3761166e+001
  3.2439265e+001
  3.1364536e+001
  3.0079286e+001
  2.8978375e+001
  2.7712965e+001
  2.6596405e+001
  2.5343698e+001
  2.4216604e+001
  2.2972774e+001
  2.1838109e+001
  2.0600789e+001
  1.9460500e+001
  1.8228045e+001
  1.7083562e+001
  1.5854687e+001
  1.4707209e+001
  1.3480745e+001
  1.2331469e+001
  1.1106117e+001
  9.9565491e+000
  8.7304427e+000
  7.5830510e+000
  6.3527916e+000
  5.2115765e+000
