  5.0583263e+000
  6.0497794e+000
  5.9583091e+000
  6.0450945e+000
  5.9314291e+000
  6.9025429e+000
  8.1378884e+000
  9.3067546e+000
  1.0502731e+001
  1.1686166e+001
  1.2875710e+001
  1.4061992e+001
  1.5250557e+001
  1.6436729e+001
  1.7626098e+001
  1.8810990e+001
  2.0001990e+001
  2.1184972e+001
  2.2378120e+001
  2.3558735e+001
  2.4754465e+001
  2.5932277e+001
  2.7131049e+001
  2.8305549e+001
  2.9507944e+001
  3.0678453e+001
  3.1885286e+001
  3.3050803e+001
  3.4263329e+001
  3.5422245e+001
  3.6642585e+001
  3.7792010e+001
  3.9024267e+001
  4.0158034e+001
  4.1412283e+001
  4.2511519e+001
  4.3834663e+001
  4.4005408e+001
  4.4039678e+001
  4.3896255e+001
  4.4486408e+001
  4.5132731e+001
  4.4924243e+001
  4.5053599e+001
  4.4958042e+001
  4.5034924e+001
  4.4969600e+001
  4.5027499e+001
  4.4974149e+001
  4.5025398e+001
  4.4973599e+001
  4.5029707e+001
  4.4962198e+001
  4.5060123e+001
  4.4830567e+001
  4.3921152e+001
  4.4044190e+001
  4.3964758e+001
  4.4033025e+001
  4.2949699e+001
  4.1750175e+001
  4.0558244e+001
  3.9381220e+001
  3.8180051e+001
  3.7008374e+001
  3.5803342e+001
  3.4634869e+001
  3.3426971e+001
  3.2261136e+001
  3.1050834e+001
  2.9887055e+001
  2.8675324e+001
  2.7511756e+001
  2.6302261e+001
  2.5133593e+001
  2.4947254e+001
  2.5040837e+001
  2.4961730e+001
  2.5038683e+001
  2.4959318e+001
  2.5043947e+001
  2.4951419e+001
  2.5055028e+001
  2.4935750e+001
  2.5078354e+001
  2.4897225e+001
  2.5157125e+001
  2.4591966e+001
  2.4022313e+001
  2.3362052e+001
  2.2891415e+001
  2.2034139e+001
  2.0692212e+001
  1.9600281e+001
  1.8350306e+001
  1.7202293e+001
  1.5993582e+001
  1.4811100e+001
  1.3634423e+001
  1.2419007e+001
  1.1279887e+001
  1.0016363e+001
  8.9488195e+000
  7.5488823e+000
  7.0335739e+000
  6.3573554e+000
  5.9052609e+000
  5.9643459e+000
  4.8811902e+000
  5.0800159e+000
  4.9375612e+000
  5.0517812e+000
  4.9555794e+000
  5.0389344e+000
  4.9653699e+000
  5.0311228e+000
  4.9718219e+000
  5.0256418e+000
  4.9765943e+000
  5.0213873e+000
  4.9804828e+000
  5.0177277e+000
  4.9840613e+000
  5.0140341e+000
  4.9881930e+000
  5.0088108e+000
  4.9961585e+000
  4.9924006e+000
