




-0.02007158127922
-0.015156690871635
-0.01024180046405
0.0009806653134517
0.01271616649383
0.01832353436298
0.02393090223213
0.03358052150329
0.04092862896131
0.03258784599224
0.02642491576221
0.02026198553218
0.01159085042473
0.003875892407246
0.000265771498228
-0.00334434941079
-0.01206678289209
-0.01884980398303
-0.01581515845173
-0.01278051292043
-0.006596578650871
-3.525418556771E-5
0.008732716733175
0.0131500167522325
0.01756731677129
0.02850382496628
0.03937693522902
0.04113709272449
0.04289725021996
0.04197648402791
0.03804234858748
0.033687022336375
0.02933169608527
0.02286546853424
0.0225241869073
0.02384013171584
0.024022503515845
0.02420487531585
0.02377626768033
0.02250276564092
0.02168605367352
0.02086934170612
0.01987192702774
0.01614365989332
0.01331599392856
0.0104883279638
0.006434551211487
0.003318247461125
0.0020191657506528
0.0007200840401806
-0.0005585311682919
-0.002797461607201
-0.005014910649344
-0.0061784245089575
-0.007341938368571
-0.00910332072653
-0.007498433395649
-0.005995435708757
-0.004492438021865
-0.001242618088312
0.002378921866782
0.004474396344935
0.006569870823088
0.009250588634883
0.01488595505801
0.02202107136015
0.026734151064725
0.0314472307693
0.04253968324524
0.05348143826484
0.057659988303535
0.06183853834223
0.06536803703952
0.06482760310616
0.062629848348785
0.06043209359141
0.05562125726655
0.04991914961237
0.03900216428299
0.035387766961155
0.03177336963932
0.02599240380887
0.02132771699058
0.01941842651653
0.01750913604248
0.01432309555716
0.01136486752344
0.010222877871947
0.009080888220454
0.007062828907971
0.005243437625986
0.003583905526171
0.002810850030115
0.002037794534059
0.000566367524836
0.00131782836954
0.0019050671796695
0.002492305989799
0.003667484673708
0.004857459400182
0.005466870733535
0.006076282066888
0.007344296246335
0.008670878702772
0.009378108671881
0.01008533864099
0.01160737929089
0.01325131659961
0.01504853512218
0.01604233822225
0.01703614132232
0.01923809527186
0.02170131840097
0.023020311139185
0.0243393038774
0.02697164003761
0.02961058568351
0.03089306946142
0.03217555323933
0.03460037626637
0.0373081000796
0.03918546619173
0.0399163117734
0.04064715735507
0.0416674653302
0.04235493860347
0.042335857265075
0.04231677592668
0.04152167025007
0.04060164413193
0.0383458501676
0.03609005620327
0.03273550255364
0.03039075251809
0.02949418787806
0.02897696271587
0.02845973755368
0.02816789747719
0.02864906262892
0.029328088941765
0.03000711525461
0.03121729176752
0.0345249435317
0.036245453266875
0.03796596300205
0.03651160892811
0.03231699693482
0.030324770657815
0.02833254438081
0.02059796494581
0.01433198956642
0.004255492466273
0.000548805881321
-0.003157880703631
-0.01371141812633
-0.0206187297836
-0.02414148625697
-0.02766424273034
-0.02239373233153
-0.01521198852935
-0.01311968841095
-0.01102738829255
-0.004843273755403
-0.001119866573877
0.004850299739679
0.0079425593501095
0.01103481896054
0.01520151667884
0.02240252588011
0.02503818185225
0.02767383782439
0.02795622825196
0.02715437049078
0.02636227439732
0.02557017830386
0.02414478754569
0.02248032555961
0.01997704035048
0.01894486171432
0.01791268307816
0.01572410747006
0.01289100149409
0.011756286834695
0.0106215721753
0.009450734221578
0.008577649023619
0.0082007337828885
0.007823818542158
0.007041265984911
0.006475067297684
0.006220125550052
0.00596518380242
0.005495999646281
0.005053790312042
0.004544738080955
0.00431975122876
0.004094764376565
0.004700721106833
0.006020295425029
0.006849918612186
0.007679541799343
0.009763581503417
0.01276127498268
0.014398011528575
0.01603474807447
0.01998057172011
0.0209691183788
0.01361863614627
0.0080082968431015
0.002397957539933
-0.01531762421391
-0.04465101504711
-0.058818612767475
-0.07298621048784
-0.04762046868079
0.02463816442957
0.065980100886885
0.1073220373442
0.1572970893051
0.2933753310994
0.6354196161077
0.6515923323578
0.6677650486079
0.06862417326594
0.01040018679909
-0.006577268601875
-0.02355472400284
-0.03456714684964
0.02745266371161
0.038286671358515
0.04912067900542
0.05390795077683
0.04927248594747
0.04593378330637
0.04259508066527
0.02193428391952
0.009683652852154
0.0006654929472807
-0.00407134835767465
-0.00880818966263
-0.01810438722751
-0.03077047601556
-0.04088505429355
-0.05099963257154
-0.08718995024534
-0.1123792605406
-0.1108105435805
-0.1092418266204
-0.05606782392485
0.004593635015113
0.02076241867685
0.019933682521495
0.01910494636614
0.01734205865188
0.01639600599255
0.016225631228675
0.0160552564648
0.01573526393267
0.01563385751276
0.01442295979143
0.0132120620701
0.006692405932359
0.003091011583234
-0.002073253299666
-0.0046285403185695
-0.007183827337473
-0.01061423215186
-0.01666193625244
-0.018877214103495
-0.02109249195455
-0.02991479679824
-0.04008883305962
-0.04281165977232
-0.04553448648502
-0.05356684497825
-0.05804904344529
-0.05796170510012
-0.056993672140475
-0.05602563918083
-0.05037106126094
-0.04356589166426
-0.039767478316265
-0.03596906496827
-0.02852325009582
-0.0250255021638
-0.02372166266416
-0.02241782316452
-0.02000308717855
-0.01891659333957
-0.018643190221145
-0.01836978710272
-0.01856149552253
-0.01964200406269
-0.02208858775851
-0.025228042709545
-0.02836749766058
-0.04727233946195
-0.07536275605913
-0.100723471541965
-0.1260841870248
-0.2113567921713
-0.3209256720339
-0.30011836165465
-0.2793110512754
-0.1875238915421
-0.147315647968
-0.1195044977233
-0.1113251997484
-0.1031459017735
-0.07614252271266
-0.0529683534723
-0.042187164148065
-0.03140597482383
-0.01171440044757
0.01131722045577
0.02149780433937
0.03167838822297
0.03072298305554
0.02622814810033
0.01567427095652
0.003768026877543
-0.008138217201434
-0.0855692583787
-0.3624817969804
-0.46626355436835
-0.5700453117563
0
0
0
0
0
0.02314980595243
0.156374497061615
0.2895991881708
0.6765296644162
0.4146650250284
0.2294497174304
0.23953754596105
0.2496253744917
0.2294425575633
0.3231504582104
0.22151239058895
0.1198743229675
0.01805814744693
-0.01273217550871
-0.03458631714475
-0.05644045878079
-0.08979698898476
-0.119890289525
-0.1397700370949
-0.13990901874805
-0.1400480004012
-0.08719484217891
-0.04174795528917
-0.013286577124595
0.01517480103998
0.08080240205747
0.1719401580792
0.3030444780925
0.4341487981058
0.9984976886082
0.3149867067491
0.07050390512416
0.046399671983145
0.02229543884213
0.006039817131986
-0.01072886047533
-0.0078590717538185
-0.004989283032307
-0.001271734378636
0.004989988311614
0.0057256625563945
0.006461336801175
-0.04878853689207
-0.09934658643214
-0.15167799918912
-0.2040094119461
-0.08580031811983
0.174206605062
0.3411558390198
0.31780578505285
0.2944557310859
0.2371219149518
0.1458746365783
0.1416678291001
0.1374610216219
0.6271537967163
-0.7538930916415
-0.412537524989285
-0.07118195833707
0.04555508022792
0.09472869681083
0.1640770628956
0.065468763516005
-0.03313953586359
-0.4991478833692
-0.5011988392984
-0.59157540384925
-0.6819519684001
-0.4021499913212
-0.1470116102279
-0.099857316672745
-0.05270302311759
-0.001996713616219
0.01816855376505
0.02802251004438
0.03234524771047
0.03666798537656
0.04868073481351
0.0598307893701
0.0297442172351595
-0.0003423548997811
-0.06072307016653
-0.1143548002074
-0.1321248997393
-0.1498949992712
-0.106151824141
-0.08397343213209
-0.084847666722585
-0.08572190131308
-0.1790268002136
-0.2880046841287
-0.1603176707267
-0.117630072074025
-0.07494247342135
-0.0569664857852
-0.0564507326939
-0.061719115742035
-0.06698749879017
-0.09342317994937
-0.122093957626
-0.103583548035485
-0.08507313844497
-0.02306814323609
0.08449104632153
0.01607762433327
-0.036428451076735
-0.08893452648674
-0.1680609900698
-0.1535823480786
-0.075706405290163
0.002169537498274
0.1133262136073
0.1263683474039
0.09892250522414
0.07147666304438
0.04634114469598
0.004255034779254
-0.02869523401104
-0.044811694260145
-0.06092815450925
-0.04777818963384
-0.05246984840044
-0.050371070354975
-0.04827229230951
-0.03735987161539
-0.02477578215855
-0.021484251157665
-0.01819272015678
-0.01570146347531
-0.01529859020511
-0.01603666994092
-0.013715679962805
-0.01139468998469
-0.006360369158131
-0.002879219437878
0.002359017877226
0.00759725519233
0.01916675367393
-0.003582521264721
-0.0178709261449255
-0.03215933102513
-0.04127876309577
-0.0518786421744
-0.071529072209515
-0.09117950224463
-0.1635546808203
-0.1077727601839
-0.008500120527212
0.020405372796109
0.04931086611943
0.04292351209149
0.01389618110593
0.00695146332031115
6.745534692305E-6
-0.01390822909629
-0.04289097323712
-0.052766618452625
-0.06264226366813
-0.04787192711164
0.01152716825651
0.10432077372
0.076441762849825
0.04856275197965
-0.03005148809515
-0.0937849208253
0.0809824362842
0.2557497933937
0.4028136284689
0.1877378470029
0.2140534372025
0.2403690274021
0.0723946184807
0.0346552310084
0.01736832450918
0.0114808579106175
0.005593391312055
-0.001068332843765
-0.006565401240319
-0.0088588625812545
-0.01115232392219
-0.01631233158871
