




0.1336221
0.0934010505
0.053180001
0.028174268
0.010959436
0.0065688958
0.0021783556
-0.0034613366
-0.0081219019
-0.01048595745
-0.012850013
-0.018473478
-0.016676083
-0.0061790245
-0.00041583805
0.0053473484
0.016939005
0.027593579
0.032445956
0.037298333
0.038732968
0.027181384
0.022394542
0.0176077
0.0093212872
0.0018128519
-0.0026052698
-0.0070233915
-0.014128428
-0.017055184
-0.0139898015
-0.010924419
-0.0034222402
0.0034394971
0.00734689055
0.011254284
0.020553398
0.032108671
0.04139329
0.042190893
0.042988496
0.041349855
0.034594776
0.0314054465
0.028216117
0.021912642
0.022774744
0.023487858
0.024200972
0.024178687
0.023282199
0.02286197
0.022441741
0.02082288
0.019107433
0.0162308985
0.013354364
0.0085264371
0.0064632318
0.00490259545
0.0033419591
0.00074096584
-0.0015730583
-0.0037859256
-0.0049096747
-0.0060334238
-0.0084536175
-0.0090950314
-0.00763658585
-0.0061781403
-0.0030868601
0.00030444538
0.00136300684
0.0024215683
0.0066065229
0.01161146
0.0147286975
0.017845935
0.025924826
0.036355197
0.042000412
0.047645627
0.057798856
0.064138515
0.064781263
0.065424011
0.063188067
0.05741526
0.054750004
0.052084748
0.044759488
0.034522745
0.02826707
0.0257423575
0.023217645
0.019103348
0.015675051
0.014088673
0.012502295
0.010078444
0.0079603342
0.0070119959
0.0060636576
0.004346005
0.0027505558
0.00199733645
0.0012441171
0.00076259298
0.0019416899
0.00252823015
0.0031147704
0.0042960529
0.0054938489
0.00611369855
0.0067335482
0.0080302975
0.0093937754
0.010854279
0.0116396045
0.01242493
0.014135202
0.016010968
0.0170461995
0.018081431
0.020390161
0.022976966
0.0242649365
0.025552907
0.028173354
0.030753782
0.0319993265
0.033244871
0.035549291
0.038100692
0.0389474115
0.039794131
0.041071823
0.042139294
0.0422639605
0.042388627
0.041996653
0.041291894
0.038022121
0.036074492
0.034126863
0.03241872
0.03021382
0.029523581
0.028833342
0.028206348
0.02833408
0.028809228
0.029284376
0.031217292
0.034438924
0.036238468
0.038038012
0.036680415
0.032736386
0.03085264
0.028968894
0.021542217
0.015482464
0.01052441515
0.0055663663
-0.0017922377
-0.0092264711
-0.019506497
-0.022685844
-0.025865191
-0.023053851
-0.018229586
-0.014845769
-0.011461952
-0.0074900804
-0.0014757363
0.0014989507
0.0044736377
0.008285647
0.014708513
0.0169369795
0.019165446
0.026873093
0.028328084
0.027822884
0.027317684
0.026303145
0.025013261
0.0239453895
0.022877518
0.021062775
0.019062926
0.016304167
0.015192086
0.014080005
0.011809406
0.009725354
0.0092705272
0.0088157004
0.0080344119
0.0073506849
0.0070500114
0.0067493379
0.0062112432
0.0056356257
0.00541171935
0.005187813
0.0047558441
0.0043168432
0.00424135165
0.0041658601
0.0053517904
0.0071002862
0.00806409095
0.0090278957
0.011444722
0.014446915
0.018110587
0.020283042
0.022455497
0.017169721
0.0077687417
0.00051609275
-0.0067365562
-0.03000168
-0.068603115
-0.0659229545
-0.063242794
-0.011614059
0.065517487
0.0971437685
0.12877005
0.22831572
0.77066586
0.75986762
0.74906938
0.11933599
0.027883341
0.005798065
-0.016287211
-0.031080665
-0.011077831
0.043116117
0.048201012
0.053285907
0.052723715
0.046296001
0.038509014
0.030722027
0.01536994
0.0051211583
0.0009497057
-0.0032217469
-0.011530529
-0.023728997
-0.0317094975
-0.039689998
-0.068135603
-0.10712856
-0.110126815
-0.11312507
-0.06523683
-0.00043226278
0.01016439061
0.020761044
0.019423546
0.017529971
0.0171925385
0.016855106
0.016135999
0.015773068
0.015668678
0.0151844245
0.014700171
0.01019349
0.0042301297
0.002520646765
0.00081116383
-0.0042651983
-0.0075698749
-0.01033926795
-0.013108661
-0.019712745
-0.024627664
-0.029561123
-0.034494582
-0.044438213
-0.053031608
-0.05550142
-0.057971232
-0.057931597
-0.053705579
-0.0504969645
-0.04728835
-0.041970612
-0.032046346
-0.027588016
-0.025414792
-0.023241568
-0.021123056
-0.019630442
-0.0190715635
-0.018512685
-0.018321278
-0.018810626
-0.019845156
-0.020879686
-0.02463494
-0.036131477
-0.046453212
-0.056774947
-0.094649858
-0.1671682
-0.222394315
-0.27762043
-0.27474785
-0.17185526
-0.152606455
-0.13335765
-0.10738084
-0.087523384
-0.061439888
-0.0507514445
-0.040063001
-0.020723796
-9.8512186E-7
0.01574883143907
0.031498648
0.03137683
0.028496079
0.024611063
0.020726047
0.0051268594
-0.046729283
-0.1333096115
-0.21988994
-0.23491785
0
0
0
0
0
0.05968247
0.11936494
0.47360094
0.42153179
0.25480781
0.25079377
0.24677973
0.24333029
0.35619045
0.33153158
0.30687271
0.13694841
0.025636992
0.0092840606
-0.0070688708
-0.034584207
-0.087599418
-0.103930479
-0.12026154
-0.14063942
-0.12226825
-0.0868742965
-0.051480343
-0.010223794
0.039189944
0.099822132
0.16045432
0.2653208
0.81085691
0.71975306
0.438742385
0.15773171
0.043923315
0.0096051349
0.00033023345
-0.008944668
-0.0060022196
-0.0021030229
0.00097017805
0.004043379
0.011775928
-0.013334769
-0.050931509
-0.088528249
-0.20072856
0.02066613
0.105736765
0.1908074
0.34717789
0.31866094
0.293082885
0.26750483
0.19681889
0.13872191
0.17548039
0.355871125
0.53626186
1.4349486
-0.47895932
-0.2309437945
0.017071731
0.067128654
0.13012405
0.116489495
0.10285494
-0.27583122
-0.46240133
-0.36187162
-0.26134191
-0.087953102
-0.026234488
-0.0111099097
0.0040146686
0.024055112
0.032467618
0.0369576965
0.041447775
0.05234591
0.039325965
-0.021728644
-0.050558364
-0.079388084
-0.13648696
-0.1340948
-0.113395674
-0.092696548
-0.084428132
-0.17489677
-0.213953215
-0.25300966
-0.11367007
-0.063328902
-0.0593005065
-0.055272111
-0.060539001
-0.079362471
-0.1009947655
-0.12262706
-0.11094475
-0.0380651
-0.001147586
0.035769928
0.069920934
-0.038008501
-0.0757171855
-0.11342587
-0.23014877
-0.05901717
0.066782951
0.1138290605
0.16087517
0.092966374
0.051616015
0.039224982
0.026833949
-0.011702017
-0.047937235
-0.0545253475
-0.06111346
-0.050074996
-0.051970715
-0.047164662
-0.042358609
-0.030828132
-0.020435685
-0.018470528
-0.016505371
-0.01526914
-0.015788184
-0.014627343
-0.013466502
-0.0087485419
-0.0028307915
0.0077260224
0.0136785997
0.019631177
0.010654103
-0.023160456
-0.0295848655
-0.036009275
-0.051274104
-0.087088253
-0.1139511515
-0.14081405
-0.13139409
-0.037854626
-0.000384074500000001
0.037086477
0.054274112
0.018330272
0.01085137755
0.0033724831
-0.0099683879
-0.027886371
-0.045143149
-0.062399927
-0.056340917
-0.015221879
0.074459556
0.0695532825
0.064647009
-0.010066584
-0.10564145
-0.014512298
0.076616854
1.282214
0.15819802
0.89944066
1.6406833
0.1336221
