




-0.018191956433965
-0.02007158127922
-0.015156690871635
-0.01024180046405
-0.00463056757529915
0.0009806653134517
0.01271616649383
0.01832353436298
0.02393090223213
0.02875571186771
0.03358052150329
0.0372545752323
0.04092862896131
0.036758237476775
0.03258784599224
0.031330076156535
0.03007230632083
0.02026198553218
0.015926417978455
0.01159085042473
0.007733371415988
0.003875892407246
0.000265771498228
-0.00334434941079
-0.0056247083298725
-0.007905067248955
-0.0099859250705225
-0.01206678289209
-0.01545829343756
-0.01884980398303
-0.01278051292043
-0.0096885457856505
-0.006596578650871
-0.00331591641821935
-3.525418556771E-5
0.00191429007058115
0.00386383432673
0.0062982755299525
0.008732716733175
0.0131500167522325
0.01756731677129
0.023035570868785
0.02850382496628
0.03937693522902
0.040936434500555
0.04249593377209
0.042696591996025
0.04289725021996
0.042436867123935
0.04197648402791
0.040009416307695
0.03804234858748
0.03582962242746
0.03361689626744
0.02933169608527
0.026098582309755
0.02286546853424
0.02200529983669
0.02114513113914
0.02183465902322
0.0225241869073
0.02318215931157
0.02384013171584
0.024033668834945
0.02422720595405
0.02421604063495
0.02420487531585
0.02377626768033
0.023560946895085
0.02334562610984
0.02292419587538
0.02250276564092
0.022032207848305
0.02156165005569
0.021215495880905
0.02086934170612
0.02037063436693
0.01987192702774
0.01913231536375
0.017637987628535
0.01614365989332
0.014756347737625
0.01336903558193
0.011928681772865
0.0104883279638
0.0093026377077295
0.008116947451659
0.007275749331573
0.006434551211487
0.005545468546381
0.004656385881275
0.003318247461125
0.0025893885015915
0.001860529542058
0.0012903067911193
0.0007200840401806
8.077643594435E-5
-0.0005585311682919
-0.00107883720548345
-0.001599143242675
-0.002198302424938
-0.002797461607201
-0.003301414564257
-0.003805367521313
-0.005014910649344
-0.005626525914045
-0.006238141178746
-0.0067900397736585
-0.007341938368571
-0.008037500047038
-0.008733061725505
-0.0089181912260175
-0.00910332072653
-0.0083008770610895
-0.007498433395649
-0.006203949317694
-0.0053481936697795
-0.004492438021865
-0.003803374530804
-0.003114311039743
-0.0021784645640275
-0.001242618088312
-0.00024747354888245
0.0007476709905471
0.00156329642866455
0.002378921866782
0.00351649415002
0.004654066433258
0.006569870823088
0.0079102297289855
0.009250588634883
0.0104238034194065
0.01159701820393
0.01324148663097
0.01488595505801
0.016480807797815
0.01807566053762
0.020048365948885
0.02202107136015
0.02666200510132
0.02905461793531
0.0314472307693
0.03421578561669
0.03698434046408
0.03976201185466
0.04253968324524
0.045225844961305
0.04791200667737
0.050696722471105
0.05348143826484
0.05583296024952
0.0581844822342
0.06183853834223
0.06323661102605
0.06463468370987
0.065001360374695
0.06536803703952
0.06509782007284
0.06482760310616
0.063481659254815
0.06213571540347
0.06128390449744
0.06043209359141
0.05802667542898
0.05562125726655
0.04991914961237
0.045906712575255
0.04189427553814
0.040448219910565
0.03900216428299
0.035387766961155
0.03177336963932
0.028882886724095
0.02599240380887
0.023660060399725
0.02132771699058
0.01750913604248
0.01591611579982
0.01432309555716
0.01298444010491
0.01164578465266
0.01150532608805
0.01136486752344
0.010222877871947
0.009080888220454
0.0080718585642125
0.007062828907971
0.0061531332669785
0.005243437625986
0.003583905526171
0.002810850030115
0.002037794534059
0.0013020810294475
0.000566367524836
0.000942097947188
0.00131782836954
0.0019050671796695
0.002492305989799
0.0030798953317535
0.003667484673708
0.004857459400182
0.005466870733535
0.006076282066888
0.0067102891566115
0.007344296246335
0.0080075874745535
0.008670878702772
0.009378108671881
0.01008533864099
0.01084635896594
0.01160737929089
0.01242934794525
0.01325131659961
0.01504853512218
0.01604233822225
0.01703614132232
0.01813711829709
0.01923809527186
0.020469706836415
0.02170131840097
0.023020311139185
0.0243393038774
0.025655471957505
0.02697164003761
0.02829111286056
0.02961058568351
0.03217555323933
0.03338796475285
0.03460037626637
0.03570253357721
0.03680469088805
0.037056395483825
0.0373081000796
0.038246783135665
0.03918546619173
0.0399163117734
0.04064715735507
0.0416674653302
0.041808133338125
0.04194880134605
0.04215186997476
0.04235493860347
0.042335857265075
0.04231677592668
0.04220872098118
0.04210066603568
0.041811168142875
0.04152167025007
0.041061657191
0.04060164413193
0.03874260405653
0.0374163301299
0.03609005620327
0.035103212717445
0.03411636923162
0.03342593589263
0.03273550255364
0.03202516660624
0.03131483065884
0.030852791588465
0.03039075251809
0.02949418787806
0.02920200173485
0.02890981559164
0.02868477657266
0.02845973755368
0.02834104091973
0.02822234428578
0.028195120881485
0.02816789747719
0.028241309634145
0.0283147217911
0.02848189221001
0.02864906262892
0.02925355296091
0.02963033410776
0.03000711525461
0.030612203511065
0.03121729176752
0.031838160753525
0.03245902973953
0.033491986635615
0.0345249435317
0.035811272455365
0.03709760137903
0.03796596300205
0.03723878596508
0.03651160892811
0.035868039296875
0.03522446966564
0.03377073330023
0.03231699693482
0.030324770657815
0.02833254438081
0.027164124889435
0.02599570539806
0.023296835171935
0.02059796494581
0.01433198956642
0.012838452429565
0.01134491529271
0.0078002038794915
0.004255492466273
0.000548805881321
-0.003157880703631
-0.005726908608281
-0.008295936512931
-0.0110036773196305
-0.01371141812633
-0.017165073954965
-0.0206187297836
-0.02621604508735
-0.026940143908845
-0.02766424273034
-0.025028987530935
-0.02239373233153
-0.02036925928501
-0.01834478623849
-0.01677838738392
-0.01521198852935
-0.01311968841095
-0.01102738829255
-0.008581894825198
-0.0067125842903005
-0.004843273755403
-0.00298157016464
-0.001119866573877
-4.62038633199991E-6
0.001110625801213
0.002980462770446
0.004850299739679
0.0067112735637535
0.008572247387828
0.009803533174184
0.01103481896054
0.01520151667884
0.016777269748615
0.01835302281839
0.02037777434925
0.02240252588011
0.02503818185225
0.02767383782439
0.02806240937807
0.02845098093175
0.028203604591855
0.02795622825196
0.02715437049078
0.02673952331248
0.02632467613418
0.02594742721902
0.02557017830386
0.024857482924775
0.02414478754569
0.02331255655265
0.02248032555961
0.022018970909135
0.02155761625866
0.02076732830457
0.01997704035048
0.01791268307816
0.01681839527411
0.01572410747006
0.01466154040527
0.01359897334048
0.013244987417285
0.01289100149409
0.011756286834695
0.0106215721753
0.010036153198439
0.009450734221578
0.0090141916225985
0.008577649023619
0.007823818542158
0.007733570932962
0.007643323323766
0.0073422946543385
0.007041265984911
0.0067581666412975
0.006475067297684
0.006220125550052
0.00596518380242
0.0057305917243505
0.005495999646281
0.005053790312042
0.004951048281517
0.004848306250992
0.0046965221659735
0.004544738080955
0.00431975122876
0.004094764376565
0.004397742741699
0.004700721106833
0.005360508265931
0.006020295425029
0.006849918612186
0.007679541799343
0.009763581503417
0.0107116595816585
0.0116597376599
0.01221050632129
0.01276127498268
0.014398011528575
0.01603474807447
0.01800765989729
0.01998057172011
0.020474845049455
0.0209691183788
0.01361863614627
0.0080082968431015
0.002397957539933
-0.0064598333369885
-0.01531762421391
-0.02998431963051
-0.04465101504711
-0.058818612767475
-0.07298621048784
-0.060303339584315
-0.04762046868079
-0.0338785287162
-0.02013658875161
0.02463816442957
0.065980100886885
0.1073220373442
0.13230956332465
0.1572970893051
0.22533621020225
0.2933753310994
0.41998211343445
0.5465888957695
0.5910042559386
0.6354196161077
0.7428948780973
0.8503701400869
1.262514096657
0.96513957263245
0.6677650486079
0.46390714421995
0.260049239832
0.16433670654897
0.06862417326594
0.039512180032515
0.01040018679909
0.0002429220225125
-0.009914342754065
-0.02355472400284
-0.02906093542624
-0.03456714684964
-0.012413009008873
0.009741128831894
0.018596896271752
0.02745266371161
0.038286671358515
0.04912067900542
0.051514314891125
0.05390795077683
0.05279373725584
0.05167952373485
0.04927248594747
0.04593378330637
0.04259508066527
0.032264682292395
0.02193428391952
0.015808968385837
0.009683652852154
0.00517457289971735
0.0006654929472807
-0.00311057586039965
-0.00688664466808
-0.00880818966263
-0.01345628844507
-0.01810438722751
-0.024437431621535
-0.03077047601556
-0.04088505429355
-0.05099963257154
-0.06909479140844
-0.08718995024534
-0.092667257649
-0.09814456505266
-0.10526191279663
-0.1123792605406
-0.1092418266204
-0.101539525363025
-0.09383722410565
-0.07495252401525
-0.05606782392485
-0.03758124945807
-0.01909467499129
-0.0072505199880885
0.004593635015113
0.0136233950130965
0.02265315501108
0.021707786843965
0.02076241867685
0.01910494636614
0.01866079174359
0.01821663712104
0.01777934788646
0.01734205865188
0.01704678190973
0.01675150516758
0.016573755580065
0.01639600599255
0.016225631228675
0.0160552564648
0.01589803390818
0.015816648920425
0.01573526393267
0.015694097864515
0.01565293179636
0.01564339465456
0.01563385751276
0.01442295979143
0.0132120620701
0.01177309160103
0.01033412113196
0.0085132635321595
0.006692405932359
0.003091011583234
0.0021481992539855
0.001205386924737
-0.0004339331874645
-0.002073253299666
-0.0037017860766945
-0.005330318853723
-0.006257073095598
-0.007183827337473
-0.0088990297446665
-0.01061423215186
-0.01422149705644
-0.01544171665444
-0.01666193625244
-0.018877214103495
-0.02109249195455
-0.02267089022698
-0.02424928849941
-0.027082042648825
-0.02991479679824
-0.03292535631073
-0.03593591582322
-0.03801237444142
-0.04008883305962
-0.04553448648502
-0.047539860253195
-0.04954523402137
-0.05155603949981
-0.05356684497825
-0.05495434089244
-0.05634183680663
-0.05719544012596
-0.05804904344529
-0.05830634521566
-0.05856364698603
-0.058262676043075
-0.05796170510012
-0.05602563918083
-0.055022679896385
-0.05401972061194
-0.05219539093644
-0.05037106126094
-0.048208793529805
-0.04604652579867
-0.044806208731465
-0.04356589166426
-0.039767478316265
-0.03596906496827
-0.03043455296782
-0.02947890153182
-0.02852325009582
-0.02677437612981
-0.0250255021638
-0.02372166266416
-0.02241782316452
-0.02181752267435
-0.02121722218418
-0.020610154681365
-0.02000308717855
-0.01945984025906
-0.01891659333957
-0.01836978710272
-0.01834531517175
-0.01832084324078
-0.018441169381655
-0.01856149552253
-0.01910174979261
-0.01964200406269
-0.0208652959106
-0.02208858775851
-0.025228042709545
-0.02836749766058
-0.03591981067984
-0.041596075070895
-0.04727233946195
-0.06131754776054
-0.07536275605913
-0.100723471541965
-0.1260841870248
-0.16872048959805
-0.2113567921713
-0.2564722881307
-0.3015877840901
-0.311256728062
-0.3209256720339
-0.2793110512754
-0.2499693177023
-0.2206275841292
-0.20407573783565
-0.1875238915421
-0.16741976975505
-0.147315647968
-0.13341007284565
-0.1195044977233
-0.1113251997484
-0.1031459017735
-0.1019903325778
-0.1008347633821
-0.07614252271266
-0.06455543809248
-0.0529683534723
-0.047973482065345
-0.04297861065839
-0.03719229274111
-0.03140597482383
-0.0215601876357
-0.01171440044757
-0.0001985899959
0.01131722045577
0.03167838822297
0.031200685639255
0.03072298305554
0.028475565577935
0.02622814810033
0.020951209528425
0.01567427095652
0.003768026877543
-0.008138217201434
-0.046853737790067
-0.0855692583787
-0.22402552767955
-0.3624817969804
-1.074215072671
-0.82213019221365
-0.5700453117563
-0.28502265587815
0
0
0
0
0
0
0
0.02314980595243
0.156374497061615
0.2895991881708
0.4830644262935
0.6765296644162
0.5455973447223
0.4146650250284
0.3562254484587
0.297785871889
0.2636177946597
0.2294497174304
0.23953754596105
0.2496253744917
0.2294425575633
0.2947903443993
0.3601381312353
0.34164429472285
0.3231504582104
0.27567010094455
0.2281897436787
0.1740320333231
0.1198743229675
0.085693470227245
0.05151261748699
0.03478538246696
0.01805814744693
-0.01273217550871
-0.02279799528142
-0.03286381505413
-0.04465213691746
-0.05644045878079
-0.073118723882775
-0.08979698898476
-0.09618636322773
-0.1025757374707
-0.11123301349785
-0.119890289525
-0.1325761033121
-0.1361730702035
-0.1397700370949
-0.13990901874805
-0.1400480004012
-0.1379243921738
-0.1358007839464
-0.111497813062655
-0.08719484217891
-0.06447139873404
-0.04174795528917
-0.027124130797705
-0.01250030630624
0.01517480103998
0.047988601548725
0.08080240205747
0.126371280068335
0.1719401580792
0.1999459693184
0.2279517805576
0.3310502893317
0.4341487981058
0.716323243357
0.9984976886082
0.3149867067491
0.2288345795759
0.1426824524027
0.10659317876343
0.07050390512416
0.054371595599275
0.03823928607439
0.03026736245826
0.02229543884213
0.014167627987058
0.006039817131986
0.001879474978719
-0.002280867174548
-0.01072886047533
-0.009531672897639
-0.008334485319948
-0.0066618841761275
-0.004989283032307
-0.0031305087054715
-0.001271734378636
-2.91275994000002E-6
0.001265908858756
0.003127948585185
0.004989988311614
0.0066626690881065
0.008335349864599
0.006461336801175
-0.0072963920410375
-0.02105412088325
-0.03492132888766
-0.04878853689207
-0.074067561662105
-0.09934658643214
-0.12837661977377
-0.1574066531154
-0.18070803253075
-0.2040094119461
-0.08580031811983
-0.0292975131079
0.02720529190403
0.100705948483015
0.174206605062
0.26369263014715
0.3531786552323
0.34716724712605
0.3411558390198
0.31780578505285
0.2944557310859
0.29007034867885
0.2856849662718
0.2371219149518
0.23157037185165
0.2260188287515
0.1859467326649
0.1458746365783
0.1416678291001
0.1374610216219
0.17590248936295
0.214343957104
0.42074887691015
0.6271537967163
-0.7538930916415
-0.412537524989285
-0.07118195833707
-0.012813439054575
0.04555508022792
0.070141888519375
0.09472869681083
0.129402879853215
0.1640770628956
0.065468763516005
-0.03313953586359
-0.077799705970595
-0.1224598760776
-0.4991478833692
-0.47779756902195
-0.4564472546747
-0.47882304698655
-0.5011988392984
-0.59157540384925
-0.6819519684001
-0.54205097986065
-0.4021499913212
-0.27458080077455
-0.1470116102279
-0.05270302311759
-0.038038923069615
-0.02337482302164
-0.0126857683189295
-0.001996713616219
0.0080859200744155
0.01816855376505
0.023095531904715
0.02802251004438
0.03234524771047
0.03666798537656
0.03770944647463
0.0387509075727
0.04868073481351
0.054255762091805
0.0598307893701
0.0297442172351595
-0.0003423548997811
-0.0305327125331556
-0.06072307016653
-0.087538935186965
-0.1143548002074
-0.1321248997393
-0.1498949992712
-0.1464560999217
-0.1430172005722
-0.106151824141
-0.0976511041136
-0.0891503840862
-0.086561908109145
-0.08397343213209
-0.084847666722585
-0.08572190131308
-0.09331199176074
-0.1009020822084
-0.139964441211
-0.1790268002136
-0.2880046841287
-0.2818352534292
-0.2756658227297
-0.2179917467282
-0.1603176707267
-0.117630072074025
-0.07494247342135
-0.065954479603275
-0.0569664857852
-0.05670860923955
-0.0564507326939
-0.061719115742035
-0.06698749879017
-0.09342317994937
-0.107758568787685
-0.122093957626
-0.12052052228805
-0.1189470869501
-0.102010112697535
-0.08507313844497
-0.05407064084053
-0.02306814323609
0.00267362027258
0.02841538378125
0.08449104632153
0.0502843353274
0.01607762433327
-0.020825751868545
-0.05772912807036
-0.07333182727855
-0.08893452648674
-0.12849775827827
-0.1680609900698
-0.1995809448207
-0.2311008995716
-0.1923416238251
-0.1535823480786
-0.07472936450818
-0.036279913504953
0.002169537498274
0.034258941206277
0.06634834491428
0.08983727926079
0.1133262136073
0.1344427524379
0.1555592912685
0.1409638193362
0.1263683474039
0.107495109941675
0.08862187247945
0.07147666304438
0.05890890387018
0.04634114469598
0.03398665621358
0.02163216773118
0.012943601255217
0.004255034779254
-0.012220099615893
-0.02869523401104
-0.040889368967165
-0.05308350392329
-0.06092815450925
-0.054353172071545
-0.04777818963384
-0.049409280311085
-0.05104037098833
-0.051755109694385
-0.05246984840044
-0.050371070354975
-0.04827229230951
-0.045881838420805
-0.0434913845321
-0.040425628073745
-0.03735987161539
-0.03218229530377
-0.02847903873116
-0.02477578215855
-0.022791330240745
-0.02080687832294
-0.01949979923986
-0.01819272015678
-0.01740674854629
-0.0166207769358
-0.016161120205555
-0.01570146347531
-0.01528205080461
-0.01529032050486
-0.01529859020511
-0.01552492991016
-0.01575126961521
-0.015893969778065
-0.01603666994092
-0.014793148714565
-0.01354962748821
-0.01247215873645
-0.01139468998469
-0.010096915186471
-0.008799140388252
-0.006360369158131
-0.0046197942980045
-0.002879219437878
-0.000982101666349
0.00091501610518
0.004256135648755
0.00759725519233
0.01230130044218
0.01700534569203
0.01808604968298
0.01916675367393
0.01581902742027
0.01247130116661
-0.003582521264721
-0.0130610345492905
-0.02253954783386
-0.027349439429495
-0.03215933102513
-0.03407978342478
-0.03600023582443
-0.0386394994601
-0.04127876309577
-0.046578702635085
-0.0518786421744
-0.06325295114062
-0.077216226692625
-0.09117950224463
-0.124320436331465
-0.1574613704183
-0.1605080256193
-0.1635546808203
-0.1356637205021
-0.1077727601839
-0.058136440355556
-0.008500120527212
0.020405372796109
0.04931086611943
0.04292351209149
0.038024067786935
0.03312462348238
0.023510402294155
0.01389618110593
0.00695146332031115
6.745534692305E-6
-0.00695074178079885
-0.01390822909629
-0.02352613096235
-0.03314403282841
-0.04289097323712
-0.052766618452625
-0.06264226366813
-0.055257095389885
-0.04787192711164
-0.018172379427565
0.01152716825651
0.057923970988255
0.10432077372
0.076441762849825
0.04856275197965
0.031416795432675
0.0142708388857
-0.03005148809515
-0.061918204460225
-0.0937849208253
0.0809824362842
0.2557497933937
0.83347033746385
1.411190881534
0.90700225500145
0.4028136284689
0.2952757377359
0.1877378470029
0.91850243255545
1.649267018108
0.2403690274021
0.1563818229414
0.0723946184807
0.05352492474455
0.0346552310084
0.02601177775879
0.01736832450918
0.0114808579106175
0.005593391312055
0.002262529234145
-0.001068332843765
-0.004245458609969
-0.005405429925144
-0.006565401240319
-0.0088588625812545
-0.01115232392219
-0.01373232775545
-0.01631233158871
