




0.0066884024
-0.0232927828
-0.053273968
-0.10643046
-0.15242859
-0.13369758
-0.11496657
-0.086545072
-0.089791341
-0.1624007555
-0.23501017
-0.22878963
-0.10459799
-0.062535849
-0.0589022455
-0.055268642
-0.060380889
-0.07792041
-0.098560115
-0.11919982
-0.11507144
-0.054144944
-0.018535802
0.01707334
0.052989763
-0.02388612
-0.078052625
-0.13221913
-0.20676314
-0.10415503
-0.0350668015
0.034021427
0.093889884
0.14050233
0.12223731
0.10397229
0.057569484
0.032810031
-0.019830882
-0.0308167015
-0.041802521
-0.058102478
-0.046055007
-0.0483397175
-0.050624428
-0.039932618
-0.027396327
-0.0232717295
-0.019147132
-0.016019846
-0.01524432
-0.0157160875
-0.016187855
-0.012281386
-0.007393725
-0.004083644025
-0.00077356305
0.012484618
0.016130848
0.0010856705
-0.013959507
-0.033636785
-0.038931526
-0.058445145
-0.0826821225
-0.1069191
-0.16441119
-0.090708274
-0.0434111078
0.0038860584
0.054084761
0.036619537
0.023641346
0.010663155
-0.0027866325
-0.017357639
-0.029231627
-0.041105615
-0.062165209
-0.043142994
-0.010313158
0.022516678
0.097747574
0.023078787
-0.011820044
-0.046718875
-0.068347137
0.45977215
0.303671595
0.14757104
1.5374296
0.30499902
0.076153972
0.055729971
0.03530597
0.017658245
0.0056880815
0.0023376607
-0.0010127601
-0.0059775531
-0.010567658
-0.013113183
-0.015658708
-0.02103026
-0.010676163
-0.00510584204
0.00046447892
0.012247193
0.02358654
0.028512171
0.033437802
0.040941519
0.032337066
0.0271269195
0.021916773
0.011217782
0.0035126657
-0.0036947514
-0.0072263532
-0.010757955
-0.018012675
-0.012610735
-0.0095310752
-0.0064514154
0.00011988089
0.0089282038
0.0134048564
0.017881509
0.02901939
0.039630173
0.0411305615
0.04263095
0.041669543
0.03733636
0.03280534
0.02827432
0.021797729
0.022861972
0.023425054
0.023988136
0.024140645
0.023625484
0.022261223
0.021420931
0.020580639
0.019577882
0.014966003
0.0123060823
0.0096461616
0.0058072671
0.0027966699
0.0020898838
0.0013830977
-0.00098948378
-0.0032104752
-0.0043220477
-0.0054336202
-0.0077887684
-0.0085881355
-0.0077807589
-0.0069733823
-0.0039479298
-0.0006434445
0.0012069428
0.0030573301
0.0054082385
0.010172815
0.016064082
0.0198464055
0.023628729
0.033656434
0.045016697
0.0504174305
0.055818164
0.063290952
0.065265301
0.0645600895
0.063854878
0.060223223
0.053020091
0.0495794455
0.0461388
0.037072032
0.029992968
0.0272124235
0.024431879
0.019401524
0.015902516
0.0144266635
0.012950811
0.010443188
0.0082504915
0.0063027401
0.00542344195
0.0045441438
0.0029296062
0.0014152328
0.00102197494
0.00062871708
0.0018149158
0.0030651365
0.00365546235
0.0042457882
0.0054480843
0.0066861602
0.00733653555
0.0079869109
0.009354494
0.010819383
0.011607154
0.012394925
0.014110828
0.016002105
0.0170466315
0.018091158
0.020422369
0.023032549
0.025642961
0.026969738
0.028296515
0.031329126
0.033899938
0.035078326
0.036256714
0.038313942
0.040448399
0.0410142525
0.041580106
0.042218138
0.042313334
0.0420847895
0.041856245
0.040204105
0.037238697
0.0353776465
0.033516596
0.030887849
0.029188494
0.0287492185
0.028309943
0.028226251
0.0284799
0.029664984
0.0302103695
0.030755755
0.033823748
0.038211669
0.0369845105
0.035757352
0.033017556
0.026869506
0.0242286445
0.021587783
0.012404142
0.0053438543
0.001662041
-0.0020197723
-0.012579713
-0.019532541
-0.024019332
-0.028506123
-0.02340749
-0.016153121
-0.01287662515
-0.0096001293
-0.0057309685
0.00023776809
0.002102469295
0.0039671705
0.010120724
0.014255091
0.021385096
0.024973388
0.02856168
0.028064612
0.027293867
0.026515778
0.025737689
0.024324461
0.022060585
0.021107889
0.020155193
0.018079011
0.015881345
0.014454651
0.013027957
0.010742722
0.0094978967
0.0090565283
0.0086151599
0.0077035604
0.007062394
0.00677712
0.006491846
0.0059785159
0.0055066108
0.0050622754
0.00480761215
0.0045529489
0.0041032581
0.0046839444
0.00534411855
0.0060042927
0.0076652589
0.0097579422
0.0110690981
0.012380254
0.016073534
0.020058437
0.020422867
0.020787297
0.013264007
0.0017940339
-0.00722802805
-0.01625009
-0.045611213
-0.07307237
-0.0610648975
-0.049057425
0.020921853
0.10688871
0.16174392
0.249573395
0.33740287
0.980191
0.10489277
0.0554962518
0.0060997336
-0.019276797
-0.032321581
-0.007816721
0.016688139
0.045482042
0.053835665
0.052082034
0.050328403
0.044450151
0.024457027
0.0178553
0.011253573
0.00057499849
-0.0075678653
-0.01204534765
-0.01652283
-0.028278557
-0.046356046
-0.089280036
-0.099131043
-0.10898205
-0.10463185
-0.072978184
-0.0406258208
-0.0082734576
0.021769024
0.018702627
0.0179202635
0.0171379
0.016572837
0.015986098
0.015846891
0.015707684
0.015641588
0.012185495
0.0101015643
0.0080176336
0.0023614186
-0.00096326048
-0.00350009589
-0.0060369313
-0.009389489
-0.015199649
-0.022286638
-0.024929767
-0.027572896
-0.037633453
-0.047252579
-0.0510624335
-0.054872288
-0.058443425
-0.057243581
-0.0548413005
-0.05243902
-0.045943242
-0.039674383
-0.035234195
-0.030794007
-0.026716514
-0.022728802
-0.0217529045
-0.020777007
-0.019407209
-0.018435847
-0.0183931995
-0.018350552
-0.018965033
-0.021266672
-0.025371261
-0.031663446
-0.037955631
-0.059277699
-0.097130716
-0.131215278
-0.16529984
-0.26391331
-0.30363006
-0.250761905
-0.19789375
-0.13945443
-0.11590442
-0.108853715
-0.10180301
-0.074531614
-0.05097486
-0.0409632695
-0.030951679
-0.011496701
0.011590906
0.0216366915
0.031682477
0.030624247
0.025831089
0.014689418
0.0015283945
-0.011632629
-0.091283574
-0.34017926
-0.64138476
-0.94259026
-0.23016605
0
0
0
0
0
0.060133115
0.12026623
0.56810036
0.22824602
0.238865235
0.24948445
0.27235695
0.25992576
0.21972111
0.17951646
0.067443672
0.00027332788
-0.01354095506
-0.027355238
-0.07650557
-0.1128684
-0.12762109
-0.13435189
-0.14108269
-0.13757461
-0.074424862
-0.0532079135
-0.031990965
0.027247426
0.10697466
0.15409077
0.20120688
0.67822276
0.55850941
0.33138281
0.10425621
0.031087837
0.002359997
-0.0026373712
-0.0076347394
-0.0068384803
-0.00021625772
0.00302774229
0.0062717423
0.011637299
-0.031423188
-0.12159219
-0.138275925
-0.15495966
0.073409778
0.26369846
0.29949259
0.33528672
0.29306953
0.23834961
0.190353175
0.14235674
0.1426275
0.61262399
0.09585187
-0.42092025
0.016053985
0.069862137
0.1119722485
0.15408236
0.015211291
-0.30756044
-0.3844367
-0.46131296
-0.58466417
-0.4120247
-0.1440535
-0.0964055195
-0.048757539
-0.0078711946
0.014624601
0.0215952275
0.028565854
0.037099626
0.04694146
0.053183462
0.059425464
0.0066884024
