-2.007158127922e-002
-1.024180046405e-002
9.806653134517e-004
1.271616649383e-002
2.393090223213e-002
3.358052150329e-002
4.092862896131e-002
3.258784599224e-002
3.007230632083e-002
2.026198553218e-002
1.159085042473e-002
3.875892407246e-003
-3.344349410790e-003
-7.905067248955e-003
-1.206678289209e-002
-1.884980398303e-002
-1.278051292043e-002
-6.596578650871e-003
-3.525418556771e-005
3.863834326730e-003
8.732716733175e-003
1.756731677129e-002
2.850382496628e-002
3.937693522902e-002
4.249593377209e-002
4.289725021996e-002
4.197648402791e-002
3.804234858748e-002
3.361689626744e-002
2.933169608527e-002
2.286546853424e-002
2.114513113914e-002
2.252418690730e-002
2.384013171584e-002
2.422720595405e-002
2.420487531585e-002
2.377626768033e-002
2.334562610984e-002
2.250276564092e-002
2.156165005569e-002
2.086934170612e-002
1.987192702774e-002
1.913231536375e-002
1.614365989332e-002
1.336903558193e-002
1.048832796380e-002
8.116947451659e-003
6.434551211487e-003
4.656385881275e-003
3.318247461125e-003
1.860529542058e-003
7.200840401806e-004
-5.585311682919e-004
-1.599143242675e-003
-2.797461607201e-003
-3.805367521313e-003
-5.014910649344e-003
-6.238141178746e-003
-7.341938368571e-003
-8.733061725505e-003
-9.103320726530e-003
-7.498433395649e-003
-6.203949317694e-003
-4.492438021865e-003
-3.114311039743e-003
-1.242618088312e-003
7.476709905471e-004
2.378921866782e-003
4.654066433258e-003
6.569870823088e-003
9.250588634883e-003
1.159701820393e-002
1.488595505801e-002
1.807566053762e-002
2.202107136015e-002
2.666200510132e-002
3.144723076930e-002
3.698434046408e-002
4.253968324524e-002
4.791200667737e-002
5.348143826484e-002
5.818448223420e-002
6.183853834223e-002
6.463468370987e-002
6.536803703952e-002
6.482760310616e-002
6.213571540347e-002
6.043209359141e-002
5.562125726655e-002
4.991914961237e-002
4.189427553814e-002
3.900216428299e-002
3.177336963932e-002
2.599240380887e-002
2.132771699058e-002
1.750913604248e-002
1.432309555716e-002
1.164578465266e-002
1.136486752344e-002
9.080888220454e-003
7.062828907971e-003
5.243437625986e-003
3.583905526171e-003
2.037794534059e-003
5.663675248360e-004
1.317828369540e-003
2.492305989799e-003
3.667484673708e-003
4.857459400182e-003
6.076282066888e-003
7.344296246335e-003
8.670878702772e-003
1.008533864099e-002
1.160737929089e-002
1.325131659961e-002
1.504853512218e-002
1.703614132232e-002
1.923809527186e-002
2.170131840097e-002
2.433930387740e-002
2.697164003761e-002
2.961058568351e-002
3.217555323933e-002
3.460037626637e-002
3.680469088805e-002
3.730810007960e-002
3.918546619173e-002
4.064715735507e-002
4.166746533020e-002
4.194880134605e-002
4.235493860347e-002
4.231677592668e-002
4.210066603568e-002
4.152167025007e-002
4.060164413193e-002
3.874260405653e-002
3.609005620327e-002
3.411636923162e-002
3.273550255364e-002
3.131483065884e-002
3.039075251809e-002
2.949418787806e-002
2.890981559164e-002
2.845973755368e-002
2.822234428578e-002
2.816789747719e-002
2.831472179110e-002
2.864906262892e-002
2.925355296091e-002
3.000711525461e-002
3.121729176752e-002
3.245902973953e-002
3.452494353170e-002
3.709760137903e-002
3.796596300205e-002
3.651160892811e-002
3.522446966564e-002
3.231699693482e-002
2.833254438081e-002
2.599570539806e-002
2.059796494581e-002
1.433198956642e-002
1.134491529271e-002
4.255492466273e-003
-3.157880703631e-003
-8.295936512931e-003
-1.371141812633e-002
-2.061872978360e-002
-2.621604508735e-002
-2.766424273034e-002
-2.239373233153e-002
-1.834478623849e-002
-1.521198852935e-002
-1.102738829255e-002
-8.581894825198e-003
-4.843273755403e-003
-1.119866573877e-003
1.110625801213e-003
4.850299739679e-003
8.572247387828e-003
1.103481896054e-002
1.520151667884e-002
1.835302281839e-002
2.240252588011e-002
2.767383782439e-002
2.845098093175e-002
2.795622825196e-002
2.715437049078e-002
2.632467613418e-002
2.557017830386e-002
2.414478754569e-002
2.248032555961e-002
2.155761625866e-002
1.997704035048e-002
1.791268307816e-002
1.572410747006e-002
1.359897334048e-002
1.289100149409e-002
1.062157217530e-002
9.450734221578e-003
8.577649023619e-003
7.823818542158e-003
7.643323323766e-003
7.041265984911e-003
6.475067297684e-003
5.965183802420e-003
5.495999646281e-003
5.053790312042e-003
4.848306250992e-003
4.544738080955e-003
4.094764376565e-003
4.700721106833e-003
6.020295425029e-003
7.679541799343e-003
9.763581503417e-003
1.165973765990e-002
1.276127498268e-002
1.603474807447e-002
1.998057172011e-002
2.096911837880e-002
1.361863614627e-002
2.397957539933e-003
-1.531762421391e-002
-4.465101504711e-002
-7.298621048784e-002
-4.762046868079e-002
-2.013658875161e-002
2.463816442957e-002
1.073220373442e-001
1.572970893051e-001
2.933753310994e-001
5.465888957695e-001
6.354196161077e-001
8.503701400869e-001
1.262514096657e+000
6.677650486079e-001
2.600492398320e-001
6.862417326594e-002
1.040018679909e-002
-9.914342754065e-003
-2.355472400284e-002
-3.456714684964e-002
9.741128831894e-003
2.745266371161e-002
4.912067900542e-002
5.390795077683e-002
5.167952373485e-002
4.927248594747e-002
4.259508066527e-002
2.193428391952e-002
9.683652852154e-003
6.654929472807e-004
-6.886644668080e-003
-8.808189662630e-003
-1.810438722751e-002
-3.077047601556e-002
-5.099963257154e-002
-8.718995024534e-002
-9.814456505266e-002
-1.123792605406e-001
-1.092418266204e-001
-9.383722410565e-002
-5.606782392485e-002
-1.909467499129e-002
4.593635015113e-003
2.265315501108e-002
2.076241867685e-002
1.910494636614e-002
1.821663712104e-002
1.734205865188e-002
1.675150516758e-002
1.639600599255e-002
1.605525646480e-002
1.589803390818e-002
1.573526393267e-002
1.565293179636e-002
1.563385751276e-002
1.321206207010e-002
1.033412113196e-002
6.692405932359e-003
3.091011583234e-003
1.205386924737e-003
-2.073253299666e-003
-5.330318853723e-003
-7.183827337473e-003
-1.061423215186e-002
-1.422149705644e-002
-1.666193625244e-002
-2.109249195455e-002
-2.424928849941e-002
-2.991479679824e-002
-3.593591582322e-002
-4.008883305962e-002
-4.553448648502e-002
-4.954523402137e-002
-5.356684497825e-002
-5.634183680663e-002
-5.804904344529e-002
-5.856364698603e-002
-5.796170510012e-002
-5.602563918083e-002
-5.401972061194e-002
-5.037106126094e-002
-4.604652579867e-002
-4.356589166426e-002
-3.596906496827e-002
-3.043455296782e-002
-2.852325009582e-002
-2.502550216380e-002
-2.241782316452e-002
-2.121722218418e-002
-2.000308717855e-002
-1.891659333957e-002
-1.836978710272e-002
-1.832084324078e-002
-1.856149552253e-002
-1.964200406269e-002
-2.208858775851e-002
-2.836749766058e-002
-3.591981067984e-002
-4.727233946195e-002
-7.536275605913e-002
-1.260841870248e-001
-2.113567921713e-001
-3.015877840901e-001
-3.209256720339e-001
-2.793110512754e-001
-2.206275841292e-001
-1.875238915421e-001
-1.473156479680e-001
-1.195044977233e-001
-1.031459017735e-001
-1.008347633821e-001
-7.614252271266e-002
-5.296835347230e-002
-4.297861065839e-002
-3.140597482383e-002
-1.171440044757e-002
1.131722045577e-002
3.167838822297e-002
3.072298305554e-002
2.622814810033e-002
1.567427095652e-002
-8.138217201434e-003
-8.556925837870e-002
-3.624817969804e-001
-1.074215072671e+000
-5.700453117563e-001
000000000000
000000000000
000000000000
000000000000
2.314980595243e-002
2.895991881708e-001
6.765296644162e-001
4.146650250284e-001
2.977858718890e-001
2.294497174304e-001
2.496253744917e-001
2.294425575633e-001
3.601381312353e-001
3.231504582104e-001
2.281897436787e-001
1.198743229675e-001
5.151261748699e-002
1.805814744693e-002
-1.273217550871e-002
-3.286381505413e-002
-5.644045878079e-002
-8.979698898476e-002
-1.025757374707e-001
-1.198902895250e-001
-1.325761033121e-001
-1.397700370949e-001
-1.400480004012e-001
-1.358007839464e-001
-8.719484217891e-002
-4.174795528917e-002
-1.250030630624e-002
1.517480103998e-002
8.080240205747e-002
1.719401580792e-001
2.279517805576e-001
4.341487981058e-001
9.984976886082e-001
3.149867067491e-001
1.426824524027e-001
7.050390512416e-002
3.823928607439e-002
2.229543884213e-002
6.039817131986e-003
-2.280867174548e-003
-1.072886047533e-002
-8.334485319948e-003
-4.989283032307e-003
-1.271734378636e-003
1.265908858756e-003
4.989988311614e-003
8.335349864599e-003
6.461336801175e-003
-2.105412088325e-002
-4.878853689207e-002
-9.934658643214e-002
-1.574066531154e-001
-2.040094119461e-001
-8.580031811983e-002
2.720529190403e-002
1.742066050620e-001
3.531786552323e-001
3.411558390198e-001
2.944557310859e-001
2.856849662718e-001
2.371219149518e-001
2.260188287515e-001
1.458746365783e-001
1.374610216219e-001
2.143439571040e-001
6.271537967163e-001
-7.538930916415e-001
-7.118195833707e-002
4.555508022792e-002
9.472869681083e-002
1.640770628956e-001
-3.313953586359e-002
-1.224598760776e-001
-4.991478833692e-001
-4.564472546747e-001
-5.011988392984e-001
-6.819519684001e-001
-4.021499913212e-001
-1.470116102279e-001
-5.270302311759e-002
-2.337482302164e-002
-1.996713616219e-003
1.816855376505e-002
2.802251004438e-002
3.666798537656e-002
3.875090757270e-002
4.868073481351e-002
5.983078937010e-002
-3.423548997811e-004
-6.072307016653e-002
-1.143548002074e-001
-1.498949992712e-001
-1.430172005722e-001
-1.061518241410e-001
-8.915038408620e-002
-8.397343213209e-002
-8.572190131308e-002
-1.009020822084e-001
-1.790268002136e-001
-2.880046841287e-001
-2.756658227297e-001
-1.603176707267e-001
-7.494247342135e-002
-5.696648578520e-002
-5.645073269390e-002
-6.698749879017e-002
-9.342317994937e-002
-1.220939576260e-001
-1.189470869501e-001
-8.507313844497e-002
-2.306814323609e-002
2.841538378125e-002
8.449104632153e-002
1.607762433327e-002
-5.772912807036e-002
-8.893452648674e-002
-1.680609900698e-001
-2.311008995716e-001
-1.535823480786e-001
-7.472936450818e-002
2.169537498274e-003
6.634834491428e-002
1.133262136073e-001
1.555592912685e-001
1.263683474039e-001
8.862187247945e-002
7.147666304438e-002
4.634114469598e-002
2.163216773118e-002
4.255034779254e-003
-2.869523401104e-002
-5.308350392329e-002
-6.092815450925e-002
-4.777818963384e-002
-5.104037098833e-002
-5.246984840044e-002
-4.827229230951e-002
-4.349138453210e-002
-3.735987161539e-002
-3.218229530377e-002
-2.477578215855e-002
-2.080687832294e-002
-1.819272015678e-002
-1.662077693580e-002
-1.570146347531e-002
-1.528205080461e-002
-1.529859020511e-002
-1.575126961521e-002
-1.603666994092e-002
-1.354962748821e-002
-1.139468998469e-002
-8.799140388252e-003
-6.360369158131e-003
-2.879219437878e-003
9.150161051800e-004
7.597255192330e-003
1.700534569203e-002
1.916675367393e-002
1.247130116661e-002
-3.582521264721e-003
-2.253954783386e-002
-3.215933102513e-002
-3.600023582443e-002
-4.127876309577e-002
-5.187864217440e-002
-6.325295114062e-002
-9.117950224463e-002
-1.574613704183e-001
-1.635546808203e-001
-1.077727601839e-001
-8.500120527212e-003
4.931086611943e-002
4.292351209149e-002
3.312462348238e-002
1.389618110593e-002
6.745534692305e-006
-1.390822909629e-002
-3.314403282841e-002
-4.289097323712e-002
-6.264226366813e-002
-4.787192711164e-002
1.152716825651e-002
1.043207737200e-001
4.856275197965e-002
1.427083888570e-002
-3.005148809515e-002
-9.378492082530e-002
2.557497933937e-001
1.411190881534e+000
4.028136284689e-001
1.877378470029e-001
1.649267018108e+000
2.403690274021e-001
7.239461848070e-002
3.465523100840e-002
1.736832450918e-002
5.593391312055e-003
-1.068332843765e-003
-4.245458609969e-003
-6.565401240319e-003
-1.115232392219e-002
-1.631233158871e-002
