  6.6884024e-003
 -5.3273968e-002
 -1.0643046e-001
 -1.5242859e-001
 -1.1496657e-001
 -8.6545072e-002
 -8.9791341e-002
 -2.3501017e-001
 -2.2878963e-001
 -1.0459799e-001
 -6.2535849e-002
 -5.5268642e-002
 -6.0380889e-002
 -7.7920410e-002
 -1.1919982e-001
 -1.1507144e-001
 -5.4144944e-002
  1.7073340e-002
  5.2989763e-002
 -2.3886120e-002
 -1.3221913e-001
 -2.0676314e-001
 -1.0415503e-001
  3.4021427e-002
  9.3889884e-002
  1.4050233e-001
  1.0397229e-001
  5.7569484e-002
  3.2810031e-002
 -1.9830882e-002
 -4.1802521e-002
 -5.8102478e-002
 -4.6055007e-002
 -5.0624428e-002
 -3.9932618e-002
 -2.7396327e-002
 -1.9147132e-002
 -1.6019846e-002
 -1.5244320e-002
 -1.6187855e-002
 -1.2281386e-002
 -7.3937250e-003
 -7.7356305e-004
  1.2484618e-002
  1.6130848e-002
 -1.3959507e-002
 -3.3636785e-002
 -3.8931526e-002
 -5.8445145e-002
 -1.0691910e-001
 -1.6441119e-001
 -9.0708274e-002
  3.8860584e-003
  5.4084761e-002
  3.6619537e-002
  1.0663155e-002
 -2.7866325e-003
 -1.7357639e-002
 -4.1105615e-002
 -6.2165209e-002
 -4.3142994e-002
  2.2516678e-002
  9.7747574e-002
  2.3078787e-002
 -4.6718875e-002
 -6.8347137e-002
  4.5977215e-001
  1.4757104e-001
  1.5374296e+000
  3.0499902e-001
  7.6153972e-002
  3.5305970e-002
  1.7658245e-002
  5.6880815e-003
 -1.0127601e-003
 -5.9775531e-003
 -1.0567658e-002
 -1.5658708e-002
 -2.1030260e-002
 -1.0676163e-002
  4.6447892e-004
  1.2247193e-002
  2.3586540e-002
  3.3437802e-002
  4.0941519e-002
  3.2337066e-002
  2.1916773e-002
  1.1217782e-002
  3.5126657e-003
 -3.6947514e-003
 -1.0757955e-002
 -1.8012675e-002
 -1.2610735e-002
 -6.4514154e-003
  1.1988089e-004
  8.9282038e-003
  1.7881509e-002
  2.9019390e-002
  3.9630173e-002
  4.2630950e-002
  4.1669543e-002
  3.7336360e-002
  2.8274320e-002
  2.1797729e-002
  2.2861972e-002
  2.3988136e-002
  2.4140645e-002
  2.3625484e-002
  2.2261223e-002
  2.0580639e-002
  1.9577882e-002
  1.4966003e-002
  9.6461616e-003
  5.8072671e-003
  2.7966699e-003
  1.3830977e-003
 -9.8948378e-004
 -3.2104752e-003
 -5.4336202e-003
 -7.7887684e-003
 -8.5881355e-003
 -6.9733823e-003
 -3.9479298e-003
 -6.4344450e-004
  3.0573301e-003
  5.4082385e-003
  1.0172815e-002
  1.6064082e-002
  2.3628729e-002
  3.3656434e-002
  4.5016697e-002
  5.5818164e-002
  6.3290952e-002
  6.5265301e-002
  6.3854878e-002
  6.0223223e-002
  5.3020091e-002
  4.6138800e-002
  3.7072032e-002
  2.9992968e-002
  2.4431879e-002
  1.9401524e-002
  1.5902516e-002
  1.2950811e-002
  1.0443188e-002
  8.2504915e-003
  6.3027401e-003
  4.5441438e-003
  2.9296062e-003
  1.4152328e-003
  6.2871708e-004
  1.8149158e-003
  3.0651365e-003
  4.2457882e-003
  5.4480843e-003
  6.6861602e-003
  7.9869109e-003
  9.3544940e-003
  1.0819383e-002
  1.2394925e-002
  1.4110828e-002
  1.6002105e-002
  1.8091158e-002
  2.0422369e-002
  2.3032549e-002
  2.5642961e-002
  2.8296515e-002
  3.1329126e-002
  3.3899938e-002
  3.6256714e-002
  3.8313942e-002
  4.0448399e-002
  4.1580106e-002
  4.2218138e-002
  4.2313334e-002
  4.1856245e-002
  4.0204105e-002
  3.7238697e-002
  3.3516596e-002
  3.0887849e-002
  2.9188494e-002
  2.8309943e-002
  2.8226251e-002
  2.8479900e-002
  2.9664984e-002
  3.0755755e-002
  3.3823748e-002
  3.8211669e-002
  3.5757352e-002
  3.3017556e-002
  2.6869506e-002
  2.1587783e-002
  1.2404142e-002
  5.3438543e-003
 -2.0197723e-003
 -1.2579713e-002
 -1.9532541e-002
 -2.8506123e-002
 -2.3407490e-002
 -1.6153121e-002
 -9.6001293e-003
 -5.7309685e-003
  2.3776809e-004
  3.9671705e-003
  1.0120724e-002
  1.4255091e-002
  2.1385096e-002
  2.8561680e-002
  2.8064612e-002
  2.7293867e-002
  2.5737689e-002
  2.4324461e-002
  2.2060585e-002
  2.0155193e-002
  1.8079011e-002
  1.5881345e-002
  1.3027957e-002
  1.0742722e-002
  9.4978967e-003
  8.6151599e-003
  7.7035604e-003
  7.0623940e-003
  6.4918460e-003
  5.9785159e-003
  5.5066108e-003
  5.0622754e-003
  4.5529489e-003
  4.1032581e-003
  4.6839444e-003
  6.0042927e-003
  7.6652589e-003
  9.7579422e-003
  1.2380254e-002
  1.6073534e-002
  2.0058437e-002
  2.0787297e-002
  1.3264007e-002
  1.7940339e-003
 -1.6250090e-002
 -4.5611213e-002
 -7.3072370e-002
 -4.9057425e-002
  2.0921853e-002
  1.0688871e-001
  1.6174392e-001
  3.3740287e-001
  9.8019100e-001
  1.0489277e-001
  6.0997336e-003
 -1.9276797e-002
 -3.2321581e-002
  1.6688139e-002
  4.5482042e-002
  5.3835665e-002
  5.0328403e-002
  4.4450151e-002
  2.4457027e-002
  1.1253573e-002
  5.7499849e-004
 -7.5678653e-003
 -1.6522830e-002
 -2.8278557e-002
 -4.6356046e-002
 -8.9280036e-002
 -1.0898205e-001
 -1.0463185e-001
 -7.2978184e-002
 -8.2734576e-003
  2.1769024e-002
  1.8702627e-002
  1.7137900e-002
  1.6572837e-002
  1.5986098e-002
  1.5707684e-002
  1.5641588e-002
  1.2185495e-002
  8.0176336e-003
  2.3614186e-003
 -9.6326048e-004
 -6.0369313e-003
 -9.3894890e-003
 -1.5199649e-002
 -2.2286638e-002
 -2.7572896e-002
 -3.7633453e-002
 -4.7252579e-002
 -5.4872288e-002
 -5.8443425e-002
 -5.7243581e-002
 -5.2439020e-002
 -4.5943242e-002
 -3.9674383e-002
 -3.0794007e-002
 -2.6716514e-002
 -2.2728802e-002
 -2.0777007e-002
 -1.9407209e-002
 -1.8435847e-002
 -1.8350552e-002
 -1.8965033e-002
 -2.1266672e-002
 -2.5371261e-002
 -3.7955631e-002
 -5.9277699e-002
 -9.7130716e-002
 -1.6529984e-001
 -2.6391331e-001
 -3.0363006e-001
 -1.9789375e-001
 -1.3945443e-001
 -1.1590442e-001
 -1.0180301e-001
 -7.4531614e-002
 -5.0974860e-002
 -3.0951679e-002
 -1.1496701e-002
  1.1590906e-002
  3.1682477e-002
  3.0624247e-002
  2.5831089e-002
  1.4689418e-002
 -1.1632629e-002
 -9.1283574e-002
 -3.4017926e-001
 -9.4259026e-001
 -2.3016605e-001
  0.0000000e+000
  0.0000000e+000
  0.0000000e+000
  0.0000000e+000
  1.2026623e-001
  5.6810036e-001
  2.2824602e-001
  2.4948445e-001
  2.7235695e-001
  2.5992576e-001
  1.7951646e-001
  6.7443672e-002
  2.7332788e-004
 -2.7355238e-002
 -7.6505570e-002
 -1.1286840e-001
 -1.2762109e-001
 -1.4108269e-001
 -1.3757461e-001
 -7.4424862e-002
 -3.1990965e-002
  2.7247426e-002
  1.0697466e-001
  2.0120688e-001
  6.7822276e-001
  5.5850941e-001
  1.0425621e-001
  3.1087837e-002
  2.3599970e-003
 -7.6347394e-003
 -6.8384803e-003
 -2.1625772e-004
  6.2717423e-003
  1.1637299e-002
 -3.1423188e-002
 -1.2159219e-001
 -1.5495966e-001
  7.3409778e-002
  2.6369846e-001
  3.3528672e-001
  2.9306953e-001
  2.3834961e-001
  1.4235674e-001
  1.4262750e-001
  6.1262399e-001
 -4.2092025e-001
  1.6053985e-002
  6.9862137e-002
  1.5408236e-001
  1.5211291e-002
 -3.0756044e-001
 -4.6131296e-001
 -5.8466417e-001
 -4.1202470e-001
 -1.4405350e-001
 -4.8757539e-002
 -7.8711946e-003
  1.4624601e-002
  2.8565854e-002
  3.7099626e-002
  4.6941460e-002
  5.9425464e-002
  6.6884024e-003
