  1.3362210e-001
  5.3180001e-002
  2.8174268e-002
  1.0959436e-002
  2.1783556e-003
 -3.4613366e-003
 -8.1219019e-003
 -1.2850013e-002
 -1.8473478e-002
 -1.6676083e-002
 -6.1790245e-003
  5.3473484e-003
  1.6939005e-002
  2.7593579e-002
  3.7298333e-002
  3.8732968e-002
  2.7181384e-002
  1.7607700e-002
  9.3212872e-003
  1.8128519e-003
 -7.0233915e-003
 -1.4128428e-002
 -1.7055184e-002
 -1.0924419e-002
 -3.4222402e-003
  3.4394971e-003
  1.1254284e-002
  2.0553398e-002
  3.2108671e-002
  4.1393290e-002
  4.2988496e-002
  4.1349855e-002
  3.4594776e-002
  2.8216117e-002
  2.1912642e-002
  2.2774744e-002
  2.4200972e-002
  2.4178687e-002
  2.3282199e-002
  2.2441741e-002
  2.0822880e-002
  1.9107433e-002
  1.3354364e-002
  8.5264371e-003
  6.4632318e-003
  3.3419591e-003
  7.4096584e-004
 -1.5730583e-003
 -3.7859256e-003
 -6.0334238e-003
 -8.4536175e-003
 -9.0950314e-003
 -6.1781403e-003
 -3.0868601e-003
  3.0444538e-004
  2.4215683e-003
  6.6065229e-003
  1.1611460e-002
  1.7845935e-002
  2.5924826e-002
  3.6355197e-002
  4.7645627e-002
  5.7798856e-002
  6.4138515e-002
  6.5424011e-002
  6.3188067e-002
  5.7415260e-002
  5.2084748e-002
  4.4759488e-002
  3.4522745e-002
  2.8267070e-002
  2.3217645e-002
  1.9103348e-002
  1.5675051e-002
  1.2502295e-002
  1.0078444e-002
  7.9603342e-003
  6.0636576e-003
  4.3460050e-003
  2.7505558e-003
  1.2441171e-003
  7.6259298e-004
  1.9416899e-003
  3.1147704e-003
  4.2960529e-003
  5.4938489e-003
  6.7335482e-003
  8.0302975e-003
  9.3937754e-003
  1.0854279e-002
  1.2424930e-002
  1.4135202e-002
  1.6010968e-002
  1.8081431e-002
  2.0390161e-002
  2.2976966e-002
  2.5552907e-002
  2.8173354e-002
  3.0753782e-002
  3.3244871e-002
  3.5549291e-002
  3.8100692e-002
  3.9794131e-002
  4.1071823e-002
  4.2139294e-002
  4.2388627e-002
  4.1996653e-002
  4.1291894e-002
  3.8022121e-002
  3.4126863e-002
  3.2418720e-002
  3.0213820e-002
  2.8833342e-002
  2.8206348e-002
  2.8334080e-002
  2.9284376e-002
  3.1217292e-002
  3.4438924e-002
  3.8038012e-002
  3.6680415e-002
  3.2736386e-002
  2.8968894e-002
  2.1542217e-002
  1.5482464e-002
  5.5663663e-003
 -1.7922377e-003
 -9.2264711e-003
 -1.9506497e-002
 -2.5865191e-002
 -2.3053851e-002
 -1.8229586e-002
 -1.1461952e-002
 -7.4900804e-003
 -1.4757363e-003
  4.4736377e-003
  8.2856470e-003
  1.4708513e-002
  1.9165446e-002
  2.6873093e-002
  2.8328084e-002
  2.7317684e-002
  2.6303145e-002
  2.5013261e-002
  2.2877518e-002
  2.1062775e-002
  1.9062926e-002
  1.6304167e-002
  1.4080005e-002
  1.1809406e-002
  9.7253540e-003
  8.8157004e-003
  8.0344119e-003
  7.3506849e-003
  6.7493379e-003
  6.2112432e-003
  5.6356257e-003
  5.1878130e-003
  4.7558441e-003
  4.3168432e-003
  4.1658601e-003
  5.3517904e-003
  7.1002862e-003
  9.0278957e-003
  1.1444722e-002
  1.4446915e-002
  1.8110587e-002
  2.2455497e-002
  1.7169721e-002
  7.7687417e-003
 -6.7365562e-003
 -3.0001680e-002
 -6.8603115e-002
 -6.3242794e-002
 -1.1614059e-002
  6.5517487e-002
  1.2877005e-001
  2.2831572e-001
  7.7066586e-001
  7.4906938e-001
  1.1933599e-001
  2.7883341e-002
 -1.6287211e-002
 -3.1080665e-002
 -1.1077831e-002
  4.3116117e-002
  5.3285907e-002
  5.2723715e-002
  4.6296001e-002
  3.0722027e-002
  1.5369940e-002
  5.1211583e-003
 -3.2217469e-003
 -1.1530529e-002
 -2.3728997e-002
 -3.9689998e-002
 -6.8135603e-002
 -1.0712856e-001
 -1.1312507e-001
 -6.5236830e-002
 -4.3226278e-004
  2.0761044e-002
  1.9423546e-002
  1.7529971e-002
  1.6855106e-002
  1.6135999e-002
  1.5773068e-002
  1.5668678e-002
  1.4700171e-002
  1.0193490e-002
  4.2301297e-003
  8.1116383e-004
 -4.2651983e-003
 -7.5698749e-003
 -1.3108661e-002
 -1.9712745e-002
 -2.4627664e-002
 -3.4494582e-002
 -4.4438213e-002
 -5.3031608e-002
 -5.7971232e-002
 -5.7931597e-002
 -5.3705579e-002
 -4.7288350e-002
 -4.1970612e-002
 -3.2046346e-002
 -2.7588016e-002
 -2.3241568e-002
 -2.1123056e-002
 -1.9630442e-002
 -1.8512685e-002
 -1.8321278e-002
 -1.8810626e-002
 -2.0879686e-002
 -2.4634940e-002
 -3.6131477e-002
 -5.6774947e-002
 -9.4649858e-002
 -1.6716820e-001
 -2.7762043e-001
 -2.7474785e-001
 -1.7185526e-001
 -1.3335765e-001
 -1.0738084e-001
 -8.7523384e-002
 -6.1439888e-002
 -4.0063001e-002
 -2.0723796e-002
 -9.8512186e-007
  3.1498648e-002
  3.1376830e-002
  2.8496079e-002
  2.0726047e-002
  5.1268594e-003
 -4.6729283e-002
 -2.1988994e-001
 -2.3491785e-001
  0.0000000e+000
  0.0000000e+000
  0.0000000e+000
  0.0000000e+000
  1.1936494e-001
  4.7360094e-001
  4.2153179e-001
  2.5480781e-001
  2.4677973e-001
  2.4333029e-001
  3.5619045e-001
  3.0687271e-001
  1.3694841e-001
  2.5636992e-002
 -7.0688708e-003
 -3.4584207e-002
 -8.7599418e-002
 -1.2026154e-001
 -1.4063942e-001
 -1.2226825e-001
 -5.1480343e-002
 -1.0223794e-002
  3.9189944e-002
  1.6045432e-001
  2.6532080e-001
  8.1085691e-001
  7.1975306e-001
  1.5773171e-001
  4.3923315e-002
  9.6051349e-003
 -8.9446680e-003
 -6.0022196e-003
 -2.1030229e-003
  4.0433790e-003
  1.1775928e-002
 -1.3334769e-002
 -8.8528249e-002
 -2.0072856e-001
  2.0666130e-002
  1.9080740e-001
  3.4717789e-001
  3.1866094e-001
  2.6750483e-001
  1.9681889e-001
  1.3872191e-001
  1.7548039e-001
  5.3626186e-001
  1.4349486e+000
 -4.7895932e-001
  1.7071731e-002
  6.7128654e-002
  1.3012405e-001
  1.0285494e-001
 -2.7583122e-001
 -4.6240133e-001
 -2.6134191e-001
 -8.7953102e-002
 -2.6234488e-002
  4.0146686e-003
  2.4055112e-002
  3.2467618e-002
  4.1447775e-002
  5.2345910e-002
  3.9325965e-002
 -2.1728644e-002
 -7.9388084e-002
 -1.3648696e-001
 -1.3409480e-001
 -9.2696548e-002
 -8.4428132e-002
 -1.7489677e-001
 -2.5300966e-001
 -1.1367007e-001
 -6.3328902e-002
 -5.5272111e-002
 -6.0539001e-002
 -7.9362471e-002
 -1.2262706e-001
 -1.1094475e-001
 -3.8065100e-002
  3.5769928e-002
  6.9920934e-002
 -3.8008501e-002
 -1.1342587e-001
 -2.3014877e-001
 -5.9017170e-002
  6.6782951e-002
  1.6087517e-001
  9.2966374e-002
  5.1616015e-002
  2.6833949e-002
 -1.1702017e-002
 -4.7937235e-002
 -6.1113460e-002
 -5.0074996e-002
 -5.1970715e-002
 -4.2358609e-002
 -3.0828132e-002
 -2.0435685e-002
 -1.6505371e-002
 -1.5269140e-002
 -1.5788184e-002
 -1.3466502e-002
 -8.7485419e-003
 -2.8307915e-003
  7.7260224e-003
  1.9631177e-002
  1.0654103e-002
 -2.3160456e-002
 -3.6009275e-002
 -5.1274104e-002
 -8.7088253e-002
 -1.4081405e-001
 -1.3139409e-001
 -3.7854626e-002
  3.7086477e-002
  5.4274112e-002
  1.8330272e-002
  3.3724831e-003
 -9.9683879e-003
 -2.7886371e-002
 -6.2399927e-002
 -5.6340917e-002
 -1.5221879e-002
  7.4459556e-002
  6.4647009e-002
 -1.0066584e-002
 -1.0564145e-001
  7.6616854e-002
  1.2822140e+000
  1.5819802e-001
  1.6406833e+000
  1.3362210e-001
