




0.012152365
0.0116598075
0.01116725
0.010530077
0.0099457105
0.0095954155
0.0092451205
0.0087752569
0.0083413215
0.00808361315
0.0078259048
0.0076409671
0.0075427914
0.0074546171
0.00743358795
0.0074125588
0.0073914113
0.0073902491
0.0074027299
0.0074152107
0.0074555144
0.0075132059
0.00755101435
0.0075888228
0.0077028891
0.007816171
0.0078816973
0.0079472236
0.0080955678
0.0082645177
0.00835826985
0.008452022
0.0086967175
0.0089294725
0.0091863709
0.0093269146
0.0094674583
0.0097760751
0.010114397
0.010300725
0.010487053
0.010892619
0.011336187
0.011580107
0.011824027
0.01239142
0.012971629
0.0132906895
0.01360975
0.014312136
0.015081634
0.015505743
0.015929852
0.016860618
0.017893819
0.019029866
0.019715611
0.020401356
0.021840255
0.023428613
0.024309592
0.025190571
0.027144634
0.029299216
0.0307966765
0.032294137
0.035045902
0.038030207
0.0402828585
0.04253551
0.046194098
0.051989268
0.054035004
0.05608074
0.062709416
0.066496893
0.068150665
0.0670377515
0.065924838
0.062690493
0.060454289
0.058442062
0.056429835
0.053765491
0.049922761
0.0486356935
0.047348626
0.044185318
0.041987315
0.0409748125
0.03996231
0.038125049
0.036491976
0.0357825615
0.035073147
0.033818083
0.032870721
0.032124982
0.031855273
0.031585564
0.03125518
0.031140346
0.031212079
0.031283812
0.031683075
0.032360018
0.032852015
0.033344012
0.035129043
0.037044554
0.038259077
0.0394736
0.042486435
0.048276332
0.0508769475
0.053477563
0.064469866
0.081535124
0.094173758
0.109678594
0.12518343
0.14138975
0.15086568
0.148299595
0.14573351
0.13107296
0.11110595
0.101025369
0.090944788
0.073374508
0.058954345
0.0515169265
0.044079508
0.03501372
0.025031701
0.0221398095
0.019247918
0.014322891
0.0081396532
0.0027171777
0.00104405981
-0.00062905808
-0.0038498886
-0.0085044393
-0.01009327715
-0.011682115
-0.016452082
-0.019949373
-0.022595068
-0.025240763
-0.029352594
-0.033873806
-0.037105032
-0.040336258
-0.045728104
-0.051554932
-0.0523078975
-0.053060863
-0.052653342
-0.052219495
-0.051798011
-0.0516136085
-0.051429206
-0.051148548
-0.050985787
-0.0509756935
-0.0509656
-0.05118197
-0.051573047
-0.051868058
-0.052163069
-0.053410583
-0.054547079
-0.055692169
-0.056837259
-0.059960545
-0.064022542
-0.066521237
-0.069019932
-0.074781309
-0.080847373
-0.08482097
-0.0868417655
-0.088862561
-0.093255938
-0.095427973
-0.0957950275
-0.096162082
-0.089529437
-0.079567496
-0.074263063
-0.06895863
-0.061471734
-0.055431103
-0.052065101
-0.048699099
-0.04501659
-0.042119742
-0.0403899275
-0.038660113
-0.036265864
-0.03535951
-0.034588891
-0.0347338955
-0.0348789
-0.036435611
-0.039664064
-0.042511169
-0.045358274
-0.055023627
-0.071527693
-0.0803809455
-0.089234198
-0.13447877
-0.19606853
-0.24163969
-0.28721085
-0.31291306
-0.22780463
-0.199298645
-0.17079266
-0.092948262
-0.061876247
-0.029211187
-0.0218229605
-0.014434734
-0.0027411737
0.010892078
0.0166651775
0.022438277
0.029509459
0.036178548
0.041255855
0.046333162
0.056417877
0.065824424
0.069559896
0.073295368
0.074297116
0.065546763
0.063249803
0.060952843
0.055418195
0.05233031
0.049132294
0.0481921565
0.047252019
0.045781014
0.044697741
0.0443354085
0.043973076
0.043583516
0.043502806
0.043605001
0.043707196
0.044170578
0.04486991
0.0453215725
0.045773235
0.046851621
0.048459927
0.049166369
0.049872811
0.051336352
0.053516086
0.054246578
0.05497707
0.057134952
0.058273815
0.059845556
0.0603216235
0.060797691
0.060954019
0.056143932
0.0548033565
0.053462781
0.049695101
0.046761733
0.0459215355
0.045081338
0.043622461
0.042392678
0.0417875125
0.041182347
0.040492597
0.040013518
0.039876333
0.039739148
0.039664223
0.039783289
0.040088607
0.0403293155
0.040570024
0.04121733
0.042016459
0.04248321
0.042949961
0.043996834
0.045132552
0.0459278895
0.046723227
0.048015997
0.049301082
0.0502184855
0.051135889
0.052305367
0.053953863
0.0546325375
0.055311212
0.055857965
0.056408094
0.056330531
0.0559663295
0.055602128
0.054875248
0.05269422
0.050807142
0.048920064
0.043721629
0.040459203
0.0384440285
0.036428854
0.033763587
0.031318196
0.0299733495
0.028628503
0.02669385
0.024945375
0.0241520105
0.023358646
0.021926299
0.020633193
0.01945982
0.018932573
0.018405326
0.01744749
0.016585918
0.0161941855
0.015802453
0.015097168
0.014455284
0.014164762
0.01387424
0.013348282
0.012869792
0.0126534905
0.012437189
0.012046406
0.011691926
0.0115314965
0.011371067
0.01108144
0.010822342
0.010588896
0.010485521
0.010382146
0.010170194
0.010011663
0.0099432772
0.0098748914
0.0097589046
0.009662352
0.00962401025
0.0095856685
0.0095163547
0.0094803353
0.00947152705
0.0094627188
0.0094635414
0.0094912529
0.00951303765
0.0095348224
0.0095980159
0.0097102965
0.0098218684
0.00988889355
0.0099559187
0.010171279
0.010364945
0.01047496
0.010584975
0.01093786
0.011235045
0.0113887725
0.0115425
0.0117582
0.011930809
0.012071758
0.012212707
0.012431488
0.012672389
0.0128746445
0.0130769
0.013554128
0.013912004
0.014540086
0.014770343
0.0150006
0.015836285
0.016435389
0.0170014165
0.017567444
0.018962835
0.019926518
0.0209064185
0.021886319
0.02439603
0.027677189
0.0298663735
0.032055558
0.038082199
0.046622529
0.0528478255
0.059073122
0.069424931
0.094499277
0.11965141
0.138857145
0.15806288
0.21317823
0.26297033
0.26338088
0.26379143
0.16582279
0.097158749
0.084308291
0.071457833
0.046801319
0.035454674
0.029905424
0.024356174
0.018081361
0.012799678
0.0098587407
0.0069178034
0.0026415703
-0.0016426382
-0.0061963233
-0.00959313665
-0.01298995
-0.019657503
-0.028258946
-0.0369306185
-0.045602291
-0.066029563
-0.12302061
-0.205073895
-0.28712718
-0.46912989
-0.28656418
-0.20640493
-0.12624568
-0.063969583
-0.03738834
-0.0333397355
-0.029291131
-0.019010772
-0.012418453
-0.0077742286
-0.0060061229
-0.0042380172
-0.0013371309
0.0012158141
0.00241281345
0.0036098128
0.00599503
0.0085228412
0.0099334206
0.011344
0.014634274
0.01650093
0.0187128395
0.020924749
0.026601125
0.034131032
0.036845864
0.039560696
0.05225274
0.069905329
0.085492721
0.0940403005
0.10258788
0.11592126
0.12853843
0.13121064
0.13388285
0.13231333
0.12397694
0.118211825
0.11244671
0.093670881
0.082845395
0.0749377485
0.067030102
0.054352452
0.044614162
0.0408951575
0.037176153
0.033600944
0.028618731
0.024729757
0.0236877505
0.022645744
0.019931825
0.018398785
0.017423018
0.016447251
0.015289541
0.014247832
0.013604056
0.01296028
0.012152365
