




0.06094557349177
0.06099645910921
0.06045588272793
0.05991530634665
0.05870560575304
0.05749590515943
0.056099792952545
0.05470368074566
0.05307195066523
0.051877941083965
0.0506839315027
0.049578810343935
0.04847368918517
0.047996660381505
0.04751963157784
0.046623649398055
0.04572766721827
0.044944739800035
0.0441618123818
0.043892136555315
0.04362246072883
0.04304348042355
0.04246450011827
0.0419704520906
0.04147640406293
0.040704562257
0.04042640315025
0.0401482440435
0.040096665613705
0.04004508718391
0.039909854407305
0.0397746216307
0.039719182539815
0.03966374344893
0.039700332325415
0.0397369212019
0.039862404048745
0.03998788689559
0.04019852249555
0.04040915809551
0.040698732047195
0.04098830599888
0.04171672469365
0.042146706804635
0.04257668891562
0.042766938806395
0.04295718869717
0.043358907195365
0.04376062569356
0.044328264081445
0.04489590246933
0.045497916869995
0.04609993127066
0.046720862472255
0.04734179367385
0.047570054761435
0.04779831584902
0.048451756064355
0.04910519627969
0.05037378942074
0.050796456344085
0.05121912326743
0.051699097136985
0.05217907100654
0.052715651639345
0.05325223227215
0.0535648314812
0.05387743069025
0.05430760156334
0.05473777243643
0.05506656820371
0.05539536397099
0.055621101905125
0.05584683983926
0.056031606900605
0.05621637396195
0.05641070432967
0.056431005453045
0.05645130657642
0.05638407615433
0.05631684573224
0.05617782381366
0.05603880189508
0.055790510097395
0.05554221829971
0.05515784556178
0.05477347282385
0.054467000235555
0.05416052764726
0.053155675471965
0.05215082329667
0.050527016413275
0.04890320952988
0.04656616901592
0.0448437259901
0.04312128296428
0.04148213536332
0.03984298776236
0.03928192737106
0.03872086697976
0.037285319182775
0.03584977138579
0.03452887087953
0.03320797037327
0.031998098397825
0.03078822642238
0.030362080868865
0.02993593531535
0.029040446460305
0.02814495760526
0.02625249819678
0.02538969062982
0.02452688306286
0.02375203208897
0.02297718111508
0.022274562878875
0.02157194464267
0.02093798858102
0.02030403251937
0.019731839772485
0.0191596470256
0.019083293527945
0.01900694003029
0.01853913917205
0.01807133831381
0.01761605330479
0.01716076829577
0.01633635881698
0.015961070590125
0.01558578236327
0.01524584928106
0.01490591619885
0.014597921471485
0.01428992674412
0.0140093669368
0.01372880712948
0.0134746986247
0.01322059011992
0.01311653531967
0.01301248051942
0.01287052411827
0.01272856771712
0.012518366694785
0.01230816567245
0.011926610714
0.011754706026985
0.01158280133997
0.01142735686771
0.01127191239545
0.01113177288484
0.01099163337423
0.010866458222305
0.01074128307038
0.010628717813545
0.01051615255671
0.010416700694185
0.01031724883166
0.010291903214945
0.01026655759823
0.01018981749827
0.01011307739831
0.009961875530399
0.009897019257473
0.009832162984547
0.009777292540477
0.009722422096407
0.0096775480405685
0.00963267398473
0.0096124454477895
0.009592216910849
0.0095707233765455
0.009549229842242
0.009525189804065
0.009501149765888
0.0094864192295555
0.009471688693223
0.0094662854258835
0.009460882158544
0.009464657303654
0.0094692122251085
0.009473767146563
0.0094895461927775
0.009505325238992
0.009530757720696
0.0095561902024
0.00959154212415
0.0096268940459
0.009640937974002
0.009654981902104
0.0097027981198245
0.009750614337545
0.0098106608166
0.009870707295655
0.0099422031038925
0.01001369891213
0.01009464952175
0.01016930826802
0.01024396701429
0.010346128267
0.01044828951971
0.010564685328075
0.01068108113644
0.01072775080309
0.01077442046974
0.01091368549793
0.01105295052612
0.01120952637285
0.01136610221958
0.0114802317017
0.01159436118382
0.01162960947621
0.0116648577686
0.01182824167334
0.01191850695888
0.01200877224442
0.012051536415195
0.01209430058597
0.012198643467385
0.0123029863488
0.01241800785345
0.0125330293581
0.01259705919787
0.01266108903764
0.012788507892665
0.01291592674769
0.01306163884308
0.01320735093847
0.01329546647491
0.01338358201135
0.01370957023087
0.01389597235656
0.01408237448225
0.014193316297025
0.0143042581118
0.01452416150776
0.01474406490372
0.01498571016961
0.0152273554355
0.015382582231755
0.01553780902801
0.01582374507485
0.01610968112169
0.01638532220294
0.01666096328419
0.01692253721767
0.01718411115115
0.01793880740773
0.018222898413785
0.01850698941984
0.018965750488525
0.01942451155721
0.01986758052749
0.02031064949777
0.020797853954635
0.0212850584115
0.021916751820465
0.02254844522943
0.02310640727895
0.02366436932847
0.02445830350096
0.02525223767345
0.026011078460135
0.02676991924682
0.027786745369075
0.02880357149133
0.03092939556087
0.03226163117478
0.03359386678869
0.035136599337235
0.03667933188578
0.038446885074675
0.04021443826357
0.04254237433796
0.04487031041235
0.04728852176894
0.04970673312553
0.05335805584717
0.05700937856881
0.06031249026062
0.06361560195243
0.06956504600324
0.07551449005405
0.09285522418521
0.098258169175155
0.1036611141651
0.11795127267015
0.1322414311752
0.15339998072875
0.1745585302823
0.2017344196825
0.2289103090827
0.2481201867762
0.2673300644697
0.26443025277045
0.2615304410712
0.24202414939905
0.2225178577269
0.19530412596325
0.1680903941996
0.1239788857707
0.11244203760715
0.1009051894436
0.087883844301865
0.07486249916013
0.065583904128835
0.05630530909754
0.05275587114568
0.04920643319382
0.04330478555671
0.0374031379196
0.03288888410684
0.02837463029408
0.026385379721285
0.02439612914849
0.02185635712142
0.01931658509435
0.01388154596878
0.011499938584776
0.009118331200772
0.007181589718725
0.005244848236678
0.004413290347012
0.003581732457346
0.00145574459927505
-0.0006702432587959
-0.00290832265631395
-0.005146402053832
-0.007646651323321
-0.01014690059281
-0.01161063688421
-0.01307437317561
-0.015585483817225
-0.01809659445884
-0.02627110141083
-0.03179500116576
-0.03731890092069
-0.0419233852219
-0.04652786952311
-0.054121219282135
-0.06171456904116
-0.07658358730995
-0.09145260557874
-0.11020837189667
-0.1289641382146
-0.1569791686849
-0.1849941991552
-0.2316937012851
-0.278393203415
-0.3442852326934
-0.4101772619718
-0.4443026806305
-0.33579492640355
-0.2272871721766
-0.1803759426863
-0.133464713196
-0.11778999745055
-0.1021152817051
-0.085905981719135
-0.06969668173317
-0.06052355932257
-0.05135043691197
-0.04609138426643
-0.04083233162089
-0.03636965278867
-0.03190697395645
-0.02884709311
-0.02578721226355
-0.02076176836383
-0.01880161232582
-0.01684145628781
-0.01525257681642
-0.01366369734503
-0.01229356278672
-0.01092342822841
-0.009818562155557
-0.008713696082704
-0.0076883701493215
-0.006663044215939
-0.005824306949802
-0.004985569683665
-0.004168386696606
-0.003351203709547
-0.0026637750777315
-0.001976346445916
-0.0005722894045555
6.425599795275E-5
0.000700801400461
0.001308078976813
0.001915356553165
0.0025373418651215
0.003159327177078
0.0037260826732175
0.004292838169357
0.0049128587392695
0.005532879309182
0.0061186066199875
0.006704333930793
0.0073577368952335
0.008011139859674
0.008656960169121
0.009302780478568
0.01073687697883
0.011483993259925
0.01223110954102
0.01305466783857
0.01387822613612
0.01479010053688
0.01570197493764
0.01668855114753
0.01767512735742
0.018832232372455
0.01998933738749
0.021197995463945
0.0224066535404
0.023940769993595
0.02547488644679
0.027009441458835
0.02854399647088
0.03278045054917
0.035423051725475
0.03806565290178
0.040421624206035
0.04277759551029
0.046691200931355
0.05060480635242
0.0536570901052
0.05670937385798
0.06260465744696
0.06849994103594
0.07655128123643
0.08460262143692
0.08891764114487
0.09323266085282
0.10038959655656
0.1075465322603
0.1202290282636
0.12524917996085
0.1302693316581
0.132295081017
0.1343208303759
0.13264964442145
0.130978458467
0.12653493332815
0.1220914081893
0.1164367593307
0.1107821104721
0.1077528496881
0.1047235889041
0.09869516900739
0.09266674911068
0.087922130526345
0.08317751194201
0.07507035138422
0.07102154825282
0.06697274512142
0.063706498387465
0.06044025165351
0.05751507249133
0.05458989332915
0.051836712630525
0.0490835319319
0.04701350057036
0.04494346920882
0.04271999741435
0.04049652561988
0.03848635185314
0.0364761780864
0.035228486508565
0.03398079493073
0.03076228962331
0.029858784422495
0.02895527922168
0.02766870708306
0.02638213494444
0.025229694777455
0.02407725461047
0.02350899140229
0.02294072819411
0.022000268510465
0.02105980882682
0.02021963356576
0.0193794583047
0.01900861322563
0.01863776814656
0.01794095423378
0.017244140321
0.01599026588447
0.01573862548263
0.01548698508079
0.014957173289405
0.01442736149802
0.013951845597685
0.01347632969735
0.01319980852513
0.01292328735291
0.01261195462531
0.01230062189771
0.01192792615599
0.01155523041427
0.011218020656915
0.01088081089956
0.01076614327637
0.01065147565318
0.01006058922662
0.009789152071981
0.009517714917342
0.009269174830785
0.009020634744228
0.008944744023568
0.008868853302908
0.0086485637242875
0.008428274145667
0.008225624877544
0.008022975609421
0.007862447076933
0.007701918544445
0.007678873987387
0.007655829430329
0.00760892312926
0.007562016828191
0.007484203409928
0.007457437386364
0.0074306713628
0.007415661956029
0.007400652549258
0.0073975229392425
0.007394393329227
0.007391589476273
0.007388785623319
0.0073955840144345
0.00740238240555
0.007418392930851
0.007434403456152
0.0074572998694845
0.007480196282817
0.0074892967920865
0.007498397301356
0.007569066928765
0.0076133030064635
0.007657539084162
0.007710558296453
0.007763577508744
0.0078251258962695
0.007886674283795
0.0079279904603035
0.007969306636812
0.0080134810644295
0.008057655492047
0.0081393092865995
0.008220963081152
0.008312259314581
0.00840355554801
0.00850489331733
0.00860623108665
0.008831283233505
0.008954992723864
0.009078702214223
0.0091496238587585
0.009220545503294
0.0093064547717865
0.009392364040279
0.009542353404715
0.009692342769151
0.0098567718416205
0.01002120091409
0.010202310074375
0.01038341923466
0.010580485970865
0.01077755270707
0.01099429925434
0.01121104580161
0.01168513249968
0.01194436005086
0.01220358760204
0.01248873795917
0.0127738883163
0.01308599019124
0.01339809206618
0.013741759502155
0.01408542693813
0.0144620812472
0.01483873555627
0.01525636714677
0.01567399873727
0.0161326514309
0.01659130412453
0.017100802964055
0.01761030180358
0.01873168985966
0.01935232373286
0.01997295760606
0.02066407273485
0.02135518786364
0.022117529984875
0.02287987210611
0.023725056136495
0.02457024016688
0.025507194647735
0.02644414912859
0.02747700805898
0.02850986698937
0.02888287836116
0.02925588973295
0.03030401575638
0.03135214177981
0.03399020329185
0.035422208577035
0.03685421386222
0.03840738500631
0.0399605561504
0.04054891174763
0.04113726734486
0.042901557504395
0.04466584766393
0.046518406097395
0.04837096453086
0.049356283485755
0.05034160244065
0.052297679335165
0.05425375622968
0.056246343040365
0.05823892985105
0.06075433535268
0.06270361775411
0.06465290015554
0.066176261024075
0.06769962189261
0.06812098933122
0.06854235676983
0.06816028851855
0.06777822026727
0.067234558772185
0.0666908972771
0.06600516545521
0.06531943363332
0.06450689344185
0.06369435325038
0.062639422525465
0.06158449180055
0.0600372016268
0.05880619433876
0.05757518705072
0.056590570091235
0.05560595313175
0.05460691432836
0.05360787552497
0.05228838964766
0.05096890377035
0.04974648981049
0.04852407585063
0.047977446824215
0.0474308177978
0.04622558160005
0.0450203454023
0.043883123601875
0.04274590180145
0.04063314150371
0.04015554701238
0.03967795252105
0.039044181560555
0.03841041060006
0.03759765794459
0.03678490528912
0.03607063200007
0.03535635871102
0.03474683133868
0.03413730396634
0.033627873091035
0.03311844221573
0.03271371273156
0.03230898324739
0.03200892388612
0.03170886452485
0.03131904771352
0.031233318951665
0.03114759018981
0.031174296218635
0.03120100224746
0.031347378171175
0.03149375409489
0.031536100047425
0.03157844599996
0.031884129832635
0.03218981366531
0.03265158284211
0.03311335201891
0.03374614573233
0.03437893944575
0.03520696124043
0.03603498303511
0.03666836508813
0.03784884183594
0.03902931858375
0.040500092315645
0.04197086604754
0.043753046423815
0.04553522680009
0.04658802274466
0.04764081868923
0.05022961451897
0.05281841034871
0.055859164539235
0.05889991872976
0.06132754715269
0.06375517557562
0.068270984560135
0.07278679354465
0.08110749334484
0.08758871309912
0.0940699328534
0.1016851149668
0.1093002970802
0.11802677262555
0.1267532481709
0.13475668645405
0.1427601247372
0.1453969278528
0.1480337309684
0.1493450680666
0.1506564051648
0.146834881121
0.1430133570772
0.13443381271895
0.1258542683607
0.1047032483452
0.09469963837455
0.0846960284039
0.07626760758354
0.06783918676318
0.0610675369427
0.05429588712222
0.048890732366695
0.04348557761117
0.04187115537618
0.04025673314119
0.03607026839124
0.03188380364129
0.02846751133741
0.02505121903353
0.022502388670005
0.01995355830648
0.01708519746843
0.014752896328575
0.01242059518872
0.0103662810912145
0.008311966993709
0.0074061149817905
0.006500262969872
0.0047046713630815
0.002909079756291
0.00122606433566385
-0.0004569510849633
-0.00124881176969115
-0.002040672454419
-0.003630418437271
-0.005220164420123
-0.0067900880613765
-0.00836001170263
-0.009852088302406
-0.011454239523508
-0.01305639074461
-0.014718668970635
-0.01638094719666
-0.017134862163145
-0.01788877712963
-0.01966833757889
-0.02144789802815
-0.02337817760831
-0.02530845718847
-0.02714313665622
-0.02897781612397
-0.030029868673605
-0.03108192122324
-0.03341227034526
-0.03574261946728
-0.038302052743595
-0.04086148601991
-0.04649896305591
-0.047186244749855
-0.0478735264438
-0.05058444140381
-0.05329535636382
-0.053113454197625
-0.05293155203143
-0.0527250162669
-0.05251848050237
-0.052304123444845
-0.05208976638732
-0.051888006706015
-0.05168624702471
-0.05151483985259
-0.05134343268047
-0.05121894193738
-0.05109445119429
-0.05096707744433
-0.05096185861015
-0.05095663977597
-0.050984677457915
-0.05101271513986
-0.051130080832705
-0.05124744652555
-0.051459565722125
-0.0516716849187
-0.051855979168305
-0.05204027341791
-0.0523345321207
-0.05262879082349
-0.053102918841045
-0.0535770468586
-0.05402519956742
-0.05447335227624
-0.05550110338728
-0.05626069298959
-0.0570202825919
-0.05761813948269
-0.05821599637348
-0.05916469181599
-0.0601133872585
-0.06098003724572
-0.06184668723294
-0.062975311694945
-0.06410393615695
-0.06529295587028
-0.06648197558361
-0.067727069891195
-0.06897216419878
-0.07050472043166
-0.07203727666454
-0.07454757985109
-0.076368086587255
-0.07818859332342
-0.0793090962557
-0.08042959918798
-0.08235308568311
-0.08427657217824
-0.08624079709834
-0.08820502201844
-0.08938641622406
-0.09056781042968
-0.091629171019895
-0.09269053161011
-0.093865540141455
-0.0950405486728
-0.095585893017025
-0.09613123736125
-0.09253018278755
-0.087539764402795
-0.08254934601804
-0.07808436043753
-0.07361937485702
-0.06978871600488
-0.06595805715274
-0.06498048319817
-0.0640029092436
-0.060792648609415
-0.05758238797523
-0.054987242703505
-0.05239209743178
-0.050342708213185
-0.04829331899459
-0.0473807729609
-0.04646822692721
-0.04329991293424
-0.04210349747508
-0.04090708201592
-0.04022208449671
-0.0395370869775
-0.03866306361792
-0.03778904025834
-0.037316279841185
-0.03684351942403
-0.03630208911845
-0.03576065881287
-0.035406985802755
-0.03505331279264
-0.0348799955156
-0.03470667823856
-0.034631514860805
-0.03455635148305
-0.03467759017847
-0.03489328381487
-0.03510897745127
-0.035473475171505
-0.03583797289174
-0.036382824408775
-0.03692767592581
-0.037727801532625
-0.03852792713944
-0.039489317226235
-0.04045070731303
-0.04192405921857
-0.04339741112411
-0.04498153888158
-0.04656566663905
-0.04912972472934
-0.05169378281963
-0.0594060473778
-0.06259400807067
-0.06578196876354
-0.07307409691672
-0.0803662250699
-0.09251724546305
-0.1046682658562
-0.11157395290645
-0.1184796399567
-0.1441288238906
-0.1697780078245
-0.21818838582675
-0.266598763829
-0.29040193817535
-0.3142051125217
-0.29729467859465
-0.2803842446676
-0.2327604602579
-0.20165945206695
-0.170558443876
-0.1445334194113
-0.1185083949466
-0.103816034899705
-0.08912367485281
-0.074030152726355
-0.0589366305999
-0.04747828195334
-0.03601993330678
-0.03153659771998
-0.02705326213318
-0.019861230416
-0.01266919869882
-0.006984658607296
-0.001300118515772
0.003431199915455
0.0077295286893375
0.01202785746322
0.015890316124115
0.01975277478501
0.021828556311145
0.02390433783728
0.027109647817735
0.03031495779819
0.033593023157475
0.03687108851676
0.03874041446762
0.04060974041848
0.04372949233636
0.04684924425424
0.04974485409802
0.0526404639418
0.05670443849176
0.059268003618875
0.06183156874599
0.06384185792137
0.06585214709675
0.067827261719605
0.06980237634246
0.07147041725144
0.07313845816042
0.074295059379415
0.07545166059841
0.07516713811003
0.07488261562165
0.072882622988785
0.07088263035592
0.068547849506395
0.06621306865687
0.06164116146106
0.06064508664058
0.0596490118201
0.057844588124715
0.05604016442933
0.054473139833065
0.0529061152368
0.05168709350209
0.05046807176738
0.050033641111675
0.04959921045597
0.04862614798708
0.04765308551819
0.046879497897615
0.04610591027704
0.04552471699733
0.04494352371762
0.04413695717737
0.043899183156505
0.04366140913564
0.043578658505145
0.04349590787465
0.043555460319685
0.04361501276472
0.043804851357135
0.04399468994955
0.044303339677235
0.04461198940492
0.04502553319136
0.0454390769778
0.045942736508135
0.04644639603847
0.047023935034375
0.04760147403028
0.04834410612353
0.048827509157255
0.04931091219098
0.050025238140135
0.05073956408929
0.05146284974075
0.05218613539221
0.05252380962382
0.05286148385543
0.05359954009555
0.05433759633567
0.05502753063373
0.05571746493179
0.05611970340025
0.05652194186871
0.05712827545005
0.05773460903139
0.0585765462423
0.05901031955844
0.05944409287458
0.05978866399295
0.06013323511132
0.060366591337015
0.06059994756271
0.06074731771852
0.06089468787433
