




0.02933226
0.028009425
0.02668659
0.023151892
0.021233257
0.019996019
0.018758781
0.017347314
0.015560588
0.0150250345
0.014489481
0.013164248
0.012339038
0.0119629855
0.011586933
0.010673473
0.010077983
0.0097198325
0.009361682
0.0088809569
0.0084372668
0.00823325885
0.0080292509
0.0076672885
0.0075625132
0.00752371975
0.0074849263
0.007420151
0.0073943933
0.0073916012
0.0073888091
0.0074025127
0.0074449862
0.007472051
0.0074991158
0.0075704444
0.007659218
0.007724498
0.007789778
0.0079168942
0.0080621112
0.0081440387
0.0082259662
0.0084091272
0.0086136316
0.0087457328
0.008877834
0.0091297656
0.0094055898
0.009557083
0.0097085762
0.010040853
0.010404815
0.010605151
0.010805487
0.011241428
0.011756955
0.0120178165
0.012278678
0.012849041
0.013476341
0.0138196285
0.014162916
0.014923233
0.015752384
0.016671908
0.0171796845
0.017687461
0.018804084
0.020039056
0.0207224945
0.021405933
0.023119844
0.024851362
0.025811736
0.02677211
0.028901334
0.031837109
0.0331982605
0.034559412
0.037515647
0.040721138
0.0431698795
0.045618621
0.049430447
0.055501156
0.05752774
0.059554324
0.066054213
0.068233629
0.0671356495
0.06603767
0.06278843
0.060528687
0.05849053
0.056452373
0.053754228
0.049868733
0.048567665
0.047266597
0.044761679
0.041876083
0.0408574285
0.039838774
0.038001593
0.036372254
0.0356664305
0.034960607
0.033767325
0.032796252
0.032420003
0.032043754
0.031514794
0.031213605
0.0311792425
0.03114488
0.0313217
0.031758667
0.032223086
0.032687505
0.033850052
0.035402733
0.0364113325
0.037419932
0.041129753
0.044744002
0.046981858
0.049219714
0.05849048
0.073115498
0.078934479
0.08475346
0.11392078
0.14420562
0.14746592
0.15072622
0.14609333
0.12717912
0.117121255
0.10706339
0.087452215
0.067255245
0.0602971855
0.053339126
0.042425854
0.033728628
0.0288880975
0.024047567
0.018436446
0.0115996
0.00958028015
0.0075609603
0.0022042105
-0.0011207296
-0.00348136815
-0.0058420067
-0.0089825914
-0.013652173
-0.015313947
-0.016975721
-0.020512038
-0.025866369
-0.0279656905
-0.030065012
-0.036189611
-0.041236185
-0.043984598
-0.046733011
-0.052655321
-0.052988658
-0.052779731
-0.052570804
-0.052133609
-0.051717687
-0.0515404005
-0.051363114
-0.051103108
-0.05096853
-0.050975407
-0.050982284
-0.051161294
-0.051693981
-0.052013863
-0.052333745
-0.053675919
-0.054867172
-0.05607186
-0.057276548
-0.060525806
-0.064714606
-0.0672679105
-0.069821215
-0.075625945
-0.081648735
-0.085592078
-0.0881366715
-0.090681265
-0.093645941
-0.095607269
-0.0958742355
-0.096141202
-0.088611321
-0.078900051
-0.0746452825
-0.070390514
-0.063212133
-0.055293379
-0.0529091025
-0.050524826
-0.045026635
-0.042144722
-0.040426246
-0.03870777
-0.036307552
-0.035395979
-0.034997497
-0.034599015
-0.034842439
-0.036319418
-0.03787101
-0.039422602
-0.044882988
-0.054084872
-0.0618561595
-0.069627447
-0.085967341
-0.12732367
-0.154726625
-0.18212958
-0.27368808
-0.31416572
-0.28061622
-0.24706672
-0.13335795
-0.06794124
-0.0503026605
-0.032664081
-0.017031766
4.0793816E-5
0.004650249058
0.0092597043
0.017288139
0.028098897
0.03331972
0.038540543
0.044932122
0.055007941
0.0597684385
0.064528936
0.072343334
0.074938578
0.075417005
0.075895432
0.066804302
0.059963171
0.058100876
0.056238581
0.053005634
0.049618344
0.048625538
0.047632732
0.046066898
0.044895737
0.044495563
0.044095389
0.043636844
0.043495392
0.0435705225
0.043645653
0.044063586
0.044723045
0.0451594895
0.045595934
0.046651445
0.047851606
0.048743023
0.04963444
0.051102945
0.053289493
0.054031144
0.054772795
0.056966061
0.058142053
0.058955094
0.059768135
0.060770326
0.060962726
0.0586022355
0.056241745
0.053521945
0.049703329
0.0486509435
0.047598558
0.045046632
0.043578836
0.042962099
0.042345362
0.041139347
0.040457325
0.04022291
0.039988495
0.039726198
0.039666877
0.039735248
0.039803619
0.040128488
0.040633154
0.0409683775
0.041303601
0.0421268
0.043084769
0.0436203015
0.044155834
0.045310205
0.046939249
0.047591895
0.048244541
0.049537203
0.051380067
0.053182581
0.053674616
0.054166651
0.055473991
0.056275958
0.0563514995
0.056427041
0.055866017
0.054638632
0.053185324
0.051732016
0.04799876
0.04292276
0.0413189635
0.039715167
0.036702517
0.033196263
0.031997598
0.030798933
0.028628503
0.026649272
0.0257567015
0.024864131
0.023042558
0.021644781
0.021010626
0.020376471
0.019236748
0.018201684
0.017733924
0.017266164
0.016424394
0.015658655
0.015312126
0.014965597
0.014338143
0.013767057
0.0135099855
0.013252914
0.012785072
0.012359779
0.012167761
0.011975743
0.011593933
0.011280335
0.011139033
0.010997731
0.010744031
0.010517384
0.0104173165
0.010317249
0.010139863
0.0099860365
0.00990769495
0.0098293534
0.0097200765
0.0096303088
0.00959519195
0.0095600751
0.0094993356
0.0094706419
0.0094657321
0.0094608223
0.0094696911
0.0095083126
0.0095348144
0.0095613162
0.0096341931
0.0097610323
0.0098225344
0.0098840365
0.010030327
0.010201164
0.010338235
0.010475306
0.0107132
0.011094263
0.011255298
0.011416333
0.011625304
0.011856838
0.011949592
0.012042346
0.012343827
0.012579148
0.0127770425
0.012974937
0.013275393
0.013793657
0.0139862655
0.014178874
0.014863151
0.015363782
0.015824368
0.016284954
0.017409392
0.018200917
0.018984443
0.019767969
0.021743644
0.02308317
0.0245372105
0.025991251
0.029845554
0.035125674
0.0388391425
0.042552611
0.053409113
0.062182102
0.073334579
0.084487056
0.10690928
0.14346939
0.175596195
0.207723
0.26643379
0.245096
0.188250495
0.13140499
0.07722798
0.056867107
0.047364699
0.037862291
0.028622056
0.0194201
0.0166804865
0.013940873
0.0091583526
0.0036068307
-0.00065751578
-0.00288830484
-0.0051190939
-0.010100437
-0.017978123
-0.0220106365
-0.02604315
-0.036875311
-0.06030701
-0.074209435
-0.08811186
-0.17053319
-0.36353236
-0.41626211
-0.46899186
-0.33516426
-0.16421171
-0.134731005
-0.1052503
-0.058605427
-0.035687292
-0.0293308425
-0.022974393
-0.015099785
-0.0097399071
-0.00776129685
-0.0057826866
-0.0026341624
5.393728E-5
0.00127760444
0.0025012716
0.0048785821
0.0073341335
0.00866945225
0.010004771
0.013072219
0.016757223
0.019063284
0.021369345
0.027380752
0.035499317
0.0411743475
0.046849378
0.056053219
0.077083071
0.087003488
0.096923905
0.11164819
0.12690351
0.130282025
0.13366054
0.13203568
0.12209141
0.115557985
0.10902456
0.088608256
0.077855037
0.070077918
0.062300799
0.050338816
0.041320527
0.037922267
0.034524007
0.02933226
