




0.05749590515943
0.05528392791233
0.05307195066523
0.0506839315027
0.04751963157784
0.046623649398055
0.04572766721827
0.0441618123818
0.04246450011827
0.0419704520906
0.04147640406293
0.040704562257
0.0401482440435
0.0399614328371
0.0397746216307
0.03966374344893
0.0397369212019
0.03998788689559
0.04019852249555
0.04040915809551
0.04098830599888
0.04171672469365
0.042146706804635
0.04257668891562
0.04376062569356
0.04489590246933
0.045497916869995
0.04609993127066
0.04734179367385
0.04910519627969
0.049739492850215
0.05037378942074
0.05217907100654
0.05325223227215
0.05399500235429
0.05473777243643
0.05584683983926
0.05641070432967
0.056363775030955
0.05631684573224
0.05554221829971
0.05416052764726
0.053155675471965
0.05215082329667
0.04656616901592
0.04312128296428
0.04092107497202
0.03872086697976
0.03584977138579
0.03320797037327
0.03078822642238
0.02946659201382
0.02814495760526
0.02625249819678
0.02452688306286
0.02375203208897
0.02297718111508
0.02157194464267
0.02030403251937
0.019731839772485
0.0191596470256
0.01807133831381
0.01716076829577
0.016748563556375
0.01633635881698
0.01558578236327
0.01490591619885
0.014597921471485
0.01428992674412
0.01372880712948
0.01322059011992
0.01297457891852
0.01272856771712
0.01230816567245
0.011926610714
0.011754706026985
0.01158280133997
0.01127191239545
0.01099163337423
0.01074128307038
0.010628717813545
0.01051615255671
0.01031724883166
0.01011307739831
0.0100374764643545
0.009961875530399
0.009832162984547
0.009722422096407
0.0096775480405685
0.00963267398473
0.009549229842242
0.009501149765888
0.0094864192295555
0.009471688693223
0.009460882158544
0.009473767146563
0.0094895461927775
0.009505325238992
0.0095561902024
0.0096268940459
0.0096887541917225
0.009750614337545
0.009870707295655
0.01001369891213
0.01012883296321
0.01024396701429
0.01044828951971
0.01068108113644
0.01086701583128
0.01105295052612
0.01136610221958
0.0116648577686
0.01182824167334
0.01191850695888
0.01200877224442
0.0123029863488
0.0125330293581
0.012724478052895
0.01291592674769
0.01320735093847
0.01370957023087
0.01389597235656
0.01408237448225
0.01474406490372
0.01553780902801
0.01582374507485
0.01610968112169
0.01718411115115
0.01793880740773
0.01868165948247
0.01942451155721
0.0212850584115
0.02366436932847
0.02445830350096
0.02525223767345
0.02880357149133
0.03359386678869
0.03690415252613
0.04021443826357
0.04970673312553
0.05700937856881
0.06626193431143
0.07551449005405
0.1036611141651
0.1322414311752
0.1745585302823
0.2017344196825
0.2289103090827
0.2673300644697
0.2615304410712
0.2148104176354
0.1680903941996
0.1009051894436
0.07486249916013
0.062034466176975
0.04920643319382
0.0374031379196
0.02837463029408
0.023845607694215
0.01931658509435
0.01388154596878
0.009118331200772
0.006350031829059
0.003581732457346
-0.0006702432587959
-0.005146402053832
-0.007646651323321
-0.01014690059281
-0.01809659445884
-0.02627110141083
-0.03179500116576
-0.03731890092069
-0.06171456904116
-0.09145260557874
-0.13822340236697
-0.1849941991552
-0.4101772619718
-0.4443026806305
-0.2272871721766
-0.1803759426863
-0.133464713196
-0.06969668173317
-0.04083233162089
-0.03330977194222
-0.02578721226355
-0.01684145628781
-0.01092342822841
-0.0087932362221745
-0.006663044215939
-0.003351203709547
-0.0005722894045555
0.00067153357430475
0.001915356553165
0.004292838169357
0.006704333930793
0.0080035572046805
0.009302780478568
0.01223110954102
0.01570197493764
0.017845656162565
0.01998933738749
0.02547488644679
0.03278045054917
0.03777902302973
0.04277759551029
0.05060480635242
0.06849994103594
0.09323266085282
0.10038959655656
0.1075465322603
0.1202290282636
0.1302693316581
0.132295081017
0.1343208303759
0.130978458467
0.1220914081893
0.1134074985467
0.1047235889041
0.09266674911068
0.07507035138422
0.067755301518865
0.06044025165351
0.0490835319319
0.04049652561988
0.037238660275305
0.03398079493073
0.03076228962331
0.02638213494444
0.024661431569275
0.02294072819411
0.02105980882682
0.01863776814656
0.01794095423378
0.017244140321
0.01599026588447
0.01442736149802
0.013951845597685
0.01347632969735
0.01230062189771
0.01155523041427
0.01088081089956
0.01047070006309
0.01006058922662
0.009517714917342
0.009020634744228
0.0087244544449475
0.008428274145667
0.008022975609421
0.007701918544445
0.007631967686318
0.007562016828191
0.007484203409928
0.0074306713628
0.0074125323460135
0.007394393329227
0.007388785623319
0.00740238240555
0.007418392930851
0.007434403456152
0.007498397301356
0.007569066928765
0.0076133030064635
0.007657539084162
0.007763577508744
0.007886674283795
0.007972164887921
0.008057655492047
0.008220963081152
0.00840355554801
0.00850489331733
0.00860623108665
0.008831283233505
0.009078702214223
0.009392364040279
0.009542353404715
0.009692342769151
0.01002120091409
0.01038341923466
0.010580485970865
0.01077755270707
0.01121104580161
0.01168513249968
0.01194436005086
0.01220358760204
0.0127738883163
0.01339809206618
0.013741759502155
0.01408542693813
0.01483873555627
0.01567399873727
0.0161326514309
0.01659130412453
0.01761030180358
0.01873168985966
0.01935232373286
0.01997295760606
0.02135518786364
0.02287987210611
0.023725056136495
0.02457024016688
0.02644414912859
0.02850986698937
0.02993100438459
0.03135214177981
0.03399020329185
0.03685421386222
0.04113726734486
0.042901557504395
0.04466584766393
0.04837096453086
0.05425375622968
0.056246343040365
0.05823892985105
0.06465290015554
0.06854235676983
0.067616627023465
0.0666908972771
0.06369435325038
0.0600372016268
0.05880619433876
0.05757518705072
0.05360787552497
0.05096890377035
0.049199860784075
0.0474308177978
0.0450203454023
0.04274590180145
0.04168952165258
0.04063314150371
0.03841041060006
0.03678490528912
0.03607063200007
0.03535635871102
0.03413730396634
0.03311844221573
0.03230898324739
0.03200892388612
0.03170886452485
0.03131904771352
0.03114759018981
0.031174296218635
0.03120100224746
0.03149375409489
0.03218981366531
0.03265158284211
0.03311335201891
0.03437893944575
0.03603498303511
0.03753215080943
0.03902931858375
0.04197086604754
0.04764081868923
0.05022961451897
0.05281841034871
0.06375517557562
0.07278679354465
0.083428363199025
0.0940699328534
0.1267532481709
0.1427601247372
0.146708264951
0.1506564051648
0.1430133570772
0.1258542683607
0.11527875835295
0.1047032483452
0.0846960284039
0.06783918676318
0.05429588712222
0.048890732366695
0.04348557761117
0.03188380364129
0.02505121903353
0.02106820825098
0.01708519746843
0.01242059518872
0.006500262969872
0.0047046713630815
0.002909079756291
-0.002040672454419
-0.005220164420123
-0.0075361263612645
-0.009852088302406
-0.01305639074461
-0.01638094719666
-0.018914422612405
-0.02144789802815
-0.02530845718847
-0.03108192122324
-0.03341227034526
-0.03574261946728
-0.04086148601991
-0.04649896305591
-0.049897159709865
-0.05329535636382
-0.05293155203143
-0.05251848050237
-0.052304123444845
-0.05208976638732
-0.05168624702471
-0.05134343268047
-0.05109445119429
-0.05103076431931
-0.05096707744433
-0.05101271513986
-0.05124744652555
-0.051459565722125
-0.0516716849187
-0.05262879082349
-0.0535770468586
-0.05453907512294
-0.05550110338728
-0.0570202825919
-0.0601133872585
-0.062108661707725
-0.06410393615695
-0.06897216419878
-0.07454757985109
-0.076368086587255
-0.07818859332342
-0.08427657217824
-0.08820502201844
-0.090447776814275
-0.09269053161011
-0.0950405486728
-0.09613123736125
-0.0943307100744
-0.09253018278755
-0.08254934601804
-0.07361937485702
-0.06978871600488
-0.06595805715274
-0.05758238797523
-0.05239209743178
-0.04646822692721
-0.044884069930725
-0.04329991293424
-0.0395370869775
-0.03778904025834
-0.036774849535605
-0.03576065881287
-0.03470667823856
-0.03467759017847
-0.035257781535105
-0.03583797289174
-0.03852792713944
-0.04339741112411
-0.04754559697187
-0.05169378281963
-0.06578196876354
-0.0803662250699
-0.0994229325133
-0.1184796399567
-0.1697780078245
-0.266598763829
-0.29040193817535
-0.3142051125217
-0.2327604602579
-0.1185083949466
-0.08872251277325
-0.0589366305999
-0.03601993330678
-0.01266919869882
-0.001300118515772
0.005363869473724
0.01202785746322
0.01975277478501
0.03031495779819
0.033593023157475
0.03687108851676
0.04684924425424
0.05670443849176
0.061278292794255
0.06585214709675
0.06980237634246
0.07313845816042
0.074010536891035
0.07488261562165
0.06621306865687
0.06164116146106
0.058840662945195
0.05604016442933
0.0529061152368
0.04959921045597
0.04862614798708
0.04765308551819
0.04610591027704
0.04494352371762
0.044540240447495
0.04413695717737
0.04366140913564
0.04349590787465
0.043555460319685
0.04361501276472
0.04399468994955
0.04461198940492
0.0454390769778
0.045942736508135
0.04644639603847
0.04760147403028
0.04931091219098
0.050025238140135
0.05073956408929
0.05218613539221
0.05433759633567
0.05542976910219
0.05652194186871
0.05773460903139
0.05944409287458
0.060022020218645
0.06059994756271
0.06099645910921
