5.749590515943e-002
5.307195066523e-002
5.068393150270e-002
4.751963157784e-002
4.572766721827e-002
4.416181238180e-002
4.246450011827e-002
4.147640406293e-002
4.070456225700e-002
4.014824404350e-002
3.977462163070e-002
3.966374344893e-002
3.973692120190e-002
3.998788689559e-002
4.040915809551e-002
4.098830599888e-002
4.171672469365e-002
4.257668891562e-002
4.376062569356e-002
4.489590246933e-002
4.609993127066e-002
4.734179367385e-002
4.910519627969e-002
5.037378942074e-002
5.217907100654e-002
5.325223227215e-002
5.473777243643e-002
5.584683983926e-002
5.641070432967e-002
5.631684573224e-002
5.554221829971e-002
5.416052764726e-002
5.215082329667e-002
4.656616901592e-002
4.312128296428e-002
3.872086697976e-002
3.584977138579e-002
3.320797037327e-002
3.078822642238e-002
2.814495760526e-002
2.625249819678e-002
2.452688306286e-002
2.297718111508e-002
2.157194464267e-002
2.030403251937e-002
1.915964702560e-002
1.807133831381e-002
1.716076829577e-002
1.633635881698e-002
1.558578236327e-002
1.490591619885e-002
1.428992674412e-002
1.372880712948e-002
1.322059011992e-002
1.272856771712e-002
1.230816567245e-002
1.192661071400e-002
1.158280133997e-002
1.127191239545e-002
1.099163337423e-002
1.074128307038e-002
1.051615255671e-002
1.031724883166e-002
1.011307739831e-002
9.961875530399e-003
9.832162984547e-003
9.722422096407e-003
9.632673984730e-003
9.549229842242e-003
9.501149765888e-003
9.471688693223e-003
9.460882158544e-003
9.473767146563e-003
9.505325238992e-003
9.556190202400e-003
9.626894045900e-003
9.750614337545e-003
9.870707295655e-003
1.001369891213e-002
1.024396701429e-002
1.044828951971e-002
1.068108113644e-002
1.105295052612e-002
1.136610221958e-002
1.166485776860e-002
1.182824167334e-002
1.200877224442e-002
1.230298634880e-002
1.253302935810e-002
1.291592674769e-002
1.320735093847e-002
1.370957023087e-002
1.408237448225e-002
1.474406490372e-002
1.553780902801e-002
1.610968112169e-002
1.718411115115e-002
1.793880740773e-002
1.942451155721e-002
2.128505841150e-002
2.366436932847e-002
2.525223767345e-002
2.880357149133e-002
3.359386678869e-002
4.021443826357e-002
4.970673312553e-002
5.700937856881e-002
7.551449005405e-002
1.036611141651e-001
1.322414311752e-001
1.745585302823e-001
2.289103090827e-001
2.673300644697e-001
2.615304410712e-001
1.680903941996e-001
1.009051894436e-001
7.486249916013e-002
4.920643319382e-002
3.740313791960e-002
2.837463029408e-002
1.931658509435e-002
1.388154596878e-002
9.118331200772e-003
3.581732457346e-003
-6.702432587959e-004
-5.146402053832e-003
-1.014690059281e-002
-1.809659445884e-002
-2.627110141083e-002
-3.731890092069e-002
-6.171456904116e-002
-9.145260557874e-002
-1.849941991552e-001
-4.101772619718e-001
-4.443026806305e-001
-2.272871721766e-001
-1.334647131960e-001
-6.969668173317e-002
-4.083233162089e-002
-2.578721226355e-002
-1.684145628781e-002
-1.092342822841e-002
-6.663044215939e-003
-3.351203709547e-003
-5.722894045555e-004
1.915356553165e-003
4.292838169357e-003
6.704333930793e-003
9.302780478568e-003
1.223110954102e-002
1.570197493764e-002
1.998933738749e-002
2.547488644679e-002
3.278045054917e-002
4.277759551029e-002
5.060480635242e-002
6.849994103594e-002
9.323266085282e-002
1.075465322603e-001
1.202290282636e-001
1.302693316581e-001
1.343208303759e-001
1.309784584670e-001
1.220914081893e-001
1.047235889041e-001
9.266674911068e-002
7.507035138422e-002
6.044025165351e-002
4.908353193190e-002
4.049652561988e-002
3.398079493073e-002
3.076228962331e-002
2.638213494444e-002
2.294072819411e-002
2.105980882682e-002
1.863776814656e-002
1.724414032100e-002
1.599026588447e-002
1.442736149802e-002
1.347632969735e-002
1.230062189771e-002
1.155523041427e-002
1.088081089956e-002
1.006058922662e-002
9.517714917342e-003
9.020634744228e-003
8.428274145667e-003
8.022975609421e-003
7.701918544445e-003
7.562016828191e-003
7.484203409928e-003
7.430671362800e-003
7.394393329227e-003
7.388785623319e-003
7.402382405550e-003
7.434403456152e-003
7.498397301356e-003
7.569066928765e-003
7.657539084162e-003
7.763577508744e-003
7.886674283795e-003
8.057655492047e-003
8.220963081152e-003
8.403555548010e-003
8.606231086650e-003
8.831283233505e-003
9.078702214223e-003
9.392364040279e-003
9.692342769151e-003
1.002120091409e-002
1.038341923466e-002
1.077755270707e-002
1.121104580161e-002
1.168513249968e-002
1.220358760204e-002
1.277388831630e-002
1.339809206618e-002
1.408542693813e-002
1.483873555627e-002
1.567399873727e-002
1.659130412453e-002
1.761030180358e-002
1.873168985966e-002
1.997295760606e-002
2.135518786364e-002
2.287987210611e-002
2.457024016688e-002
2.644414912859e-002
2.850986698937e-002
3.135214177981e-002
3.399020329185e-002
3.685421386222e-002
4.113726734486e-002
4.466584766393e-002
4.837096453086e-002
5.425375622968e-002
5.823892985105e-002
6.465290015554e-002
6.854235676983e-002
6.669089727710e-002
6.369435325038e-002
6.003720162680e-002
5.757518705072e-002
5.360787552497e-002
5.096890377035e-002
4.743081779780e-002
4.502034540230e-002
4.274590180145e-002
4.063314150371e-002
3.841041060006e-002
3.678490528912e-002
3.535635871102e-002
3.413730396634e-002
3.311844221573e-002
3.230898324739e-002
3.170886452485e-002
3.131904771352e-002
3.114759018981e-002
3.120100224746e-002
3.149375409489e-002
3.218981366531e-002
3.311335201891e-002
3.437893944575e-002
3.603498303511e-002
3.902931858375e-002
4.197086604754e-002
4.764081868923e-002
5.281841034871e-002
6.375517557562e-002
7.278679354465e-002
9.406993285340e-002
1.267532481709e-001
1.427601247372e-001
1.506564051648e-001
1.430133570772e-001
1.258542683607e-001
1.047032483452e-001
8.469602840390e-002
6.783918676318e-002
5.429588712222e-002
4.348557761117e-002
3.188380364129e-002
2.505121903353e-002
1.708519746843e-002
1.242059518872e-002
6.500262969872e-003
2.909079756291e-003
-2.040672454419e-003
-5.220164420123e-003
-9.852088302406e-003
-1.305639074461e-002
-1.638094719666e-002
-2.144789802815e-002
-2.530845718847e-002
-3.108192122324e-002
-3.574261946728e-002
-4.086148601991e-002
-4.649896305591e-002
-5.329535636382e-002
-5.293155203143e-002
-5.251848050237e-002
-5.208976638732e-002
-5.168624702471e-002
-5.134343268047e-002
-5.109445119429e-002
-5.096707744433e-002
-5.101271513986e-002
-5.124744652555e-002
-5.167168491870e-002
-5.262879082349e-002
-5.357704685860e-002
-5.550110338728e-002
-5.702028259190e-002
-6.011338725850e-002
-6.410393615695e-002
-6.897216419878e-002
-7.454757985109e-002
-7.818859332342e-002
-8.427657217824e-002
-8.820502201844e-002
-9.269053161011e-002
-9.504054867280e-002
-9.613123736125e-002
-9.253018278755e-002
-8.254934601804e-002
-7.361937485702e-002
-6.595805715274e-002
-5.758238797523e-002
-5.239209743178e-002
-4.646822692721e-002
-4.329991293424e-002
-3.953708697750e-002
-3.778904025834e-002
-3.576065881287e-002
-3.470667823856e-002
-3.467759017847e-002
-3.583797289174e-002
-3.852792713944e-002
-4.339741112411e-002
-5.169378281963e-002
-6.578196876354e-002
-8.036622506990e-002
-1.184796399567e-001
-1.697780078245e-001
-2.665987638290e-001
-3.142051125217e-001
-2.327604602579e-001
-1.185083949466e-001
-5.893663059990e-002
-3.601993330678e-002
-1.266919869882e-002
-1.300118515772e-003
1.202785746322e-002
1.975277478501e-002
3.031495779819e-002
3.687108851676e-002
4.684924425424e-002
5.670443849176e-002
6.585214709675e-002
6.980237634246e-002
7.313845816042e-002
7.488261562165e-002
6.621306865687e-002
6.164116146106e-002
5.604016442933e-002
5.290611523680e-002
4.959921045597e-002
4.765308551819e-002
4.610591027704e-002
4.494352371762e-002
4.413695717737e-002
4.366140913564e-002
4.349590787465e-002
4.361501276472e-002
4.399468994955e-002
4.461198940492e-002
4.543907697780e-002
4.644639603847e-002
4.760147403028e-002
4.931091219098e-002
5.073956408929e-002
5.218613539221e-002
5.433759633567e-002
5.652194186871e-002
5.773460903139e-002
5.944409287458e-002
6.059994756271e-002
6.099645910921e-002
