  2.9332260e-002
  2.6686590e-002
  2.3151892e-002
  2.1233257e-002
  1.8758781e-002
  1.7347314e-002
  1.5560588e-002
  1.4489481e-002
  1.3164248e-002
  1.2339038e-002
  1.1586933e-002
  1.0673473e-002
  1.0077983e-002
  9.3616820e-003
  8.8809569e-003
  8.4372668e-003
  8.0292509e-003
  7.6672885e-003
  7.5625132e-003
  7.4849263e-003
  7.4201510e-003
  7.3943933e-003
  7.3888091e-003
  7.4025127e-003
  7.4449862e-003
  7.4991158e-003
  7.5704444e-003
  7.6592180e-003
  7.7897780e-003
  7.9168942e-003
  8.0621112e-003
  8.2259662e-003
  8.4091272e-003
  8.6136316e-003
  8.8778340e-003
  9.1297656e-003
  9.4055898e-003
  9.7085762e-003
  1.0040853e-002
  1.0404815e-002
  1.0805487e-002
  1.1241428e-002
  1.1756955e-002
  1.2278678e-002
  1.2849041e-002
  1.3476341e-002
  1.4162916e-002
  1.4923233e-002
  1.5752384e-002
  1.6671908e-002
  1.7687461e-002
  1.8804084e-002
  2.0039056e-002
  2.1405933e-002
  2.3119844e-002
  2.4851362e-002
  2.6772110e-002
  2.8901334e-002
  3.1837109e-002
  3.4559412e-002
  3.7515647e-002
  4.0721138e-002
  4.5618621e-002
  4.9430447e-002
  5.5501156e-002
  5.9554324e-002
  6.6054213e-002
  6.8233629e-002
  6.6037670e-002
  6.2788430e-002
  6.0528687e-002
  5.6452373e-002
  5.3754228e-002
  4.9868733e-002
  4.7266597e-002
  4.4761679e-002
  4.1876083e-002
  3.9838774e-002
  3.8001593e-002
  3.6372254e-002
  3.4960607e-002
  3.3767325e-002
  3.2796252e-002
  3.2043754e-002
  3.1514794e-002
  3.1213605e-002
  3.1144880e-002
  3.1321700e-002
  3.1758667e-002
  3.2687505e-002
  3.3850052e-002
  3.5402733e-002
  3.7419932e-002
  4.1129753e-002
  4.4744002e-002
  4.9219714e-002
  5.8490480e-002
  7.3115498e-002
  8.4753460e-002
  1.1392078e-001
  1.4420562e-001
  1.5072622e-001
  1.4609333e-001
  1.2717912e-001
  1.0706339e-001
  8.7452215e-002
  6.7255245e-002
  5.3339126e-002
  4.2425854e-002
  3.3728628e-002
  2.4047567e-002
  1.8436446e-002
  1.1599600e-002
  7.5609603e-003
  2.2042105e-003
 -1.1207296e-003
 -5.8420067e-003
 -8.9825914e-003
 -1.3652173e-002
 -1.6975721e-002
 -2.0512038e-002
 -2.5866369e-002
 -3.0065012e-002
 -3.6189611e-002
 -4.1236185e-002
 -4.6733011e-002
 -5.2655321e-002
 -5.2988658e-002
 -5.2570804e-002
 -5.2133609e-002
 -5.1717687e-002
 -5.1363114e-002
 -5.1103108e-002
 -5.0968530e-002
 -5.0982284e-002
 -5.1161294e-002
 -5.1693981e-002
 -5.2333745e-002
 -5.3675919e-002
 -5.4867172e-002
 -5.7276548e-002
 -6.0525806e-002
 -6.4714606e-002
 -6.9821215e-002
 -7.5625945e-002
 -8.1648735e-002
 -8.5592078e-002
 -9.0681265e-002
 -9.3645941e-002
 -9.5607269e-002
 -9.6141202e-002
 -8.8611321e-002
 -7.8900051e-002
 -7.0390514e-002
 -6.3212133e-002
 -5.5293379e-002
 -5.0524826e-002
 -4.5026635e-002
 -4.2144722e-002
 -3.8707770e-002
 -3.6307552e-002
 -3.5395979e-002
 -3.4599015e-002
 -3.4842439e-002
 -3.6319418e-002
 -3.9422602e-002
 -4.4882988e-002
 -5.4084872e-002
 -6.9627447e-002
 -8.5967341e-002
 -1.2732367e-001
 -1.8212958e-001
 -2.7368808e-001
 -3.1416572e-001
 -2.4706672e-001
 -1.3335795e-001
 -6.7941240e-002
 -3.2664081e-002
 -1.7031766e-002
  4.0793816e-005
  9.2597043e-003
  1.7288139e-002
  2.8098897e-002
  3.8540543e-002
  4.4932122e-002
  5.5007941e-002
  6.4528936e-002
  7.2343334e-002
  7.4938578e-002
  7.5895432e-002
  6.6804302e-002
  5.9963171e-002
  5.6238581e-002
  5.3005634e-002
  4.9618344e-002
  4.7632732e-002
  4.6066898e-002
  4.4895737e-002
  4.4095389e-002
  4.3636844e-002
  4.3495392e-002
  4.3645653e-002
  4.4063586e-002
  4.4723045e-002
  4.5595934e-002
  4.6651445e-002
  4.7851606e-002
  4.9634440e-002
  5.1102945e-002
  5.3289493e-002
  5.4772795e-002
  5.6966061e-002
  5.8142053e-002
  5.9768135e-002
  6.0770326e-002
  6.0962726e-002
  5.6241745e-002
  5.3521945e-002
  4.9703329e-002
  4.7598558e-002
  4.5046632e-002
  4.3578836e-002
  4.2345362e-002
  4.1139347e-002
  4.0457325e-002
  3.9988495e-002
  3.9726198e-002
  3.9666877e-002
  3.9803619e-002
  4.0128488e-002
  4.0633154e-002
  4.1303601e-002
  4.2126800e-002
  4.3084769e-002
  4.4155834e-002
  4.5310205e-002
  4.6939249e-002
  4.8244541e-002
  4.9537203e-002
  5.1380067e-002
  5.3182581e-002
  5.4166651e-002
  5.5473991e-002
  5.6275958e-002
  5.6427041e-002
  5.5866017e-002
  5.4638632e-002
  5.1732016e-002
  4.7998760e-002
  4.2922760e-002
  3.9715167e-002
  3.6702517e-002
  3.3196263e-002
  3.0798933e-002
  2.8628503e-002
  2.6649272e-002
  2.4864131e-002
  2.3042558e-002
  2.1644781e-002
  2.0376471e-002
  1.9236748e-002
  1.8201684e-002
  1.7266164e-002
  1.6424394e-002
  1.5658655e-002
  1.4965597e-002
  1.4338143e-002
  1.3767057e-002
  1.3252914e-002
  1.2785072e-002
  1.2359779e-002
  1.1975743e-002
  1.1593933e-002
  1.1280335e-002
  1.0997731e-002
  1.0744031e-002
  1.0517384e-002
  1.0317249e-002
  1.0139863e-002
  9.9860365e-003
  9.8293534e-003
  9.7200765e-003
  9.6303088e-003
  9.5600751e-003
  9.4993356e-003
  9.4706419e-003
  9.4608223e-003
  9.4696911e-003
  9.5083126e-003
  9.5613162e-003
  9.6341931e-003
  9.7610323e-003
  9.8840365e-003
  1.0030327e-002
  1.0201164e-002
  1.0475306e-002
  1.0713200e-002
  1.1094263e-002
  1.1416333e-002
  1.1625304e-002
  1.1856838e-002
  1.2042346e-002
  1.2343827e-002
  1.2579148e-002
  1.2974937e-002
  1.3275393e-002
  1.3793657e-002
  1.4178874e-002
  1.4863151e-002
  1.5363782e-002
  1.6284954e-002
  1.7409392e-002
  1.8200917e-002
  1.9767969e-002
  2.1743644e-002
  2.3083170e-002
  2.5991251e-002
  2.9845554e-002
  3.5125674e-002
  4.2552611e-002
  5.3409113e-002
  6.2182102e-002
  8.4487056e-002
  1.0690928e-001
  1.4346939e-001
  2.0772300e-001
  2.6643379e-001
  2.4509600e-001
  1.3140499e-001
  7.7227980e-002
  5.6867107e-002
  3.7862291e-002
  2.8622056e-002
  1.9420100e-002
  1.3940873e-002
  9.1583526e-003
  3.6068307e-003
 -6.5751578e-004
 -5.1190939e-003
 -1.0100437e-002
 -1.7978123e-002
 -2.6043150e-002
 -3.6875311e-002
 -6.0307010e-002
 -8.8111860e-002
 -1.7053319e-001
 -3.6353236e-001
 -4.6899186e-001
 -3.3516426e-001
 -1.6421171e-001
 -1.0525030e-001
 -5.8605427e-002
 -3.5687292e-002
 -2.2974393e-002
 -1.5099785e-002
 -9.7399071e-003
 -5.7826866e-003
 -2.6341624e-003
  5.3937280e-005
  2.5012716e-003
  4.8785821e-003
  7.3341335e-003
  1.0004771e-002
  1.3072219e-002
  1.6757223e-002
  2.1369345e-002
  2.7380752e-002
  3.5499317e-002
  4.6849378e-002
  5.6053219e-002
  7.7083071e-002
  9.6923905e-002
  1.1164819e-001
  1.2690351e-001
  1.3366054e-001
  1.3203568e-001
  1.2209141e-001
  1.0902456e-001
  8.8608256e-002
  7.7855037e-002
  6.2300799e-002
  5.0338816e-002
  4.1320527e-002
  3.4524007e-002
  2.9332260e-002
