  1.2152365e-002
  1.1167250e-002
  1.0530077e-002
  9.9457105e-003
  9.2451205e-003
  8.7752569e-003
  8.3413215e-003
  7.8259048e-003
  7.6409671e-003
  7.5427914e-003
  7.4546171e-003
  7.4125588e-003
  7.3914113e-003
  7.3902491e-003
  7.4152107e-003
  7.4555144e-003
  7.5132059e-003
  7.5888228e-003
  7.7028891e-003
  7.8161710e-003
  7.9472236e-003
  8.0955678e-003
  8.2645177e-003
  8.4520220e-003
  8.6967175e-003
  8.9294725e-003
  9.1863709e-003
  9.4674583e-003
  9.7760751e-003
  1.0114397e-002
  1.0487053e-002
  1.0892619e-002
  1.1336187e-002
  1.1824027e-002
  1.2391420e-002
  1.2971629e-002
  1.3609750e-002
  1.4312136e-002
  1.5081634e-002
  1.5929852e-002
  1.6860618e-002
  1.7893819e-002
  1.9029866e-002
  2.0401356e-002
  2.1840255e-002
  2.3428613e-002
  2.5190571e-002
  2.7144634e-002
  2.9299216e-002
  3.2294137e-002
  3.5045902e-002
  3.8030207e-002
  4.2535510e-002
  4.6194098e-002
  5.1989268e-002
  5.6080740e-002
  6.2709416e-002
  6.6496893e-002
  6.8150665e-002
  6.5924838e-002
  6.2690493e-002
  6.0454289e-002
  5.6429835e-002
  5.3765491e-002
  4.9922761e-002
  4.7348626e-002
  4.4185318e-002
  4.1987315e-002
  3.9962310e-002
  3.8125049e-002
  3.6491976e-002
  3.5073147e-002
  3.3818083e-002
  3.2870721e-002
  3.2124982e-002
  3.1585564e-002
  3.1255180e-002
  3.1140346e-002
  3.1283812e-002
  3.1683075e-002
  3.2360018e-002
  3.3344012e-002
  3.5129043e-002
  3.7044554e-002
  3.9473600e-002
  4.2486435e-002
  4.8276332e-002
  5.3477563e-002
  6.4469866e-002
  8.1535124e-002
  9.4173758e-002
  1.2518343e-001
  1.4138975e-001
  1.5086568e-001
  1.4573351e-001
  1.3107296e-001
  1.1110595e-001
  9.0944788e-002
  7.3374508e-002
  5.8954345e-002
  4.4079508e-002
  3.5013720e-002
  2.5031701e-002
  1.9247918e-002
  1.4322891e-002
  8.1396532e-003
  2.7171777e-003
 -6.2905808e-004
 -3.8498886e-003
 -8.5044393e-003
 -1.1682115e-002
 -1.6452082e-002
 -1.9949373e-002
 -2.5240763e-002
 -2.9352594e-002
 -3.3873806e-002
 -4.0336258e-002
 -4.5728104e-002
 -5.1554932e-002
 -5.3060863e-002
 -5.2653342e-002
 -5.2219495e-002
 -5.1798011e-002
 -5.1429206e-002
 -5.1148548e-002
 -5.0985787e-002
 -5.0965600e-002
 -5.1181970e-002
 -5.1573047e-002
 -5.2163069e-002
 -5.3410583e-002
 -5.4547079e-002
 -5.6837259e-002
 -5.9960545e-002
 -6.4022542e-002
 -6.9019932e-002
 -7.4781309e-002
 -8.0847373e-002
 -8.4820970e-002
 -8.8862561e-002
 -9.3255938e-002
 -9.5427973e-002
 -9.6162082e-002
 -8.9529437e-002
 -7.9567496e-002
 -6.8958630e-002
 -6.1471734e-002
 -5.5431103e-002
 -4.8699099e-002
 -4.5016590e-002
 -4.2119742e-002
 -3.8660113e-002
 -3.6265864e-002
 -3.5359510e-002
 -3.4588891e-002
 -3.4878900e-002
 -3.6435611e-002
 -3.9664064e-002
 -4.5358274e-002
 -5.5023627e-002
 -7.1527693e-002
 -8.9234198e-002
 -1.3447877e-001
 -1.9606853e-001
 -2.8721085e-001
 -3.1291306e-001
 -2.2780463e-001
 -1.7079266e-001
 -9.2948262e-002
 -6.1876247e-002
 -2.9211187e-002
 -1.4434734e-002
 -2.7411737e-003
  1.0892078e-002
  2.2438277e-002
  2.9509459e-002
  3.6178548e-002
  4.6333162e-002
  5.6417877e-002
  6.5824424e-002
  7.3295368e-002
  7.4297116e-002
  6.5546763e-002
  6.0952843e-002
  5.5418195e-002
  5.2330310e-002
  4.9132294e-002
  4.7252019e-002
  4.5781014e-002
  4.4697741e-002
  4.3973076e-002
  4.3583516e-002
  4.3502806e-002
  4.3707196e-002
  4.4170578e-002
  4.4869910e-002
  4.5773235e-002
  4.6851621e-002
  4.8459927e-002
  4.9872811e-002
  5.1336352e-002
  5.3516086e-002
  5.4977070e-002
  5.7134952e-002
  5.8273815e-002
  5.9845556e-002
  6.0797691e-002
  6.0954019e-002
  5.6143932e-002
  5.3462781e-002
  4.9695101e-002
  4.6761733e-002
  4.5081338e-002
  4.3622461e-002
  4.2392678e-002
  4.1182347e-002
  4.0492597e-002
  4.0013518e-002
  3.9739148e-002
  3.9664223e-002
  3.9783289e-002
  4.0088607e-002
  4.0570024e-002
  4.1217330e-002
  4.2016459e-002
  4.2949961e-002
  4.3996834e-002
  4.5132552e-002
  4.6723227e-002
  4.8015997e-002
  4.9301082e-002
  5.1135889e-002
  5.2305367e-002
  5.3953863e-002
  5.5311212e-002
  5.5857965e-002
  5.6408094e-002
  5.6330531e-002
  5.5602128e-002
  5.4875248e-002
  5.2694220e-002
  4.8920064e-002
  4.3721629e-002
  4.0459203e-002
  3.6428854e-002
  3.3763587e-002
  3.1318196e-002
  2.8628503e-002
  2.6693850e-002
  2.4945375e-002
  2.3358646e-002
  2.1926299e-002
  2.0633193e-002
  1.9459820e-002
  1.8405326e-002
  1.7447490e-002
  1.6585918e-002
  1.5802453e-002
  1.5097168e-002
  1.4455284e-002
  1.3874240e-002
  1.3348282e-002
  1.2869792e-002
  1.2437189e-002
  1.2046406e-002
  1.1691926e-002
  1.1371067e-002
  1.1081440e-002
  1.0822342e-002
  1.0588896e-002
  1.0382146e-002
  1.0170194e-002
  1.0011663e-002
  9.8748914e-003
  9.7589046e-003
  9.6623520e-003
  9.5856685e-003
  9.5163547e-003
  9.4803353e-003
  9.4627188e-003
  9.4635414e-003
  9.4912529e-003
  9.5348224e-003
  9.5980159e-003
  9.7102965e-003
  9.8218684e-003
  9.9559187e-003
  1.0171279e-002
  1.0364945e-002
  1.0584975e-002
  1.0937860e-002
  1.1235045e-002
  1.1542500e-002
  1.1758200e-002
  1.1930809e-002
  1.2212707e-002
  1.2431488e-002
  1.2672389e-002
  1.3076900e-002
  1.3554128e-002
  1.3912004e-002
  1.4540086e-002
  1.5000600e-002
  1.5836285e-002
  1.6435389e-002
  1.7567444e-002
  1.8962835e-002
  1.9926518e-002
  2.1886319e-002
  2.4396030e-002
  2.7677189e-002
  3.2055558e-002
  3.8082199e-002
  4.6622529e-002
  5.9073122e-002
  6.9424931e-002
  9.4499277e-002
  1.1965141e-001
  1.5806288e-001
  2.1317823e-001
  2.6297033e-001
  2.6379143e-001
  1.6582279e-001
  9.7158749e-002
  7.1457833e-002
  4.6801319e-002
  3.5454674e-002
  2.4356174e-002
  1.8081361e-002
  1.2799678e-002
  6.9178034e-003
  2.6415703e-003
 -1.6426382e-003
 -6.1963233e-003
 -1.2989950e-002
 -1.9657503e-002
 -2.8258946e-002
 -4.5602291e-002
 -6.6029563e-002
 -1.2302061e-001
 -2.8712718e-001
 -4.6912989e-001
 -2.8656418e-001
 -1.2624568e-001
 -6.3969583e-002
 -3.7388340e-002
 -2.9291131e-002
 -1.9010772e-002
 -1.2418453e-002
 -7.7742286e-003
 -4.2380172e-003
 -1.3371309e-003
  1.2158141e-003
  3.6098128e-003
  5.9950300e-003
  8.5228412e-003
  1.1344000e-002
  1.4634274e-002
  1.6500930e-002
  2.0924749e-002
  2.6601125e-002
  3.4131032e-002
  3.9560696e-002
  5.2252740e-002
  6.9905329e-002
  8.5492721e-002
  1.0258788e-001
  1.1592126e-001
  1.2853843e-001
  1.3388285e-001
  1.3231333e-001
  1.2397694e-001
  1.1244671e-001
  9.3670881e-002
  8.2845395e-002
  6.7030102e-002
  5.4352452e-002
  4.4614162e-002
  3.7176153e-002
  3.3600944e-002
  2.8618731e-002
  2.4729757e-002
  2.2645744e-002
  1.9931825e-002
  1.8398785e-002
  1.6447251e-002
  1.5289541e-002
  1.4247832e-002
  1.2960280e-002
  1.2152365e-002
