




0.039839221
0.045989851
0.0500829175
0.054175984
0.065380282
0.081079877
0.10341478
0.13463123
0.20158254
0.227930345
0.25427815
0.29676692
0.29771944
0.23881666
0.17777975
0.12074842
0.1075858095
0.094423199
0.068676613
0.058736518
0.046440814
0.038080063
0.0351174005
0.032154738
0.027804846
0.024499984
0.022924582
0.020608551
0.018713057
0.0182025375
0.017692018
0.016196645
0.014841494
0.014000193
0.012678214
0.011746705
0.011225644
0.010704583
0.0088135333
0.0061912003
0.0036081365
-0.0025320224
-0.0063076702
-0.010083318
-0.035394018
-0.084080697
-1.1006631
-0.095081543
-0.026040206
-0.0185945265
-0.011148847
-0.00065597711
0.0032831545
0.0069387046
0.0086541426
0.010004678
0.0108198805
0.011635083
0.013035828
0.013898037
0.015212699
0.016079493
0.0168185125
0.017557532
0.019256383
0.020423731
0.022682091
0.024221376
0.02743614
0.0295374805
0.031638821
0.037320112
0.045297724
0.05690631
0.06613454
0.078054035
0.08997353
0.11369181
0.15253417
0.21835932
0.29903535
0.30508621
0.25723776
0.20938931
0.15332892
0.10469242
0.081566993
0.065510111
0.054136354
0.0500089115
0.045881469
0.039703251
0.034962109
0.031237315
0.027657282
0.026448798
0.025240314
0.0232363
0.021541059
0.020085988
0.018408708
0.017299378
0.016611333
0.015923288
0.014992203
0.013719067
0.012811044
0.01186041
0.010282436
0.00963003885
0.0089776417
0.0064030627
0.003943736
0.00041160988
-0.0090172123
-0.01537911515
-0.021741018
-0.074116266
-0.24204783
-0.17299123
-0.05628987
-0.023262797
-0.0161776518
-0.0090925066
-0.0016007993
0.0037382979
0.0064371307
0.0083924014
0.0099097143
0.01053338265
0.011157051
0.01245178
0.013434116
0.014389614
0.015357383
0.015935867
0.016514351
0.017602773
0.01866901
0.020145674
0.021682237
0.023473194
0.024526435
0.025579676
0.028091331
0.031152154
0.034919178
0.040260615
0.046755066
0.0510465855
0.055338105
0.066874155
0.082542565
0.11699012
0.15238176
0.1953692
0.23835664
0.29754361
0.29915817
0.21910047
0.15871243
0.10328066
0.0877790505
0.072277441
0.062983795
0.054457438
0.043395918
0.036022161
0.032482567
0.0303161065
0.028149646
0.0258479
0.023070814
0.020874306
0.019531928
0.0189265795
0.018321231
0.016867133
0.015875394
0.014926203
0.013734367
0.012788534
0.012284246
0.011779958
0.01064842
0.0089634378
0.0071931864
0.0047910637
0.0012958979
-0.0014780807
-0.0042520593
-0.017068514
-0.041142043
-0.10826035
-1.7816711
-1.004160375
-0.22664965
-0.046792838
-0.013140675
-0.0011591711
0.0025203703
0.0066463996
0.0079450964
0.0092437932
0.01112231
0.012657035
0.014051834
0.014774787
0.015479857
0.016184927
0.017728081
0.019501037
0.020540235
0.022913614
0.024188085
0.0250341865
0.025880288
0.029684733
0.034708657
0.038589464
0.047153038
0.05938155
0.065349309
0.071317068
0.089018152
0.12351687
0.16611159
0.22577568
0.26608071
0.30638574
0.26467457
0.17636574
0.13031078
0.098633042
0.077521882
0.0703409065
0.063159931
0.052991649
0.043597206
0.038223785
0.034071706
0.029508602
0.028248493
0.026988384
0.023955856
0.022308323
0.020151659
0.018982945
0.0181564805
0.017330016
0.016426696
0.015036424
0.013692378
0.012905588
0.011437675
0.01055327615
0.0096688773
0.0072719032
0.0035553803
-0.0031648342
-0.0096539379
-0.036419122
-0.098228876
-0.16003863
-1.295623
-0.11182181
-0.041643755
-0.017086608
-0.01140286585
-0.0057191237
0.00050883805
0.004347255
0.0069318981
0.0088156797
0.010264944
0.010877876
0.011490808
0.012561832
0.013555668
0.014521977
0.015500155
0.016519149
0.0170666295
0.01761411
0.01881279
0.020148394
0.021930974
0.023745153
0.0248003585
0.025855564
0.028346908
0.031315729
0.036173145
0.040985635
0.049909697
0.05425159
0.058593483
0.077690163
0.095080997
0.14065202
0.21751659
0.28009593
0.29671538
0.31333483
0.26559841
0.20555227
0.13428056
0.09208619
0.080099521
0.068112852
0.057562777
0.046339768
0.040561279
0.035867725
0.031116787
0.0296585065
0.028200226
0.025748631
0.023658467
0.021598809
0.020102777
0.0194408715
0.018778966
0.017589705
0.01649957
0.015484445
0.014509403
0.013545694
0.0130499085
0.012554123
0.011485268
0.010271227
0.0088119231
0.0069366633
0.0043601054
0.00244374931
0.00052739322
-0.0056900792
-0.017061281
-0.04179983
-0.11438977
-0.36685169
-0.61931361
-0.12549964
-0.031052542
-0.0079228689
-0.0020641325
0.0041251102
0.00587283885
0.0076205675
0.0099148625
0.010930524
0.012484236
0.013866724
0.015216387
0.0156309015
0.016045416
0.017543646
0.01923326
0.020433209
0.022655882
0.02351175
0.024367618
0.027512042
0.030144811
0.03491489
0.039303218
0.045017627
0.0488612735
0.05270492
0.065935476
0.081576974
0.10465838
0.13926626
0.2081787
0.24330811
0.27843752
0.30170479
0.22353073
0.16649499
0.12484795
0.107683348
0.090518746
0.072588624
0.060412945
0.047969314
0.042167649
0.035240394
0.032674218
0.030108042
0.027802908
0.024487617
0.021856507
0.01971172
0.017914549
0.0171335865
0.016352624
0.014937495
0.01357597
0.012167414
0.010565046
0.00954526265
0.0085254793
0.0055899494
0.0031800153
-0.0038672132
-0.019917748
-0.075539248
-0.514762649
-0.95398605
-0.085521136
-0.033799344
-0.011201942
-0.0027421084
0.0022105857
0.003808551
0.0054065163
0.0076330528
0.0096311892
0.010915487
0.012015695
0.0125109945
0.013006294
0.014200507
0.015136141
0.016093844
0.0174555
0.018583795
0.0192022255
0.019820656
0.021801895
0.023460316
0.02633264
0.028721053
0.033223695
0.035063393
0.036903091
0.044613029
0.056236679
0.075023417
0.10750769
0.135916195
0.1643247
0.22430019
0.29883483
0.30229774
0.24813275
0.16135359
0.13526361
0.10917363
0.086755479
0.066183494
0.055419992
0.047203723
0.044025406
0.040847089
0.035881176
0.031928204
0.028725156
0.02610385
0.023911373
0.022986406
0.022061439
0.02047008
0.01908806
0.017858742
0.016751468
0.015730285
0.015166778
0.014603271
0.013648602
0.012677849
0.011642895
0.010489215
0.00980581855
0.0091224221
0.0069284928
0.0044322864
0.00078671232
-0.0070140014
-0.019135126
-0.0324725235
-0.045809921
-0.12866706
-0.21902159
-0.067913734
-0.01990566
-0.0080436658
-0.00357754154
0.00088858272
0.0042605121
0.0066336959
0.0091342825
0.010406996
0.011183214
0.011959432
0.012902333
0.014180168
0.015074133
0.016375952
0.017385959
0.017943291
0.018500623
0.020181089
0.021644469
0.023349949
0.02536076
0.028364961
0.0298677705
0.03137058
0.035102959
0.039839221
