




0.314
0.281935738559
0.1925863015236
0.17194246947865
0.1512986374337
0.1223068720427
0.08407596720392
0.06279434236465
0.05328344631963
0.04335745198388
0.040739362505915
0.03812127302795
0.03386279220581
0.02958509824853
0.02690586704673
0.0246445899976
0.02270835571763
0.021873588366015
0.0210388210144
0.01940019772934
0.01814505453355
0.01700956416011
0.01596209470287
0.01496775156882
0.01400411020145
0.013516908693775
0.0130297071861
0.01200316922218
0.01086645410601
0.009533256002941
0.007879306544522
0.005672709502044
0.00409598690466
0.002519264307276
-0.002373181123374
-0.01080841674768
-0.02750648271977
-0.06888725511197
-0.2218590719438
-0.6719366076409
-1.122014143338
-0.2020445734509
-0.04510152580484
-0.01253328732476
-0.0008471707234182
0.004767403622552
0.006738265678391
0.008024179557805
0.009310093437219
0.01116724604337
0.01267675392128
0.01347548602509
0.01482988126808
0.01621697957235
0.016664128428335
0.01711127728432
0.01874812844321
0.02063803384507
0.02203268025406
0.02460556667938
0.02666367912392
0.02854195002622
0.03042022092852
0.03369099749557
0.03955926333621
0.04522852881449
0.05278115666124
0.06325886957373
0.071863910160715
0.0804689507477
0.1018915432196
0.1330828533032
0.1907098287644
0.2552549554387
0.3137314328959
0.2539808017763
0.22295002201575
0.1919192422552
0.1417856248145
0.1079231419379
0.0793564464478
0.06500763256027
0.05087399522232
0.047592054919945
0.04431011461757
0.03668966221495
0.03322764324664
0.02863104594539
0.02510148936042
0.0223279234963
0.02120425037934
0.02008057726238
0.01821602903513
0.01660659939765
0.01516297876624
0.01379271812201
0.01239187925312
0.01082265822055
0.0098419055389285
0.008861152857307
0.007444952859277
0.003846410617736
-0.002547164985306
-0.01653167521631
-0.05986903560242
-0.09577504617596
-0.1316810567495
-0.416779835423
-0.4892497204748
-0.08169275263516
-0.0333285022882
-0.01380304395209
-0.008974755558741
-0.004146467165392
0.001356426287485
0.005406516279286
0.007641780874116
0.009316642876135
0.01064842035515
0.01203692484963
0.01253547631881
0.01303402778799
0.01397349132505
0.01490072537704
0.01614827033678
0.0171666501552
0.01825974650128
0.01909973427547
0.01993972204966
0.02134592588204
0.02367735762369
0.02562319542452
0.02786114766168
0.03202690189161
0.03488911657438
0.03775133125715
0.04236595442165
0.05262613146165
0.06874008930096
0.09566502843151
0.1422225522697
0.2125024376641
0.2429179907736
0.2733335438831
0.3129193922502
0.2701931574835
0.2169168950681
0.1715550825107
0.1122779541363
0.096725987740265
0.08117402134423
0.06639494936687
0.05531766034399
0.04694654922382
0.04053942507646
0.03555914701107
0.03350555544356
0.03145196387605
0.02838403895547
0.02585130543122
0.0237261639393
0.02192338006043
0.02025279740021
0.01888171486724
0.01827283084647
0.0176639468257
0.01656480900327
0.01554811654014
0.01458310977237
0.01363365132428
0.01247244024054
0.01194312107065
0.01141380190076
0.01021541785941
0.008782882967118
0.006961803858216
0.003724575543022
-0.0002948721033678
-0.0035763054991549
-0.006857738894942
-0.01894392903826
-0.05512497993741
-0.1576777820053
-0.7835459625587
-0.6941519408124
-0.114019058689
-0.079290126101285
-0.04456119351357
-0.01328206853411
-0.004467379825409
0.002654431273917
0.005485373582683
0.008361760769636
0.009066815149233
0.00977186952883
0.011442443146
0.01242148473564
0.01333986606938
0.01461155453394
0.01552262111456
0.016191798663775
0.01686097621299
0.01791902497572
0.01909946925643
0.02088589763583
0.02246335754041
0.02431793072627
0.025707129371895
0.02709632801752
0.02981775445276
0.03318557210593
0.03741115628239
0.04284630070572
0.05000765887302
0.05970949854086
0.066456479479385
0.07320346041791
0.09239555098413
0.1197507417131
0.1570873569914
0.2353362295759
0.3108704358589
0.3043784858165
0.2978865357741
0.2299351746146
0.1659803010729
0.1244577720594
0.08698819003224
0.07179508015935
0.06333431226021
0.05487354436107
0.04373425604804
0.03612471776194
0.03069653134953
0.0266861915349
0.02360991168288
0.0221249464773
0.02103928466145
0.0199536228456
0.01815601561978
0.01717169633987
0.01572801019105
0.01486691461397
0.01354925603527
0.01287446439273
0.01219967275019
0.01121726158638
0.009479647703995
0.00799454204339
0.006065089890839
0.001835016133409
-0.0005273293170935
-0.002889674767596
-0.01615569132595
-0.03611799012684
-0.1436289645703
-1.7875
-0.1436289645703
-0.03611799012684
-0.026136840726395
-0.01615569132595
-0.002889674767596
0.001835016133409
0.006065089890839
0.00799454204339
0.009479647703995
0.0103484546451875
0.01121726158638
0.01219967275019
0.01354925603527
0.01486691461397
0.01572801019105
0.01717169633987
0.017663855979825
0.01815601561978
0.0199536228456
0.0221249464773
0.02360991168288
0.0266861915349
0.03069653134953
0.03612471776194
0.03992948690499
0.04373425604804
0.05487354436106
0.07179508015935
0.08698819003224
0.1244577720594
0.1659803010729
0.19795773784375
0.2299351746146
0.2978865357741
0.3108704358589
0.2353362295759
0.1570873569914
0.1197507417131
0.106073146348615
0.09239555098413
0.07320346041791
0.05970949854086
0.05000765887302
0.04284630070572
0.03741115628239
0.03318557210593
0.031501663279345
0.02981775445276
0.02709632801752
0.02431793072627
0.02246335754041
0.02088589763583
0.01909946925643
0.018509247116075
0.01791902497572
0.01686097621299
0.01552262111456
0.01461155453394
0.01333986606938
0.01242148473564
0.01193196394082
0.011442443146
0.00977186952883
0.008361760769636
0.005485373582683
0.002654431273917
-0.004467379825408
-0.008874724179759
-0.01328206853411
-0.04456119351357
-0.114019058689
-0.6941519408124
-0.7835459625587
-0.1576777820053
-0.05512497993741
-0.037034454487835
-0.01894392903826
-0.006857738894943
-0.0002948721033679
0.003724575543022
0.006961803858216
0.008782882967118
0.009499150413264
0.01021541785941
0.01141380190076
0.01247244024054
0.01363365132428
0.01458310977237
0.01554811654014
0.016056462771705
0.01656480900327
0.0176639468257
0.01888171486724
0.02025279740021
0.02192338006043
0.0237261639393
0.02585130543122
0.027117672193345
0.02838403895547
0.03145196387605
0.03555914701107
0.04053942507646
0.04694654922382
0.05531766034398
0.060856304855425
0.06639494936687
0.08117402134423
0.1122779541363
0.1715550825107
0.2169168950681
0.2701931574835
0.29155627486685
0.3129193922502
0.2733335438831
0.2125024376641
0.1422225522697
0.09566502843151
0.06874008930096
0.05262613146165
0.04749604294165
0.04236595442165
0.03775133125715
0.03202690189161
0.02786114766168
0.02562319542452
0.02367735762369
0.022511641752865
0.02134592588204
0.01993972204966
0.01825974650128
0.0171666501552
0.01614827033678
0.01490072537704
0.014437108351045
0.01397349132505
0.01303402778799
0.01203692484963
0.01064842035515
0.009316642876135
0.007641780874116
0.005406516279286
0.0033814712833855
0.001356426287485
-0.004146467165391
-0.01380304395209
-0.0333285022882
-0.08169275263515
-0.4892497204748
-0.4530147779489
-0.416779835423
-0.1316810567495
-0.05986903560242
-0.01653167521631
-0.002547164985307
0.003846410617736
0.0056456817385065
0.007444952859277
0.008861152857307
0.01082265822055
0.01239187925312
0.01379271812201
0.01516297876624
0.01660659939765
0.01741131421639
0.01821602903513
0.02008057726238
0.0223279234963
0.02510148936042
0.02863104594539
0.03322764324664
0.034958652730795
0.03668966221495
0.04431011461757
0.05087399522232
0.06500763256027
0.0793564464478
0.1079231419379
0.1248543833762
0.1417856248145
0.1919192422551
0.2539808017763
0.3137314328959
0.2552549554387
0.1907098287644
0.1330828533032
0.1174871982614
0.1018915432196
0.0804689507477
0.06325886957373
0.05278115666124
0.04522852881449
0.03955926333621
0.03662513041589
0.03369099749557
0.03042022092852
0.02666367912392
0.02460556667938
0.02203268025406
0.02063803384507
0.01969308114414
0.01874812844321
0.01711127728432
0.01621697957235
0.01482988126808
0.01347548602509
0.01267675392128
0.011921999982325
0.01116724604337
0.009310093437219
0.006738265678391
0.004767403622552
-0.0008471707234183
-0.01253328732476
-0.04510152580484
-0.12357304962787
-0.2020445734509
-1.122014143338
-0.2218590719438
-0.06888725511197
-0.02750648271977
-0.01080841674768
-0.006590798935527
-0.002373181123374
0.002519264307276
0.005672709502044
0.007879306544522
0.009533256002941
0.01086645410601
0.011434811664095
0.01200316922218
0.0130297071861
0.01400411020145
0.01496775156882
0.01596209470287
0.01700956416011
0.01814505453355
0.018772626131445
0.01940019772934
0.0210388210144
0.02270835571763
0.0246445899976
0.02690586704673
0.02958509824853
0.03172394522717
0.03386279220581
0.03812127302795
0.04335745198388
0.05328344631963
0.06279434236465
0.08407596720392
0.10319141962331
0.1223068720427
0.1512986374337
0.1925863015236
0.281935738559
