




-0.00063410145
0.0046916282
0.00582264345
0.0069536587
0.0093548248
0.010596671
0.012118521
0.013051304
0.014327695
0.014778128
0.015228561
0.016543161
0.01757013
0.018706822
0.020428191
0.021933506
0.0228101595
0.023686813
0.025775714
0.028885974
0.032017009
0.035926073
0.038427176
0.040928279
0.047451423
0.056191846
0.068265973
0.085307009
0.10963972
0.13532056
0.1610014
0.21640682
0.30538253
0.3028775
0.23020479
0.16241407
0.14149712
0.12058017
0.083801493
0.069290923
0.053041033
0.042403055
0.038767437
0.035131819
0.02993968
0.02609259
0.024311828
0.021691543
0.01958878
0.019036233
0.018483686
0.016874936
0.015454185
0.014596069
0.013276943
0.012382247
0.011632327
0.010882407
0.00969775
0.0074417585
0.0053244682
0.00055913406
-0.00217997537
-0.0049190848
-0.020973273
-0.046430143
-0.20378382
-1.7861121
-0.21042456
-0.128774724
-0.047124888
-0.021297373
-0.00504403
0.00048493833
0.0052781839
0.00634428475
0.0074103856
0.0090174863
0.010861831
0.011881499
0.01325941
0.014578431
0.0150071675
0.015435904
0.016311992
0.017815618
0.019559801
0.020756145
0.023088864
0.0245604865
0.026032109
0.02986269
0.035020922
0.042239415
0.052772981
0.0608081955
0.06884341
0.094045568
0.11940965
0.16039463
0.22714911
0.30112041
0.30382076
0.30652111
0.2179251
0.16189916
0.117931
0.088489842
0.069154651
0.062631474
0.056108297
0.046967136
0.04028944
0.035265082
0.03137058
0.029818748
0.028266916
0.025752014
0.023671542
0.02144279
0.019972898
0.018693406
0.0179312895
0.017169173
0.016156062
0.014844398
0.013938252
0.013036188
0.011651872
0.0111136635
0.010575455
0.008631655
0.0069155392
0.0031758675
-0.00072623559
-0.006073794795
-0.011421354
-0.026139256
-0.086281584
-0.2542042
-1.1389704
-0.71533302
-0.441595715
-0.16785841
-0.049705249
-0.020599089
-0.0077349996
-0.00081165559
0.0033963984
0.0050756916
0.0067549848
0.0086305563
0.010094458
0.011312966
0.012387064
0.012972969
0.013558874
0.014512636
0.015479959
0.016497574
0.017596672
0.018813758
0.019498788
0.020183818
0.021861541
0.023665003
0.025797756
0.028348913
0.031435179
0.033512641
0.035590103
0.040654368
0.047203723
0.055811374
0.067358155
0.0788814865
0.090404818
0.11655753
0.1832329
0.28873656
0.30893982
0.23732083
0.190676215
0.1440316
0.10999982
0.075842665
0.056488705
0.044657472
0.036870245
0.0350193755
0.033168506
0.028649416
0.026258899
0.023385448
0.02173195
0.020997043
0.020262136
0.018514286
0.017386387
0.016343146
0.01506937
0.014133088
0.0136602525
0.013187417
0.011933122
0.010818436
0.0095116588
0.0078865585
0.0068064768
0.0057263951
0.001862113
-0.0033150691
-0.012205004
-0.029567873
-0.091791513
-0.1926975815
-0.29360365
-1.7874122
-0.26283516
-0.049530271
-0.013837786
-0.001449345
0.00149101565
0.0044313763
0.0078119077
0.010068313
0.011053296
0.012593004
0.013290012
0.01398702
0.015367413
0.016836788
0.018482745
0.020410921
0.022742109
0.0241927175
0.025643326
0.029353436
0.034228767
0.037961778
0.046185483
0.053421908
0.061198381
0.068974854
0.085328163
0.11073141
0.15279867
0.22110902
0.25822761
0.2953462
0.27873905
0.18435354
0.13471229
0.10092791
0.078743395
0.0712751665
0.063806938
0.051086286
0.043754769
0.038305118
0.032635192
0.029508602
0.0282420605
0.026975519
0.023929889
0.022276376
0.020113622
0.018282823
0.017787064
0.017291305
0.015814298
0.014995489
0.013647534
0.012245321
0.01064584
0.01011836625
0.0095908925
0.0071522112
0.0033506448
-0.0035641383
-0.018982838
-0.06648541
-0.116237025
-0.16598864
-1.2083707
-0.63347068
-0.14389346
-0.048991582
-0.0348139335
-0.020636285
-0.0076255381
-0.00060935496
0.0036259889
0.0064710592
0.0084662388
0.00923152195
0.0099968051
0.011252899
0.012373351
0.013388438
0.014371352
0.01535664
0.015871046
0.016385452
0.017486536
0.018691491
0.020038462
0.021564372
0.0224383985
0.023312425
0.025831733
0.028389063
0.031457962
0.035178077
0.041655397
0.044869163
0.048082929
0.056221729
0.073794722
0.10528683
0.13191382
0.168645315
0.20537681
0.26928197
0.31397797
0.26658827
0.20336351
0.13093029
0.110226314
0.089522338
0.073459178
0.056054682
0.047966951
0.039671572
0.035137596
0.0332809965
0.031424397
0.027720768
0.025334453
0.023302532
0.021551483
0.020791201
0.020030919
0.01868814
0.017366285
0.016294276
0.015286577
0.01431625
0.0138323455
0.013348441
0.012344778
0.011252899
0.0099968051
0.0084662388
0.0064710592
0.00507963725
0.0036882153
-0.00050796928
-0.007479861
-0.020578446
-0.050402234
-0.097612822
-0.14482341
-0.6499099
-1.1524399
-0.15900101
-0.064552522
-0.018496686
-0.0109299021
-0.0033631182
0.0034500151
0.0072122807
0.0096316735
0.010684901
0.012276676
0.0129770535
0.013677431
0.015026184
0.015846344
0.017327034
0.018989824
0.0195764595
0.020163095
0.022335772
0.023997508
0.027065805
0.029614279
0.03424537
0.0363687205
0.038492071
0.044000019
0.053689242
0.064260318
0.079414241
0.10193771
0.119118025
0.13629834
0.1865129
0.28104653
0.29439035
0.22066098
0.186801125
0.15294127
0.11103729
0.085587841
0.063763993
0.053577615
0.046310639
0.042187942
0.038065245
0.032100023
0.029428167
0.025702202
0.022789516
0.020449954
0.0194828275
0.018515701
0.016865491
0.015396045
0.014014437
0.012623763
0.0118558125
0.011087862
0.0092045635
0.0065919174
0.0045264589
-0.0012766121
-0.013442994
-0.030822772
-0.04820255
-0.25227968
-0.74466002
-0.08832347
-0.02862044
-0.011757746
-0.00741309805
-0.0030684501
0.0020093641
0.0052740395
0.0079539224
0.0095665203
0.01021606715
0.010865614
0.011973138
0.01322504
0.014168038
0.015105299
0.016066705
0.016747557
0.017428409
0.018560578
0.019802164
0.021788749
0.023455311
0.0249001385
0.026344966
0.028749796
0.033297521
0.037023937
0.044880711
0.056806043
0.06656339
0.076320737
0.1107605
0.17213967
0.23812654
0.3088083
0.28979613
0.23746543
0.18513473
0.11769693
0.091286732
0.067847
0.056206785
0.051843055
0.047479325
0.040872895
0.035755953
0.031731132
0.028496955
0.025857268
0.0247636785
0.023670089
0.021821953
0.020241272
0.018864687
0.0176425
0.016539557
0.016028092
0.015516627
0.014547856
0.013416634
0.012425921
0.011357897
0.0107517475
0.010145598
0.0086918426
0.0062992759
0.0035233889
-0.00061662828
-0.0073788242
-0.0136462711
-0.019913718
-0.057337793
-0.16015769
-1.3584412
-0.25076137
-0.058456271
-0.0421079165
-0.025759562
-0.0067293295
-0.00063410145
