




0.2979678692795
0.314
0.281935738559
0.25402897079975
0.2261222030405
0.20935425228205
0.1925863015236
0.1512986374337
0.1368027547382
0.1223068720427
0.1028262307376
0.09345109897076
0.08407596720392
0.077988227305775
0.07190048740763
0.06279434236465
0.05803889434214
0.05328344631963
0.0502735886216
0.04726373092357
0.04335745198388
0.040739362505915
0.03812127302795
0.03386279220581
0.032622658847115
0.03138252548842
0.030483811868475
0.02958509824853
0.02690586704673
0.025775228522165
0.0246445899976
0.023676472857615
0.02270835571763
0.0210388210144
0.020627990974145
0.02021716093389
0.019808679331615
0.01940019772934
0.01814505453355
0.01757730934683
0.01700956416011
0.01596209470287
0.015464923135845
0.01496775156882
0.014485930885135
0.01400411020145
0.0130297071861
0.01251643820414
0.01200316922218
0.011434811664095
0.01086645410601
0.009533256002941
0.0087062812737315
0.007879306544522
0.005672709502044
0.00409598690466
0.002519264307276
7.3041591951E-5
-0.002373181123374
-0.01080841674768
-0.019157449733725
-0.02750648271977
-0.04819686891587
-0.06888725511197
-0.2218590719438
-0.6292163286454
-1.036573585347
-1.122014143338
-0.66202935839445
-0.2020445734509
-0.15262223357305
-0.1031998936952
-0.04510152580484
-0.03406271030831
-0.02302389481178
-0.01777859106827
-0.01253328732476
-0.004968547901214
-0.0029078593123161
-0.0008471707234182
0.0009009001067309
0.00264897093688
0.004767403622552
0.0057528346504715
0.006738265678391
0.008012990322968
0.0086615418800935
0.009310093437219
0.0097888655798595
0.0102676377225
0.01116724604337
0.011610225579645
0.01205320511592
0.0123649795186
0.01267675392128
0.01347548602509
0.01375956352802
0.01404364103095
0.01482988126808
0.015183185204115
0.01553648914015
0.01587673435625
0.01621697957235
0.01711127728432
0.01741769734865
0.01772411741298
0.018236122928095
0.01874812844321
0.01983229555894
0.020235164702005
0.02063803384507
0.021335357049565
0.02203268025406
0.02312016564724
0.02386286616331
0.02460556667938
0.02666367912392
0.02743145571069
0.02819923229746
0.02930972661299
0.03042022092852
0.03369099749557
0.035721976433365
0.03775295537116
0.038656109353685
0.03955926333621
0.04522852881449
0.049004842737865
0.05278115666124
0.06325886957373
0.06738624417172
0.07151361876971
0.075991284758705
0.0804689507477
0.1018915432196
0.1174871982614
0.1330828533032
0.15109084756905
0.1690988418349
0.1907098287644
0.22298239210155
0.2552549554387
0.3003767667646
0.30705409983025
0.3137314328959
0.30304446423875
0.2923574955816
0.2539808017763
0.22295002201575
0.1919192422552
0.16685243353485
0.1417856248145
0.1079231419379
0.099804256748225
0.09168537155855
0.085520909003175
0.0793564464478
0.06500763256027
0.06000852480972
0.05500941705917
0.05087399522232
0.047592054919945
0.04431011461757
0.041832685572605
0.03935525652764
0.03668966221495
0.034958652730795
0.03322764324664
0.03217692750884
0.03112621177104
0.02863104594539
0.02770199974955
0.02677295355371
0.02510148936042
0.02431963259342
0.02353777582642
0.02293284966136
0.0223279234963
0.02110126039873
0.020590918830555
0.02008057726238
0.019587542360115
0.01909450745785
0.01821602903513
0.017804847523235
0.01739366601134
0.017000132704495
0.01660659939765
0.01589530019611
0.015529139481175
0.01516297876624
0.01451479162103
0.01415375487152
0.01379271812201
0.013474287847495
0.01315585757298
0.01239187925312
0.0119788013803
0.01156572350748
0.011194190864015
0.01082265822055
0.009803702301566
0.0093324275794365
0.008861152857307
0.007444952859277
0.006767482077809
0.006090011296341
0.0049682109570385
0.003846410617736
0.001522723534501
-0.0005122207254025
-0.002547164985306
-0.005707341936277
-0.008867518887248
-0.01653167521631
-0.024857295865165
-0.03318291651402
-0.05986903560242
-0.09577504617596
-0.1316810567495
-0.27423044608625
-0.416779835423
-1.278483299935
-1.532823979207
-1.787164658479
-1.1382071894769
-0.4892497204748
-0.1131387028894
-0.09741572776228
-0.08169275263516
-0.05751062746168
-0.0333285022882
-0.01380304395209
-0.008974755558741
-0.004146467165392
0.001356426287485
0.002237543106935
0.003118659926385
0.0042625881028355
0.005406516279286
0.007641780874116
0.0084792118751255
0.009316642876135
0.0099825316156425
0.01064842035515
0.01167954293699
0.01185823389331
0.01203692484963
0.01303402778799
0.01350375955652
0.01397349132505
0.014437108351045
0.01490072537704
0.0154470946106
0.01579768247369
0.01614827033678
0.01665746024599
0.0171666501552
0.01825974650128
0.018622819718625
0.01898589293597
0.019462807492815
0.01993972204966
0.02134592588204
0.02213353987448
0.02292115386692
0.02367735762369
0.024650276524105
0.02562319542452
0.0267421715431
0.02786114766168
0.02912805637232
0.030577479131965
0.03202690189161
0.033718159529845
0.03540941716808
0.03775133125715
0.0400586428394
0.04236595442165
0.04696942437272
0.049797777917185
0.05262613146165
0.05656101165632
0.06049589185099
0.06874008930096
0.07456777293629
0.08039545657162
0.088030242501565
0.09566502843151
0.1129228397253
0.1275726959975
0.1422225522697
0.1660803551596
0.1899381580495
0.2125024376641
0.2429179907736
0.2733335438831
0.3129193922502
0.30489211515635
0.2968648380625
0.283528997773
0.2701931574835
0.2169168950681
0.1942359887894
0.1715550825107
0.1575769690308
0.1435988555509
0.1122779541363
0.100185017177345
0.08809208021839
0.08117402134423
0.07378448535555
0.06639494936687
0.06085630485543
0.05531766034399
0.04694654922382
0.04374298715014
0.04053942507646
0.038049286043765
0.03555914701107
0.03515059936138
0.033301281618715
0.03145196387605
0.02838403895547
0.027117672193345
0.02585130543122
0.02478873468526
0.0237261639393
0.02192338006043
0.02169738694761
0.02147139383479
0.0208620956175
0.02025279740021
0.01888171486724
0.01827283084647
0.0176639468257
0.017114377914485
0.01656480900327
0.01554811654014
0.015065613156255
0.01458310977237
0.01363365132428
0.013252432990395
0.01287121465651
0.012671827448525
0.01247244024054
0.01141380190076
0.010814609880085
0.01021541785941
0.009499150413264
0.008782882967118
0.006961803858216
0.0065682985543195
0.006174793250423
0.003724575543022
0.0017148517198271
-0.0002948721033678
-0.0035763054991549
-0.006857738894942
-0.01894392903826
-0.02354877495423
-0.0281536208702
-0.041639300403805
-0.05512497993741
-0.1576777820053
-0.470611872282
-0.7835459625587
-0.73884895168555
-0.6941519408124
-0.114019058689
-0.079290126101285
-0.04456119351357
-0.02021760068181
-0.01674983460796
-0.01328206853411
-0.0088747241797595
-0.004467379825409
0.0007529880043952
0.0017037096391561
0.002654431273917
0.0040699024283
0.005485373582683
0.007518071202975
0.0079399159863055
0.008361760769636
0.00977186952883
0.010360995087675
0.01095012064652
0.01119628189626
0.011442443146
0.01242148473564
0.01288067540251
0.01333986606938
0.01353195729943
0.01372404852948
0.01461155453394
0.01506708782425
0.01552262111456
0.01618609846451
0.01652353733875
0.01686097621299
0.017390000594355
0.01791902497572
0.01909946925643
0.019415554826235
0.01973164039604
0.020308769015935
0.02088589763583
0.02246335754041
0.02339064413334
0.02431793072627
0.02542406627464
0.02653020182301
0.02709632801752
0.02845704123514
0.02981775445276
0.03318557210593
0.03529836419416
0.03741115628239
0.040128728494055
0.04284630070572
0.05000765887302
0.05485857870694
0.05970949854086
0.066456479479385
0.07320346041791
0.09239555098413
0.106073146348615
0.1197507417131
0.1570873569914
0.16796501957445
0.1788426821575
0.2070894558667
0.2353362295759
0.2815392536232
0.29620484474105
0.3108704358589
0.3043784858165
0.2978865357741
0.2299351746146
0.19795773784375
0.1659803010729
0.14521903656615
0.1244577720594
0.09808340988525
0.092535799958745
0.08698819003224
0.07179508015935
0.067733081870705
0.06367108358206
0.059272313971565
0.05487354436107
0.04842382978955
0.046079042918795
0.04373425604804
0.041662527478095
0.03959079890815
0.03612471776194
0.034728303961925
0.03333189016191
0.03069653134953
0.029537271664385
0.02837801197924
0.02753210175707
0.0266861915349
0.02484535393255
0.024227632807715
0.02360991168288
0.02286742908009
0.0221249464773
0.02118542695466
0.02056952490013
0.0199536228456
0.01882101928085
0.018488517450315
0.01815601561978
0.017663855979825
0.01717169633987
0.01655959432904
0.016143802260045
0.01572801019105
0.01529746240251
0.01486691461397
0.01439749364868
0.013973374841975
0.01354925603527
0.013111179805965
0.01267310357666
0.01219967275019
0.011708467168285
0.01121726158638
0.01009491644861
0.0097872820763025
0.009479647703995
0.0087370948736925
0.00799454204339
0.006065089890839
0.005512178562705
0.004959267234571
0.00339714168399
0.001835016133409
-0.002889674767596
-0.0045445834574505
-0.006199492147305
-0.01615569132595
-0.026136840726395
-0.03611799012684
-0.047184654200055
-0.05825131827327
-0.1436289645703
-0.302616230643
-0.4616034967157
-1.12455174835785
-1.7875
-0.4616034967157
-0.302616230643
-0.1436289645703
-0.100940141421785
-0.05825131827327
-0.03611799012684
-0.026136840726395
-0.01615569132595
-0.006199492147305
-0.0045445834574505
-0.002889674767596
-0.0005273293170935
0.001835016133409
0.004959267234571
0.005512178562705
0.006065089890839
0.0070298159671145
0.00799454204339
0.009479647703995
0.0097872820763025
0.01009491644861
0.01121726158638
0.011708467168285
0.01219967275019
0.012436388163425
0.01267310357666
0.01354925603527
0.013973374841975
0.01439749364868
0.014632204131325
0.01486691461397
0.01572801019105
0.016143802260045
0.01655959432904
0.016865645334455
0.01717169633987
0.01815601561978
0.018488517450315
0.01882101928085
0.0199536228456
0.02056952490013
0.02118542695466
0.02165518671598
0.0221249464773
0.02360991168288
0.024227632807715
0.02484535393255
0.025765772733725
0.0266861915349
0.02837801197924
0.029537271664385
0.03069653134953
0.03333189016191
0.034728303961925
0.03612471776194
0.037857758335045
0.03959079890815
0.04373425604804
0.046079042918795
0.04842382978955
0.051648687075305
0.05487354436106
0.06367108358206
0.067733081870705
0.07179508015935
0.08698819003224
0.092535799958745
0.09808340988525
0.111270590972325
0.1244577720594
0.1659803010729
0.19795773784375
0.2299351746146
0.26391085519435
0.2978865357741
0.3108704358589
0.29620484474105
0.2815392536232
0.25843774159955
0.2353362295759
0.1788426821575
0.16796501957445
0.1570873569914
0.1197507417131
0.106073146348615
0.09239555098413
0.08279950570102
0.07320346041791
0.05970949854086
0.05485857870694
0.05000765887302
0.04642697978937
0.04284630070572
0.03741115628239
0.03529836419416
0.03318557210593
0.02981775445276
0.02845704123514
0.02709632801752
0.026813264920265
0.02653020182301
0.02431793072627
0.02339064413334
0.02246335754041
0.02167462758812
0.02088589763583
0.01973164039604
0.019415554826235
0.01909946925643
0.018509247116075
0.01791902497572
0.01686097621299
0.01652353733875
0.01618609846451
0.01552262111456
0.01506708782425
0.01461155453394
0.01416780153171
0.01372404852948
0.01333986606938
0.01288067540251
0.01242148473564
0.01193196394082
0.011442443146
0.01095012064652
0.010360995087675
0.00977186952883
0.008361760769636
0.0079399159863055
0.007518071202975
0.006501722392829
0.005485373582683
0.002654431273917
0.00170370963915615
0.0007529880043953
-0.00185719591050635
-0.004467379825408
-0.01328206853411
-0.01674983460796
-0.02021760068181
-0.04456119351357
-0.079290126101285
-0.114019058689
-0.4040854997507
-0.6941519408124
-0.7835459625587
-0.470611872282
-0.1576777820053
-0.106401380971355
-0.05512497993741
-0.0281536208702
-0.02354877495423
-0.01894392903826
-0.0129008339666015
-0.006857738894943
-0.0002948721033679
0.00171485171982705
0.003724575543022
0.006174793250423
0.0065682985543195
0.006961803858216
0.007872343412667
0.008782882967118
0.01021541785941
0.010814609880085
0.01141380190076
0.01194312107065
0.01247244024054
0.01287121465651
0.013252432990395
0.01363365132428
0.01458310977237
0.015065613156255
0.01554811654014
0.016056462771705
0.01656480900327
0.0176639468257
0.01827283084647
0.01888171486724
0.019567256133725
0.02025279740021
0.02147139383479
0.02169738694761
0.02192338006043
0.022824771999865
0.0237261639393
0.02585130543122
0.027117672193345
0.02838403895547
0.03145196387605
0.033301281618715
0.03515059936138
0.035354873186225
0.03555914701107
0.04053942507646
0.04374298715014
0.04694654922382
0.0511321047839
0.05531766034398
0.06639494936687
0.07378448535555
0.08117402134423
0.08809208021839
0.100185017177345
0.1122779541363
0.1279384048436
0.1435988555509
0.1715550825107
0.1942359887894
0.2169168950681
0.2435550262758
0.2701931574835
0.2968648380625
0.30489211515635
0.3129193922502
0.2733335438831
0.2429179907736
0.2125024376641
0.2012202978568
0.1899381580495
0.1422225522697
0.1275726959975
0.1129228397253
0.104293934078405
0.09566502843151
0.08039545657162
0.07456777293629
0.06874008930096
0.064617990575975
0.06049589185099
0.05262613146165
0.049797777917185
0.04696942437272
0.04236595442165
0.0400586428394
0.03775133125715
0.036580374212615
0.03540941716808
0.03202690189161
0.030577479131965
0.02912805637232
0.028494602017
0.02786114766168
0.02562319542452
0.024650276524105
0.02367735762369
0.02292115386692
0.02213353987448
0.02134592588204
0.02064282396585
0.01993972204966
0.01898589293597
0.018622819718625
0.01825974650128
0.01771319832824
0.0171666501552
0.01614827033678
0.01579768247369
0.0154470946106
0.01517390999382
0.01490072537704
0.01397349132505
0.01350375955652
0.01303402778799
0.01203692484963
0.01185823389331
0.01167954293699
0.01116398164607
0.01064842035515
0.009316642876135
0.0084792118751255
0.007641780874116
0.006524148576701
0.005406516279286
0.003118659926385
0.002237543106935
0.001356426287485
-0.004146467165391
-0.0089747555587405
-0.01380304395209
-0.023565773120145
-0.0333285022882
-0.08169275263515
-0.097415727762275
-0.1131387028894
-0.3011942116821
-0.4892497204748
-1.787164658479
-1.5328239792075
-1.278483299936
-0.8476315676795
-0.416779835423
-0.1316810567495
-0.09577504617596
-0.05986903560242
-0.03318291651402
-0.024857295865165
-0.01653167521631
-0.012699597051779
-0.008867518887248
-0.002547164985307
-0.000512220725403
0.001522723534501
0.0026845670761185
0.003846410617736
0.006090011296341
0.006767482077809
0.007444952859277
0.008861152857307
0.0093324275794365
0.009803702301566
0.010313180261058
0.01082265822055
0.01156572350748
0.0119788013803
0.01239187925312
0.01277386841305
0.01315585757298
0.01379271812201
0.01415375487152
0.01451479162103
0.01516297876624
0.015529139481175
0.01589530019611
0.01625094979688
0.01660659939765
0.01739366601134
0.017804847523235
0.01821602903513
0.01865526824649
0.01909450745785
0.02008057726238
0.020590918830555
0.02110126039873
0.021714591947515
0.0223279234963
0.02353777582642
0.02431963259342
0.02510148936042
0.02677295355371
0.02770199974955
0.02863104594539
0.029878628858215
0.03112621177104
0.03322764324664
0.034958652730795
0.03668966221495
0.038022459371295
0.03935525652764
0.04431011461757
0.047592054919945
0.05087399522232
0.05500941705917
0.06000852480972
0.06500763256027
0.072182039504035
0.0793564464478
0.09168537155855
0.099804256748225
0.1079231419379
0.1248543833762
0.1417856248145
0.1919192422551
0.2229500220157
0.2539808017763
0.27316914867895
0.2923574955816
0.3137314328959
0.30705409983025
0.3003767667646
0.2552549554387
0.22298239210155
0.1907098287644
0.17990433529965
0.1690988418349
0.1330828533032
0.1174871982614
0.1018915432196
0.09118024698365
0.0804689507477
0.07151361876971
0.06738624417172
0.06325886957373
0.05278115666124
0.049004842737865
0.04522852881449
0.04239389607535
0.03955926333621
0.03775295537116
0.035721976433365
0.03369099749557
0.032055609212045
0.03042022092852
0.02819923229746
0.02743145571069
0.02666367912392
0.02460556667938
0.02386286616331
0.02312016564724
0.02257642295065
0.02203268025406
0.02063803384507
0.020235164702005
0.01983229555894
0.019290212001075
0.01874812844321
0.01772411741298
0.01741769734865
0.01711127728432
0.016664128428335
0.01621697957235
0.01553648914015
0.015183185204115
0.01482988126808
0.01404364103095
0.01375956352802
0.01347548602509
0.013076119973185
0.01267675392128
0.01205320511592
0.011610225579645
0.01116724604337
0.010717441882935
0.0102676377225
0.009310093437219
0.0086615418800935
0.008012990322968
0.006738265678391
0.0057528346504715
0.004767403622552
0.003708187279716
0.00264897093688
-0.0008471707234183
-0.00290785931231615
-0.004968547901214
-0.008750917612987
-0.01253328732476
-0.02302389481178
-0.03406271030831
-0.04510152580484
-0.07415070975002
-0.1031998936952
-0.2020445734509
-0.66202935839445
-1.122014143338
-1.036573585347
-0.6292163286454
-0.2218590719438
-0.145373163527885
-0.06888725511197
-0.02750648271977
-0.019157449733725
-0.01080841674768
-0.006590798935527
-0.002373181123374
0.002519264307276
0.00409598690466
0.005672709502044
0.007879306544522
0.0087062812737315
0.009533256002941
0.0101998550544755
0.01086645410601
0.01200316922218
0.01251643820414
0.0130297071861
0.013516908693775
0.01400411020145
0.01496775156882
0.015464923135845
0.01596209470287
0.01700956416011
0.01757730934683
0.01814505453355
0.018772626131445
0.01940019772934
0.02021716093389
0.020627990974145
0.0210388210144
0.021873588366015
0.02270835571763
0.0246445899976
0.025775228522165
0.02690586704673
0.02824548264763
0.02958509824853
0.03138252548842
0.032622658847115
0.03386279220581
0.03812127302795
0.040739362505915
0.04335745198388
0.045310591453725
0.04726373092357
0.05328344631963
0.05803889434214
0.06279434236465
0.06734741488614
0.07190048740763
0.08407596720392
0.09345109897076
0.1028262307376
0.1223068720427
0.1368027547382
0.1512986374337
0.17194246947865
0.1925863015236
0.2261222030405
0.25402897079975
0.281935738559
