3.140000000000e-001
2.819357385590e-001
2.261222030405e-001
1.925863015236e-001
1.512986374337e-001
1.223068720427e-001
1.028262307376e-001
8.407596720392e-002
7.190048740763e-002
6.279434236465e-002
5.328344631963e-002
4.726373092357e-002
4.335745198388e-002
3.812127302795e-002
3.386279220581e-002
3.138252548842e-002
2.958509824853e-002
2.690586704673e-002
2.464458999760e-002
2.270835571763e-002
2.103882101440e-002
2.021716093389e-002
1.940019772934e-002
1.814505453355e-002
1.700956416011e-002
1.596209470287e-002
1.496775156882e-002
1.400411020145e-002
1.302970718610e-002
1.200316922218e-002
1.086645410601e-002
9.533256002941e-003
7.879306544522e-003
5.672709502044e-003
2.519264307276e-003
-2.373181123374e-003
-1.080841674768e-002
-2.750648271977e-002
-6.888725511197e-002
-2.218590719438e-001
-1.036573585347e+000
-1.122014143338e+000
-2.020445734509e-001
-1.031998936952e-001
-4.510152580484e-002
-2.302389481178e-002
-1.253328732476e-002
-4.968547901214e-003
-8.471707234182e-004
2.648970936880e-003
4.767403622552e-003
6.738265678391e-003
8.012990322968e-003
9.310093437219e-003
1.026763772250e-002
1.116724604337e-002
1.205320511592e-002
1.267675392128e-002
1.347548602509e-002
1.404364103095e-002
1.482988126808e-002
1.553648914015e-002
1.621697957235e-002
1.711127728432e-002
1.772411741298e-002
1.874812844321e-002
1.983229555894e-002
2.063803384507e-002
2.203268025406e-002
2.312016564724e-002
2.460556667938e-002
2.666367912392e-002
2.819923229746e-002
3.042022092852e-002
3.369099749557e-002
3.775295537116e-002
3.955926333621e-002
4.522852881449e-002
5.278115666124e-002
6.325886957373e-002
7.151361876971e-002
8.046895074770e-002
1.018915432196e-001
1.330828533032e-001
1.690988418349e-001
1.907098287644e-001
2.552549554387e-001
3.003767667646e-001
3.137314328959e-001
2.923574955816e-001
2.539808017763e-001
1.919192422552e-001
1.417856248145e-001
1.079231419379e-001
9.168537155855e-002
7.935644644780e-002
6.500763256027e-002
5.500941705917e-002
5.087399522232e-002
4.431011461757e-002
3.935525652764e-002
3.668966221495e-002
3.322764324664e-002
3.112621177104e-002
2.863104594539e-002
2.677295355371e-002
2.510148936042e-002
2.353777582642e-002
2.232792349630e-002
2.110126039873e-002
2.008057726238e-002
1.909450745785e-002
1.821602903513e-002
1.739366601134e-002
1.660659939765e-002
1.589530019611e-002
1.516297876624e-002
1.451479162103e-002
1.379271812201e-002
1.315585757298e-002
1.239187925312e-002
1.156572350748e-002
1.082265822055e-002
9.803702301566e-003
8.861152857307e-003
7.444952859277e-003
6.090011296341e-003
3.846410617736e-003
1.522723534501e-003
-2.547164985306e-003
-8.867518887248e-003
-1.653167521631e-002
-3.318291651402e-002
-5.986903560242e-002
-1.316810567495e-001
-4.167798354230e-001
-1.278483299935e+000
-1.787164658479e+000
-4.892497204748e-001
-1.131387028894e-001
-8.169275263516e-002
-3.332850228820e-002
-1.380304395209e-002
-4.146467165392e-003
1.356426287485e-003
3.118659926385e-003
5.406516279286e-003
7.641780874116e-003
9.316642876135e-003
1.064842035515e-002
1.167954293699e-002
1.203692484963e-002
1.303402778799e-002
1.397349132505e-002
1.490072537704e-002
1.544709461060e-002
1.614827033678e-002
1.716665015520e-002
1.825974650128e-002
1.898589293597e-002
1.993972204966e-002
2.134592588204e-002
2.292115386692e-002
2.367735762369e-002
2.562319542452e-002
2.786114766168e-002
2.912805637232e-002
3.202690189161e-002
3.540941716808e-002
3.775133125715e-002
4.236595442165e-002
4.696942437272e-002
5.262613146165e-002
6.049589185099e-002
6.874008930096e-002
8.039545657162e-002
9.566502843151e-002
1.129228397253e-001
1.422225522697e-001
1.899381580495e-001
2.125024376641e-001
2.733335438831e-001
3.129193922502e-001
2.968648380625e-001
2.701931574835e-001
2.169168950681e-001
1.715550825107e-001
1.435988555509e-001
1.122779541363e-001
8.809208021839e-002
8.117402134423e-002
6.639494936687e-002
5.531766034399e-002
4.694654922382e-002
4.053942507646e-002
3.555914701107e-002
3.515059936138e-002
3.145196387605e-002
2.838403895547e-002
2.585130543122e-002
2.372616393930e-002
2.192338006043e-002
2.147139383479e-002
2.025279740021e-002
1.888171486724e-002
1.766394682570e-002
1.656480900327e-002
1.554811654014e-002
1.458310977237e-002
1.363365132428e-002
1.287121465651e-002
1.247244024054e-002
1.141380190076e-002
1.021541785941e-002
8.782882967118e-003
6.961803858216e-003
6.174793250423e-003
3.724575543022e-003
-2.948721033678e-004
-6.857738894942e-003
-1.894392903826e-002
-2.815362087020e-002
-5.512497993741e-002
-1.576777820053e-001
-7.835459625587e-001
-6.941519408124e-001
-1.140190586890e-001
-4.456119351357e-002
-2.021760068181e-002
-1.328206853411e-002
-4.467379825409e-003
7.529880043952e-004
2.654431273917e-003
5.485373582683e-003
7.518071202975e-003
8.361760769636e-003
9.771869528830e-003
1.095012064652e-002
1.144244314600e-002
1.242148473564e-002
1.333986606938e-002
1.372404852948e-002
1.461155453394e-002
1.552262111456e-002
1.618609846451e-002
1.686097621299e-002
1.791902497572e-002
1.909946925643e-002
1.973164039604e-002
2.088589763583e-002
2.246335754041e-002
2.431793072627e-002
2.653020182301e-002
2.709632801752e-002
2.981775445276e-002
3.318557210593e-002
3.741115628239e-002
4.284630070572e-002
5.000765887302e-002
5.970949854086e-002
7.320346041791e-002
9.239555098413e-002
1.197507417131e-001
1.570873569914e-001
1.788426821575e-001
2.353362295759e-001
2.815392536232e-001
3.108704358589e-001
2.978865357741e-001
2.299351746146e-001
1.659803010729e-001
1.244577720594e-001
9.808340988525e-002
8.698819003224e-002
7.179508015935e-002
6.367108358206e-002
5.487354436107e-002
4.842382978955e-002
4.373425604804e-002
3.959079890815e-002
3.612471776194e-002
3.333189016191e-002
3.069653134953e-002
2.837801197924e-002
2.668619153490e-002
2.484535393255e-002
2.360991168288e-002
2.212494647730e-002
2.118542695466e-002
1.995362284560e-002
1.882101928085e-002
1.815601561978e-002
1.717169633987e-002
1.655959432904e-002
1.572801019105e-002
1.486691461397e-002
1.439749364868e-002
1.354925603527e-002
1.267310357666e-002
1.219967275019e-002
1.121726158638e-002
1.009491644861e-002
9.479647703995e-003
7.994542043390e-003
6.065089890839e-003
4.959267234571e-003
1.835016133409e-003
-2.889674767596e-003
-6.199492147305e-003
-1.615569132595e-002
-3.611799012684e-002
-5.825131827327e-002
-1.436289645703e-001
-4.616034967157e-001
-1.787500000000e+000
-4.616034967157e-001
-1.436289645703e-001
-5.825131827327e-002
-3.611799012684e-002
-1.615569132595e-002
-6.199492147305e-003
-2.889674767596e-003
1.835016133409e-003
4.959267234571e-003
6.065089890839e-003
7.994542043390e-003
9.479647703995e-003
1.009491644861e-002
1.121726158638e-002
1.219967275019e-002
1.267310357666e-002
1.354925603527e-002
1.439749364868e-002
1.486691461397e-002
1.572801019105e-002
1.655959432904e-002
1.717169633987e-002
1.815601561978e-002
1.882101928085e-002
1.995362284560e-002
2.118542695466e-002
2.212494647730e-002
2.360991168288e-002
2.484535393255e-002
2.668619153490e-002
2.837801197924e-002
3.069653134953e-002
3.333189016191e-002
3.612471776194e-002
3.959079890815e-002
4.373425604804e-002
4.842382978955e-002
5.487354436106e-002
6.367108358206e-002
7.179508015935e-002
8.698819003224e-002
9.808340988525e-002
1.244577720594e-001
1.659803010729e-001
2.299351746146e-001
2.978865357741e-001
3.108704358589e-001
2.815392536232e-001
2.353362295759e-001
1.788426821575e-001
1.570873569914e-001
1.197507417131e-001
9.239555098413e-002
7.320346041791e-002
5.970949854086e-002
5.000765887302e-002
4.284630070572e-002
3.741115628239e-002
3.318557210593e-002
2.981775445276e-002
2.709632801752e-002
2.653020182301e-002
2.431793072627e-002
2.246335754041e-002
2.088589763583e-002
1.973164039604e-002
1.909946925643e-002
1.791902497572e-002
1.686097621299e-002
1.618609846451e-002
1.552262111456e-002
1.461155453394e-002
1.372404852948e-002
1.333986606938e-002
1.242148473564e-002
1.144244314600e-002
1.095012064652e-002
9.771869528830e-003
8.361760769636e-003
7.518071202975e-003
5.485373582683e-003
2.654431273917e-003
7.529880043953e-004
-4.467379825408e-003
-1.328206853411e-002
-2.021760068181e-002
-4.456119351357e-002
-1.140190586890e-001
-6.941519408124e-001
-7.835459625587e-001
-1.576777820053e-001
-5.512497993741e-002
-2.815362087020e-002
-1.894392903826e-002
-6.857738894943e-003
-2.948721033679e-004
3.724575543022e-003
6.174793250423e-003
6.961803858216e-003
8.782882967118e-003
1.021541785941e-002
1.141380190076e-002
1.247244024054e-002
1.287121465651e-002
1.363365132428e-002
1.458310977237e-002
1.554811654014e-002
1.656480900327e-002
1.766394682570e-002
1.888171486724e-002
2.025279740021e-002
2.147139383479e-002
2.192338006043e-002
2.372616393930e-002
2.585130543122e-002
2.838403895547e-002
3.145196387605e-002
3.515059936138e-002
3.555914701107e-002
4.053942507646e-002
4.694654922382e-002
5.531766034398e-002
6.639494936687e-002
8.117402134423e-002
8.809208021839e-002
1.122779541363e-001
1.435988555509e-001
1.715550825107e-001
2.169168950681e-001
2.701931574835e-001
2.968648380625e-001
3.129193922502e-001
2.733335438831e-001
2.125024376641e-001
1.899381580495e-001
1.422225522697e-001
1.129228397253e-001
9.566502843151e-002
8.039545657162e-002
6.874008930096e-002
6.049589185099e-002
5.262613146165e-002
4.696942437272e-002
4.236595442165e-002
3.775133125715e-002
3.540941716808e-002
3.202690189161e-002
2.912805637232e-002
2.786114766168e-002
2.562319542452e-002
2.367735762369e-002
2.292115386692e-002
2.134592588204e-002
1.993972204966e-002
1.898589293597e-002
1.825974650128e-002
1.716665015520e-002
1.614827033678e-002
1.544709461060e-002
1.490072537704e-002
1.397349132505e-002
1.303402778799e-002
1.203692484963e-002
1.167954293699e-002
1.064842035515e-002
9.316642876135e-003
7.641780874116e-003
5.406516279286e-003
3.118659926385e-003
1.356426287485e-003
-4.146467165391e-003
-1.380304395209e-002
-3.332850228820e-002
-8.169275263515e-002
-1.131387028894e-001
-4.892497204748e-001
-1.787164658479e+000
-1.278483299936e+000
-4.167798354230e-001
-1.316810567495e-001
-5.986903560242e-002
-3.318291651402e-002
-1.653167521631e-002
-8.867518887248e-003
-2.547164985307e-003
1.522723534501e-003
3.846410617736e-003
6.090011296341e-003
7.444952859277e-003
8.861152857307e-003
9.803702301566e-003
1.082265822055e-002
1.156572350748e-002
1.239187925312e-002
1.315585757298e-002
1.379271812201e-002
1.451479162103e-002
1.516297876624e-002
1.589530019611e-002
1.660659939765e-002
1.739366601134e-002
1.821602903513e-002
1.909450745785e-002
2.008057726238e-002
2.110126039873e-002
2.232792349630e-002
2.353777582642e-002
2.510148936042e-002
2.677295355371e-002
2.863104594539e-002
3.112621177104e-002
3.322764324664e-002
3.668966221495e-002
3.935525652764e-002
4.431011461757e-002
5.087399522232e-002
5.500941705917e-002
6.500763256027e-002
7.935644644780e-002
9.168537155855e-002
1.079231419379e-001
1.417856248145e-001
1.919192422551e-001
2.539808017763e-001
2.923574955816e-001
3.137314328959e-001
3.003767667646e-001
2.552549554387e-001
1.907098287644e-001
1.690988418349e-001
1.330828533032e-001
1.018915432196e-001
8.046895074770e-002
7.151361876971e-002
6.325886957373e-002
5.278115666124e-002
4.522852881449e-002
3.955926333621e-002
3.775295537116e-002
3.369099749557e-002
3.042022092852e-002
2.819923229746e-002
2.666367912392e-002
2.460556667938e-002
2.312016564724e-002
2.203268025406e-002
2.063803384507e-002
1.983229555894e-002
1.874812844321e-002
1.772411741298e-002
1.711127728432e-002
1.621697957235e-002
1.553648914015e-002
1.482988126808e-002
1.404364103095e-002
1.347548602509e-002
1.267675392128e-002
1.205320511592e-002
1.116724604337e-002
1.026763772250e-002
9.310093437219e-003
8.012990322968e-003
6.738265678391e-003
4.767403622552e-003
2.648970936880e-003
-8.471707234183e-004
-4.968547901214e-003
-1.253328732476e-002
-2.302389481178e-002
-4.510152580484e-002
-1.031998936952e-001
-2.020445734509e-001
-1.122014143338e+000
-1.036573585347e+000
-2.218590719438e-001
-6.888725511197e-002
-2.750648271977e-002
-1.080841674768e-002
-2.373181123374e-003
2.519264307276e-003
5.672709502044e-003
7.879306544522e-003
9.533256002941e-003
1.086645410601e-002
1.200316922218e-002
1.302970718610e-002
1.400411020145e-002
1.496775156882e-002
1.596209470287e-002
1.700956416011e-002
1.814505453355e-002
1.940019772934e-002
2.021716093389e-002
2.103882101440e-002
2.270835571763e-002
2.464458999760e-002
2.690586704673e-002
2.958509824853e-002
3.138252548842e-002
3.386279220581e-002
3.812127302795e-002
4.335745198388e-002
4.726373092357e-002
5.328344631963e-002
6.279434236465e-002
7.190048740763e-002
8.407596720392e-002
1.028262307376e-001
1.223068720427e-001
1.512986374337e-001
1.925863015236e-001
2.261222030405e-001
2.819357385590e-001
