 -6.3410145e-004
  4.6916282e-003
  6.9536587e-003
  9.3548248e-003
  1.0596671e-002
  1.2118521e-002
  1.3051304e-002
  1.4327695e-002
  1.5228561e-002
  1.6543161e-002
  1.7570130e-002
  1.8706822e-002
  2.0428191e-002
  2.1933506e-002
  2.3686813e-002
  2.5775714e-002
  2.8885974e-002
  3.2017009e-002
  3.5926073e-002
  4.0928279e-002
  4.7451423e-002
  5.6191846e-002
  6.8265973e-002
  8.5307009e-002
  1.0963972e-001
  1.6100140e-001
  2.1640682e-001
  3.0538253e-001
  3.0287750e-001
  2.3020479e-001
  1.6241407e-001
  1.2058017e-001
  8.3801493e-002
  6.9290923e-002
  5.3041033e-002
  4.2403055e-002
  3.5131819e-002
  2.9939680e-002
  2.6092590e-002
  2.4311828e-002
  2.1691543e-002
  1.9588780e-002
  1.8483686e-002
  1.6874936e-002
  1.5454185e-002
  1.4596069e-002
  1.3276943e-002
  1.2382247e-002
  1.0882407e-002
  9.6977500e-003
  7.4417585e-003
  5.3244682e-003
  5.5913406e-004
 -4.9190848e-003
 -2.0973273e-002
 -4.6430143e-002
 -2.0378382e-001
 -1.7861121e+000
 -2.1042456e-001
 -4.7124888e-002
 -2.1297373e-002
 -5.0440300e-003
  4.8493833e-004
  5.2781839e-003
  7.4103856e-003
  9.0174863e-003
  1.0861831e-002
  1.1881499e-002
  1.3259410e-002
  1.4578431e-002
  1.5435904e-002
  1.6311992e-002
  1.7815618e-002
  1.9559801e-002
  2.0756145e-002
  2.3088864e-002
  2.6032109e-002
  2.9862690e-002
  3.5020922e-002
  4.2239415e-002
  5.2772981e-002
  6.8843410e-002
  9.4045568e-002
  1.1940965e-001
  1.6039463e-001
  2.2714911e-001
  3.0112041e-001
  3.0652111e-001
  2.1792510e-001
  1.6189916e-001
  1.1793100e-001
  8.8489842e-002
  6.9154651e-002
  5.6108297e-002
  4.6967136e-002
  4.0289440e-002
  3.5265082e-002
  3.1370580e-002
  2.8266916e-002
  2.5752014e-002
  2.3671542e-002
  2.1442790e-002
  1.9972898e-002
  1.8693406e-002
  1.7169173e-002
  1.6156062e-002
  1.4844398e-002
  1.3938252e-002
  1.3036188e-002
  1.1651872e-002
  1.0575455e-002
  8.6316550e-003
  6.9155392e-003
  3.1758675e-003
 -7.2623559e-004
 -1.1421354e-002
 -2.6139256e-002
 -8.6281584e-002
 -2.5420420e-001
 -1.1389704e+000
 -7.1533302e-001
 -1.6785841e-001
 -4.9705249e-002
 -2.0599089e-002
 -7.7349996e-003
 -8.1165559e-004
  3.3963984e-003
  6.7549848e-003
  8.6305563e-003
  1.0094458e-002
  1.1312966e-002
  1.2387064e-002
  1.3558874e-002
  1.4512636e-002
  1.5479959e-002
  1.6497574e-002
  1.7596672e-002
  1.8813758e-002
  2.0183818e-002
  2.1861541e-002
  2.3665003e-002
  2.5797756e-002
  2.8348913e-002
  3.1435179e-002
  3.5590103e-002
  4.0654368e-002
  4.7203723e-002
  5.5811374e-002
  6.7358155e-002
  9.0404818e-002
  1.1655753e-001
  1.8323290e-001
  2.8873656e-001
  3.0893982e-001
  2.3732083e-001
  1.4403160e-001
  1.0999982e-001
  7.5842665e-002
  5.6488705e-002
  4.4657472e-002
  3.6870245e-002
  3.3168506e-002
  2.8649416e-002
  2.6258899e-002
  2.3385448e-002
  2.1731950e-002
  2.0262136e-002
  1.8514286e-002
  1.7386387e-002
  1.6343146e-002
  1.5069370e-002
  1.4133088e-002
  1.3187417e-002
  1.1933122e-002
  1.0818436e-002
  9.5116588e-003
  7.8865585e-003
  5.7263951e-003
  1.8621130e-003
 -3.3150691e-003
 -1.2205004e-002
 -2.9567873e-002
 -9.1791513e-002
 -2.9360365e-001
 -1.7874122e+000
 -2.6283516e-001
 -4.9530271e-002
 -1.3837786e-002
 -1.4493450e-003
  4.4313763e-003
  7.8119077e-003
  1.0068313e-002
  1.1053296e-002
  1.2593004e-002
  1.3987020e-002
  1.5367413e-002
  1.6836788e-002
  1.8482745e-002
  2.0410921e-002
  2.2742109e-002
  2.5643326e-002
  2.9353436e-002
  3.4228767e-002
  3.7961778e-002
  4.6185483e-002
  5.3421908e-002
  6.8974854e-002
  8.5328163e-002
  1.1073141e-001
  1.5279867e-001
  2.2110902e-001
  2.9534620e-001
  2.7873905e-001
  1.8435354e-001
  1.3471229e-001
  1.0092791e-001
  7.8743395e-002
  6.3806938e-002
  5.1086286e-002
  4.3754769e-002
  3.8305118e-002
  3.2635192e-002
  2.9508602e-002
  2.6975519e-002
  2.3929889e-002
  2.2276376e-002
  2.0113622e-002
  1.8282823e-002
  1.7291305e-002
  1.5814298e-002
  1.4995489e-002
  1.3647534e-002
  1.2245321e-002
  1.0645840e-002
  9.5908925e-003
  7.1522112e-003
  3.3506448e-003
 -3.5641383e-003
 -1.8982838e-002
 -6.6485410e-002
 -1.6598864e-001
 -1.2083707e+000
 -6.3347068e-001
 -1.4389346e-001
 -4.8991582e-002
 -2.0636285e-002
 -7.6255381e-003
 -6.0935496e-004
  3.6259889e-003
  6.4710592e-003
  8.4662388e-003
  9.9968051e-003
  1.1252899e-002
  1.2373351e-002
  1.3388438e-002
  1.4371352e-002
  1.5356640e-002
  1.6385452e-002
  1.7486536e-002
  1.8691491e-002
  2.0038462e-002
  2.1564372e-002
  2.3312425e-002
  2.5831733e-002
  2.8389063e-002
  3.1457962e-002
  3.5178077e-002
  4.1655397e-002
  4.8082929e-002
  5.6221729e-002
  7.3794722e-002
  1.0528683e-001
  1.3191382e-001
  2.0537681e-001
  2.6928197e-001
  3.1397797e-001
  2.6658827e-001
  2.0336351e-001
  1.3093029e-001
  8.9522338e-002
  7.3459178e-002
  5.6054682e-002
  4.7966951e-002
  3.9671572e-002
  3.5137596e-002
  3.1424397e-002
  2.7720768e-002
  2.5334453e-002
  2.3302532e-002
  2.1551483e-002
  2.0030919e-002
  1.8688140e-002
  1.7366285e-002
  1.6294276e-002
  1.5286577e-002
  1.4316250e-002
  1.3348441e-002
  1.2344778e-002
  1.1252899e-002
  9.9968051e-003
  8.4662388e-003
  6.4710592e-003
  3.6882153e-003
 -5.0796928e-004
 -7.4798610e-003
 -2.0578446e-002
 -5.0402234e-002
 -1.4482341e-001
 -6.4990990e-001
 -1.1524399e+000
 -1.5900101e-001
 -6.4552522e-002
 -1.8496686e-002
 -3.3631182e-003
  3.4500151e-003
  7.2122807e-003
  9.6316735e-003
  1.0684901e-002
  1.2276676e-002
  1.3677431e-002
  1.5026184e-002
  1.5846344e-002
  1.7327034e-002
  1.8989824e-002
  2.0163095e-002
  2.2335772e-002
  2.3997508e-002
  2.7065805e-002
  2.9614279e-002
  3.4245370e-002
  3.8492071e-002
  4.4000019e-002
  5.3689242e-002
  6.4260318e-002
  7.9414241e-002
  1.0193771e-001
  1.3629834e-001
  1.8651290e-001
  2.8104653e-001
  2.9439035e-001
  2.2066098e-001
  1.5294127e-001
  1.1103729e-001
  8.5587841e-002
  6.3763993e-002
  5.3577615e-002
  4.6310639e-002
  3.8065245e-002
  3.2100023e-002
  2.9428167e-002
  2.5702202e-002
  2.2789516e-002
  2.0449954e-002
  1.8515701e-002
  1.6865491e-002
  1.5396045e-002
  1.4014437e-002
  1.2623763e-002
  1.1087862e-002
  9.2045635e-003
  6.5919174e-003
  4.5264589e-003
 -1.2766121e-003
 -1.3442994e-002
 -4.8202550e-002
 -2.5227968e-001
 -7.4466002e-001
 -8.8323470e-002
 -2.8620440e-002
 -1.1757746e-002
 -3.0684501e-003
  2.0093641e-003
  5.2740395e-003
  7.9539224e-003
  9.5665203e-003
  1.0865614e-002
  1.1973138e-002
  1.3225040e-002
  1.4168038e-002
  1.5105299e-002
  1.6066705e-002
  1.7428409e-002
  1.8560578e-002
  1.9802164e-002
  2.1788749e-002
  2.3455311e-002
  2.6344966e-002
  2.8749796e-002
  3.3297521e-002
  3.7023937e-002
  4.4880711e-002
  5.6806043e-002
  7.6320737e-002
  1.1076050e-001
  1.7213967e-001
  2.3812654e-001
  3.0880830e-001
  2.8979613e-001
  1.8513473e-001
  1.1769693e-001
  9.1286732e-002
  6.7847000e-002
  5.6206785e-002
  4.7479325e-002
  4.0872895e-002
  3.5755953e-002
  3.1731132e-002
  2.8496955e-002
  2.5857268e-002
  2.3670089e-002
  2.1821953e-002
  2.0241272e-002
  1.8864687e-002
  1.7642500e-002
  1.6539557e-002
  1.5516627e-002
  1.4547856e-002
  1.3416634e-002
  1.2425921e-002
  1.1357897e-002
  1.0145598e-002
  8.6918426e-003
  6.2992759e-003
  3.5233889e-003
 -6.1662828e-004
 -7.3788242e-003
 -1.9913718e-002
 -5.7337793e-002
 -1.6015769e-001
 -1.3584412e+000
 -2.5076137e-001
 -5.8456271e-002
 -2.5759562e-002
 -6.7293295e-003
 -6.3410145e-004
