  3.9839221e-002
  4.5989851e-002
  5.4175984e-002
  6.5380282e-002
  8.1079877e-002
  1.0341478e-001
  1.3463123e-001
  2.0158254e-001
  2.5427815e-001
  2.9676692e-001
  2.9771944e-001
  2.3881666e-001
  1.7777975e-001
  1.2074842e-001
  9.4423199e-002
  6.8676613e-002
  5.8736518e-002
  4.6440814e-002
  3.8080063e-002
  3.2154738e-002
  2.7804846e-002
  2.4499984e-002
  2.2924582e-002
  2.0608551e-002
  1.8713057e-002
  1.7692018e-002
  1.6196645e-002
  1.4841494e-002
  1.4000193e-002
  1.2678214e-002
  1.1746705e-002
  1.0704583e-002
  8.8135333e-003
  6.1912003e-003
  3.6081365e-003
 -2.5320224e-003
 -1.0083318e-002
 -3.5394018e-002
 -8.4080697e-002
 -1.1006631e+000
 -9.5081543e-002
 -2.6040206e-002
 -1.1148847e-002
 -6.5597711e-004
  3.2831545e-003
  6.9387046e-003
  8.6541426e-003
  1.0004678e-002
  1.1635083e-002
  1.3035828e-002
  1.3898037e-002
  1.5212699e-002
  1.6079493e-002
  1.7557532e-002
  1.9256383e-002
  2.0423731e-002
  2.2682091e-002
  2.4221376e-002
  2.7436140e-002
  3.1638821e-002
  3.7320112e-002
  4.5297724e-002
  5.6906310e-002
  6.6134540e-002
  8.9973530e-002
  1.1369181e-001
  1.5253417e-001
  2.1835932e-001
  2.9903535e-001
  3.0508621e-001
  2.0938931e-001
  1.5332892e-001
  1.0469242e-001
  8.1566993e-002
  6.5510111e-002
  5.4136354e-002
  4.5881469e-002
  3.9703251e-002
  3.4962109e-002
  3.1237315e-002
  2.7657282e-002
  2.5240314e-002
  2.3236300e-002
  2.1541059e-002
  2.0085988e-002
  1.8408708e-002
  1.7299378e-002
  1.5923288e-002
  1.4992203e-002
  1.3719067e-002
  1.2811044e-002
  1.1860410e-002
  1.0282436e-002
  8.9776417e-003
  6.4030627e-003
  3.9437360e-003
  4.1160988e-004
 -9.0172123e-003
 -2.1741018e-002
 -7.4116266e-002
 -2.4204783e-001
 -1.7299123e-001
 -5.6289870e-002
 -2.3262797e-002
 -9.0925066e-003
 -1.6007993e-003
  3.7382979e-003
  6.4371307e-003
  8.3924014e-003
  9.9097143e-003
  1.1157051e-002
  1.2451780e-002
  1.3434116e-002
  1.4389614e-002
  1.5357383e-002
  1.6514351e-002
  1.7602773e-002
  1.8669010e-002
  2.0145674e-002
  2.1682237e-002
  2.3473194e-002
  2.5579676e-002
  2.8091331e-002
  3.1152154e-002
  3.4919178e-002
  4.0260615e-002
  4.6755066e-002
  5.5338105e-002
  6.6874155e-002
  8.2542565e-002
  1.1699012e-001
  1.5238176e-001
  2.3835664e-001
  2.9754361e-001
  2.9915817e-001
  2.1910047e-001
  1.5871243e-001
  1.0328066e-001
  7.2277441e-002
  6.2983795e-002
  5.4457438e-002
  4.3395918e-002
  3.6022161e-002
  3.2482567e-002
  2.8149646e-002
  2.5847900e-002
  2.3070814e-002
  2.0874306e-002
  1.9531928e-002
  1.8321231e-002
  1.6867133e-002
  1.5875394e-002
  1.4926203e-002
  1.3734367e-002
  1.2788534e-002
  1.1779958e-002
  1.0648420e-002
  8.9634378e-003
  7.1931864e-003
  4.7910637e-003
  1.2958979e-003
 -4.2520593e-003
 -1.7068514e-002
 -4.1142043e-002
 -1.0826035e-001
 -1.7816711e+000
 -2.2664965e-001
 -4.6792838e-002
 -1.3140675e-002
 -1.1591711e-003
  2.5203703e-003
  6.6463996e-003
  9.2437932e-003
  1.1122310e-002
  1.2657035e-002
  1.4051834e-002
  1.4774787e-002
  1.6184927e-002
  1.7728081e-002
  1.9501037e-002
  2.0540235e-002
  2.2913614e-002
  2.4188085e-002
  2.5880288e-002
  2.9684733e-002
  3.4708657e-002
  3.8589464e-002
  4.7153038e-002
  5.9381550e-002
  7.1317068e-002
  8.9018152e-002
  1.2351687e-001
  1.6611159e-001
  2.2577568e-001
  3.0638574e-001
  2.6467457e-001
  1.7636574e-001
  1.3031078e-001
  9.8633042e-002
  7.7521882e-002
  6.3159931e-002
  5.2991649e-002
  4.3597206e-002
  3.8223785e-002
  3.4071706e-002
  2.9508602e-002
  2.6988384e-002
  2.3955856e-002
  2.2308323e-002
  2.0151659e-002
  1.8982945e-002
  1.7330016e-002
  1.6426696e-002
  1.5036424e-002
  1.3692378e-002
  1.2905588e-002
  1.1437675e-002
  9.6688773e-003
  7.2719032e-003
  3.5553803e-003
 -3.1648342e-003
 -9.6539379e-003
 -3.6419122e-002
 -1.6003863e-001
 -1.2956230e+000
 -1.1182181e-001
 -4.1643755e-002
 -1.7086608e-002
 -5.7191237e-003
  5.0883805e-004
  4.3472550e-003
  6.9318981e-003
  8.8156797e-003
  1.0264944e-002
  1.1490808e-002
  1.2561832e-002
  1.3555668e-002
  1.4521977e-002
  1.5500155e-002
  1.6519149e-002
  1.7614110e-002
  1.8812790e-002
  2.0148394e-002
  2.1930974e-002
  2.3745153e-002
  2.5855564e-002
  2.8346908e-002
  3.1315729e-002
  3.6173145e-002
  4.0985635e-002
  4.9909697e-002
  5.8593483e-002
  7.7690163e-002
  9.5080997e-002
  1.4065202e-001
  2.1751659e-001
  2.8009593e-001
  3.1333483e-001
  2.6559841e-001
  2.0555227e-001
  1.3428056e-001
  9.2086190e-002
  6.8112852e-002
  5.7562777e-002
  4.6339768e-002
  4.0561279e-002
  3.5867725e-002
  3.1116787e-002
  2.8200226e-002
  2.5748631e-002
  2.3658467e-002
  2.1598809e-002
  2.0102777e-002
  1.8778966e-002
  1.7589705e-002
  1.6499570e-002
  1.5484445e-002
  1.4509403e-002
  1.3545694e-002
  1.2554123e-002
  1.1485268e-002
  1.0271227e-002
  8.8119231e-003
  6.9366633e-003
  4.3601054e-003
  5.2739322e-004
 -5.6900792e-003
 -1.7061281e-002
 -4.1799830e-002
 -1.1438977e-001
 -6.1931361e-001
 -1.2549964e-001
 -3.1052542e-002
 -7.9228689e-003
 -2.0641325e-003
  4.1251102e-003
  7.6205675e-003
  9.9148625e-003
  1.0930524e-002
  1.2484236e-002
  1.3866724e-002
  1.5216387e-002
  1.6045416e-002
  1.7543646e-002
  1.9233260e-002
  2.0433209e-002
  2.2655882e-002
  2.4367618e-002
  2.7512042e-002
  3.0144811e-002
  3.4914890e-002
  3.9303218e-002
  4.5017627e-002
  5.2704920e-002
  6.5935476e-002
  8.1576974e-002
  1.0465838e-001
  1.3926626e-001
  2.0817870e-001
  2.7843752e-001
  3.0170479e-001
  2.2353073e-001
  1.6649499e-001
  1.2484795e-001
  9.0518746e-002
  7.2588624e-002
  6.0412945e-002
  4.7969314e-002
  4.2167649e-002
  3.5240394e-002
  3.0108042e-002
  2.7802908e-002
  2.4487617e-002
  2.1856507e-002
  1.9711720e-002
  1.7914549e-002
  1.6352624e-002
  1.4937495e-002
  1.3575970e-002
  1.2167414e-002
  1.0565046e-002
  8.5254793e-003
  5.5899494e-003
  3.1800153e-003
 -3.8672132e-003
 -1.9917748e-002
 -7.5539248e-002
 -9.5398605e-001
 -8.5521136e-002
 -3.3799344e-002
 -1.1201942e-002
 -2.7421084e-003
  2.2105857e-003
  5.4065163e-003
  7.6330528e-003
  9.6311892e-003
  1.0915487e-002
  1.2015695e-002
  1.3006294e-002
  1.4200507e-002
  1.5136141e-002
  1.6093844e-002
  1.7455500e-002
  1.8583795e-002
  1.9820656e-002
  2.1801895e-002
  2.3460316e-002
  2.6332640e-002
  2.8721053e-002
  3.3223695e-002
  3.6903091e-002
  4.4613029e-002
  5.6236679e-002
  7.5023417e-002
  1.0750769e-001
  1.6432470e-001
  2.2430019e-001
  2.9883483e-001
  3.0229774e-001
  2.4813275e-001
  1.6135359e-001
  1.0917363e-001
  8.6755479e-002
  6.6183494e-002
  5.5419992e-002
  4.7203723e-002
  4.0847089e-002
  3.5881176e-002
  3.1928204e-002
  2.8725156e-002
  2.6103850e-002
  2.3911373e-002
  2.2061439e-002
  2.0470080e-002
  1.9088060e-002
  1.7858742e-002
  1.6751468e-002
  1.5730285e-002
  1.4603271e-002
  1.3648602e-002
  1.2677849e-002
  1.1642895e-002
  1.0489215e-002
  9.1224221e-003
  6.9284928e-003
  4.4322864e-003
  7.8671232e-004
 -7.0140014e-003
 -1.9135126e-002
 -4.5809921e-002
 -1.2866706e-001
 -2.1902159e-001
 -6.7913734e-002
 -1.9905660e-002
 -8.0436658e-003
  8.8858272e-004
  4.2605121e-003
  6.6336959e-003
  9.1342825e-003
  1.0406996e-002
  1.1959432e-002
  1.2902333e-002
  1.4180168e-002
  1.5074133e-002
  1.6375952e-002
  1.7385959e-002
  1.8500623e-002
  2.0181089e-002
  2.1644469e-002
  2.3349949e-002
  2.5360760e-002
  2.8364961e-002
  3.1370580e-002
  3.5102959e-002
  3.9839221e-002
