2.173695446160e-002
2.207775556251e-002
2.228514084176e-002
2.264762763502e-002
2.302789020898e-002
2.342692574138e-002
2.384499692163e-002
2.428151188614e-002
2.473743918302e-002
2.521292162217e-002
2.570804245487e-002
2.622187791292e-002
2.675329851091e-002
2.707998947302e-002
2.765040098378e-002
2.823543435571e-002
2.862603091210e-002
2.924733681835e-002
2.968183987352e-002
3.033639597990e-002
3.081750441839e-002
3.132547915034e-002
3.202629926070e-002
3.258167948248e-002
3.316604003296e-002
3.377929132199e-002
3.452554945834e-002
3.475983190814e-002
3.410161357231e-002
3.339648365009e-002
3.279628409300e-002
3.221430281777e-002
3.165133236279e-002
3.110681850735e-002
3.058256540152e-002
3.007668657429e-002
2.959079737869e-002
2.905598618373e-002
2.859859426278e-002
2.815933575631e-002
2.774053638227e-002
2.733927799568e-002
2.684472607420e-002
2.647302084771e-002
2.611872825224e-002
2.565231329940e-002
2.532696620335e-002
2.487973049095e-002
2.458283275656e-002
2.415611807839e-002
2.388701189734e-002
2.348174391810e-002
2.323813657483e-002
2.285569298363e-002
2.248315400405e-002
2.227544035328e-002
2.192519682853e-002
2.187756012696e-002
2.211755627057e-002
2.235999326095e-002
2.260631597043e-002
2.294931807223e-002
2.320842656567e-002
2.358369891764e-002
2.385508843644e-002
2.426551053440e-002
2.454850578636e-002
2.499547026044e-002
2.528826975652e-002
2.577215490559e-002
2.628618462014e-002
2.659524609782e-002
2.714667328302e-002
2.772950001482e-002
2.834351532624e-002
2.898941177760e-002
2.966667518323e-002
3.037687385769e-002
3.111554286191e-002
3.188365277524e-002
3.235873028641e-002
3.318536173505e-002
3.403201617373e-002
3.460873339743e-002
3.439597590110e-002
3.381427653984e-002
3.299307858064e-002
3.243974902512e-002
3.170900477988e-002
3.118862380005e-002
3.067547195831e-002
3.017201629781e-002
2.957998107195e-002
2.911354659402e-002
2.865801907462e-002
2.821422938082e-002
2.778290539237e-002
2.736267802306e-002
2.695618595854e-002
2.656102452082e-002
2.617871091947e-002
2.580968834332e-002
2.545255073174e-002
2.510860674710e-002
2.477646958313e-002
2.445568377053e-002
2.414744798371e-002
2.384964133247e-002
2.350001273561e-002
2.322005785389e-002
2.295096909099e-002
2.269304353624e-002
2.236444362837e-002
2.212333275379e-002
2.189152782121e-002
2.182487166974e-002
2.208140698900e-002
2.233246367094e-002
2.258994436189e-002
2.285479877529e-002
2.314249941247e-002
2.342863553447e-002
2.372159797683e-002
2.402239401143e-002
2.432962139196e-002
2.464428033920e-002
2.496485408998e-002
2.537196797979e-002
2.571547571011e-002
2.606563617571e-002
2.642161515326e-002
2.691167066940e-002
2.728918314799e-002
2.767095754755e-002
2.823354381555e-002
2.863590068750e-002
2.925642172372e-002
2.967527465111e-002
3.035650817403e-002
3.108478071575e-002
3.152975693455e-002
3.231730222084e-002
3.315307904359e-002
3.403831077528e-002
3.496975686026e-002
3.403831077528e-002
3.315307904359e-002
3.231730222084e-002
3.152975693455e-002
3.108478071575e-002
3.035650817403e-002
2.967527465111e-002
2.925642172372e-002
2.863590068750e-002
2.823354381555e-002
2.767095754755e-002
2.728918314799e-002
2.691167066940e-002
2.642161515326e-002
2.606563617571e-002
2.571547571011e-002
2.537196797979e-002
2.496485408998e-002
2.464428033920e-002
2.432962139196e-002
2.402239401143e-002
2.372159797683e-002
2.342863553447e-002
2.314249941247e-002
2.285479877529e-002
2.258994436189e-002
2.233246367094e-002
2.208140698900e-002
2.182487166974e-002
2.189152782121e-002
2.212333275379e-002
2.236444362837e-002
2.269304353624e-002
2.295096909099e-002
2.322005785389e-002
2.350001273561e-002
2.384964133247e-002
2.414744798371e-002
2.445568377053e-002
2.477646958313e-002
2.510860674710e-002
2.545255073174e-002
2.580968834332e-002
2.617871091947e-002
2.656102452082e-002
2.695618595854e-002
2.736267802306e-002
2.778290539237e-002
2.821422938082e-002
2.865801907462e-002
2.911354659402e-002
2.957998107195e-002
3.017201629781e-002
3.067547195831e-002
3.118862380005e-002
3.170900477988e-002
3.243974902512e-002
3.299307858064e-002
3.381427653984e-002
3.439597590110e-002
3.460873339743e-002
3.403201617373e-002
3.318536173505e-002
3.235873028641e-002
3.188365277524e-002
3.111554286191e-002
3.037687385769e-002
2.966667518323e-002
2.898941177760e-002
2.834351532624e-002
2.772950001482e-002
2.714667328302e-002
2.659524609782e-002
2.628618462014e-002
2.577215490559e-002
2.528826975652e-002
2.499547026044e-002
2.454850578636e-002
2.426551053440e-002
2.385508843644e-002
2.358369891764e-002
2.320842656567e-002
2.294931807223e-002
2.260631597043e-002
2.235999326095e-002
2.211755627057e-002
2.187756012696e-002
2.192519682853e-002
2.227544035328e-002
2.248315400405e-002
2.285569298363e-002
2.323813657483e-002
2.348174391810e-002
2.388701189734e-002
2.415611807839e-002
2.458283275656e-002
2.487973049095e-002
2.532696620335e-002
2.565231329940e-002
2.611872825224e-002
2.647302084771e-002
2.684472607420e-002
2.733927799568e-002
2.774053638227e-002
2.815933575631e-002
2.859859426278e-002
2.905598618373e-002
2.959079737869e-002
3.007668657429e-002
3.058256540152e-002
3.110681850735e-002
3.165133236279e-002
3.221430281777e-002
3.279628409300e-002
3.339648365009e-002
3.410161357231e-002
3.475983190814e-002
3.452554945834e-002
3.377929132199e-002
3.316604003296e-002
3.258167948248e-002
3.202629926070e-002
3.132547915034e-002
3.081750441839e-002
3.033639597990e-002
2.968183987352e-002
2.924733681835e-002
2.862603091210e-002
2.823543435571e-002
2.765040098378e-002
2.707998947302e-002
2.675329851091e-002
2.622187791292e-002
2.570804245487e-002
2.521292162217e-002
2.473743918302e-002
2.428151188614e-002
2.384499692163e-002
2.342692574138e-002
2.302789020898e-002
2.264762763502e-002
2.228514084176e-002
2.207775556251e-002
