  2.4006676e-002
  2.3707795e-002
  2.3420555e-002
  2.3144479e-002
  2.2803928e-002
  2.2545901e-002
  2.2297848e-002
  2.1974825e-002
  2.1809053e-002
  2.2056149e-002
  2.2309567e-002
  2.2570967e-002
  2.2839160e-002
  2.3115124e-002
  2.3398357e-002
  2.3688303e-002
  2.3985962e-002
  2.4290758e-002
  2.4602050e-002
  2.4986469e-002
  2.5320599e-002
  2.5660263e-002
  2.6007361e-002
  2.6473781e-002
  2.6842590e-002
  2.7215599e-002
  2.7753625e-002
  2.8147624e-002
  2.8743513e-002
  2.9156939e-002
  2.9812683e-002
  3.0242173e-002
  3.0959274e-002
  3.1724442e-002
  3.2174651e-002
  3.2998860e-002
  3.3869154e-002
  3.4787675e-002
  3.3944049e-002
  3.3072555e-002
  3.2614254e-002
  3.1798036e-002
  3.1030387e-002
  3.0310933e-002
  2.9882309e-002
  2.9224311e-002
  2.8810540e-002
  2.8212551e-002
  2.7817160e-002
  2.7276234e-002
  2.6901924e-002
  2.6532782e-002
  2.6063783e-002
  2.5716382e-002
  2.5374630e-002
  2.5040208e-002
  2.4652741e-002
  2.4340389e-002
  2.4034559e-002
  2.3735892e-002
  2.3444967e-002
  2.3160781e-002
  2.2883144e-002
  2.2614070e-002
  2.2351814e-002
  2.2096164e-002
  2.1848982e-002
  2.1960208e-002
  2.2284998e-002
  2.2532804e-002
  2.2792056e-002
  2.3133064e-002
  2.3409684e-002
  2.3697491e-002
  2.4052906e-002
  2.4358298e-002
  2.4676116e-002
  2.5005170e-002
  2.5346793e-002
  2.5700613e-002
  2.6067119e-002
  2.6445876e-002
  2.6837347e-002
  2.7242014e-002
  2.7659353e-002
  2.8088760e-002
  2.8529536e-002
  2.8983073e-002
  2.9541720e-002
  3.0033332e-002
  3.0535792e-002
  3.1046811e-002
  3.1745124e-002
  3.2292531e-002
  3.3082573e-002
  3.3662743e-002
  3.4246598e-002
  3.4743252e-002
  3.3865619e-002
  3.3004642e-002
  3.2494773e-002
  3.1692583e-002
  3.0918880e-002
  3.0175263e-002
  2.9794915e-002
  2.9114427e-002
  2.8464346e-002
  2.7847366e-002
  2.7260707e-002
  2.6944265e-002
  2.6395499e-002
  2.5878057e-002
  2.5575914e-002
  2.5096227e-002
  2.4802774e-002
  2.4361451e-002
  2.4078762e-002
  2.3674374e-002
  2.3404097e-002
  2.3034383e-002
  2.2776342e-002
  2.2521754e-002
  2.2195264e-002
  2.1953810e-002
  2.1895403e-002
  2.2092086e-002
  2.2454929e-002
  2.2828893e-002
  2.3212864e-002
  2.3457579e-002
  2.3864546e-002
  2.4134861e-002
  2.4564313e-002
  2.4862557e-002
  2.5312819e-002
  2.5640577e-002
  2.6110363e-002
  2.6467322e-002
  2.6840842e-002
  2.7340277e-002
  2.7744626e-002
  2.8167706e-002
  2.8610379e-002
  2.9073544e-002
  2.9557016e-002
  3.0104407e-002
  3.0615700e-002
  3.1146834e-002
  3.1697309e-002
  3.2267786e-002
  3.2857613e-002
  3.3534367e-002
  3.4182675e-002
  3.4710122e-002
  3.3958781e-002
  3.3334613e-002
  3.2741089e-002
  3.2175667e-002
  3.1469091e-002
  3.0951815e-002
  3.0461826e-002
  2.9801064e-002
  2.9357302e-002
  2.8729274e-002
  2.8332320e-002
  2.7740128e-002
  2.7162890e-002
  2.6830748e-002
  2.6292197e-002
  2.5773429e-002
  2.5272748e-002
  2.5017476e-002
  2.4554726e-002
  2.4110862e-002
  2.3685769e-002
  2.3279286e-002
  2.2891212e-002
  2.2678476e-002
  2.2312284e-002
  2.1963826e-002
  2.1927001e-002
  2.2136868e-002
  2.2499538e-002
  2.2880009e-002
  2.3097511e-002
  2.3501732e-002
  2.3924481e-002
  2.4366762e-002
  2.4827926e-002
  2.5308931e-002
  2.5809871e-002
  2.6328882e-002
  2.6640664e-002
  2.7199532e-002
  2.7552018e-002
  2.8150551e-002
  2.8763813e-002
  2.9184302e-002
  2.9832975e-002
  3.0300196e-002
  3.0795996e-002
  3.1496198e-002
  3.2041446e-002
  3.2615288e-002
  3.3221663e-002
  3.3977890e-002
  3.4630268e-002
  3.4740162e-002
  3.4076932e-002
  3.3365796e-002
  3.2761122e-002
  3.2174905e-002
  3.1606687e-002
  3.1059622e-002
  3.0531781e-002
  2.9978808e-002
  2.9477293e-002
  2.8996846e-002
  2.8537648e-002
  2.8097723e-002
  2.7678290e-002
  2.7169222e-002
  2.6779785e-002
  2.6407606e-002
  2.5927412e-002
  2.5586523e-002
  2.5123964e-002
  2.4812864e-002
  2.4517277e-002
  2.4089997e-002
  2.3672633e-002
  2.3417137e-002
  2.3022155e-002
  2.2791759e-002
  2.2420274e-002
  2.2059093e-002
  2.1943385e-002
  2.2257770e-002
  2.2508681e-002
  2.2761535e-002
  2.3119226e-002
  2.3385489e-002
  2.3654612e-002
  2.4056806e-002
  2.4338235e-002
  2.4776299e-002
  2.5068366e-002
  2.5544489e-002
  2.6050261e-002
  2.6360553e-002
  2.6904263e-002
  2.7480953e-002
  2.8088551e-002
  2.8415496e-002
  2.9059496e-002
  2.9735801e-002
  3.0442553e-002
  3.1177440e-002
  3.1618088e-002
  3.2415107e-002
  3.2920668e-002
  3.3774684e-002
  3.4647900e-002
  3.4498806e-002
  3.3619611e-002
  3.3043050e-002
  3.2259373e-002
  3.1715228e-002
  3.1177683e-002
  3.0513386e-002
  3.0014911e-002
  2.9525987e-002
  2.9047652e-002
  2.8581895e-002
  2.8081467e-002
  2.7654266e-002
  2.7239033e-002
  2.6836376e-002
  2.6445876e-002
  2.6068973e-002
  2.5703330e-002
  2.5351223e-002
  2.5011235e-002
  2.4682899e-002
  2.4316876e-002
  2.4006676e-002
