  2.2474318e-002
  2.2735366e-002
  2.3003909e-002
  2.3278670e-002
  2.3561396e-002
  2.3849962e-002
  2.4145322e-002
  2.4500347e-002
  2.4817826e-002
  2.5141260e-002
  2.5471645e-002
  2.5902441e-002
  2.6254844e-002
  2.6613054e-002
  2.6975160e-002
  2.7490627e-002
  2.7873709e-002
  2.8443728e-002
  2.8845227e-002
  2.9473707e-002
  3.0145826e-002
  3.0577600e-002
  3.1311046e-002
  3.1751856e-002
  3.2541926e-002
  3.3378867e-002
  3.4262326e-002
  3.4211311e-002
  3.3328221e-002
  3.2491684e-002
  3.2040436e-002
  3.1260971e-002
  3.0529186e-002
  3.0097242e-002
  2.9426705e-002
  2.9009754e-002
  2.8399170e-002
  2.7830510e-002
  2.7447338e-002
  2.7069360e-002
  2.6694673e-002
  2.6215517e-002
  2.5863042e-002
  2.5517245e-002
  2.5104595e-002
  2.4781932e-002
  2.4465207e-002
  2.4155136e-002
  2.3851564e-002
  2.3555905e-002
  2.3267143e-002
  2.2985838e-002
  2.2712492e-002
  2.2446112e-002
  2.2187188e-002
  2.1935468e-002
  2.1837679e-002
  2.2069193e-002
  2.2391753e-002
  2.2640880e-002
  2.2900031e-002
  2.3239210e-002
  2.3515646e-002
  2.3803265e-002
  2.4155627e-002
  2.4459860e-002
  2.4775616e-002
  2.5103375e-002
  2.5442745e-002
  2.5794191e-002
  2.6158195e-002
  2.6533354e-002
  2.6921033e-002
  2.7321699e-002
  2.7732769e-002
  2.8156616e-002
  2.8592598e-002
  2.9038883e-002
  2.9495679e-002
  2.9962043e-002
  3.0565309e-002
  3.1067360e-002
  3.1751358e-002
  3.2287427e-002
  3.2828104e-002
  3.3624998e-002
  3.4194236e-002
  3.4304314e-002
  3.3443521e-002
  3.2919358e-002
  3.2113019e-002
  3.1331108e-002
  3.0904471e-002
  3.0183383e-002
  2.9492090e-002
  2.8830477e-002
  2.8199337e-002
  2.7600229e-002
  2.7031421e-002
  2.6719140e-002
  2.6187858e-002
  2.5685945e-002
  2.5388300e-002
  2.4923784e-002
  2.4636163e-002
  2.4207919e-002
  2.3805501e-002
  2.3538189e-002
  2.3273597e-002
  2.2914095e-002
  2.2662014e-002
  2.2334183e-002
  2.2095039e-002
  2.1858225e-002
  2.1809191e-002
  2.2152678e-002
  2.2507084e-002
  2.2721489e-002
  2.3097055e-002
  2.3482524e-002
  2.3732078e-002
  2.4138947e-002
  2.4414487e-002
  2.4841975e-002
  2.5144057e-002
  2.5460221e-002
  2.5920064e-002
  2.6265346e-002
  2.6742098e-002
  2.7115864e-002
  2.7507973e-002
  2.7917219e-002
  2.8346474e-002
  2.8867155e-002
  2.9324359e-002
  2.9800380e-002
  3.0295996e-002
  3.0810811e-002
  3.1345554e-002
  3.1899710e-002
  3.2472645e-002
  3.3063594e-002
  3.3672998e-002
  3.4298510e-002
  3.3889287e-002
  3.3281397e-002
  3.2554568e-002
  3.1992256e-002
  3.1459242e-002
  3.0953018e-002
  3.0283868e-002
  2.9823853e-002
  2.9185406e-002
  2.8771377e-002
  2.8166241e-002
  2.7796435e-002
  2.7228305e-002
  2.6676202e-002
  2.6366592e-002
  2.5852796e-002
  2.5356717e-002
  2.4880246e-002
  2.4421650e-002
  2.3982566e-002
  2.3562024e-002
  2.3159866e-002
  2.2776638e-002
  2.2410616e-002
  2.2203344e-002
  2.1859191e-002
  2.1971482e-002
  2.2179967e-002
  2.2540951e-002
  2.2919634e-002
  2.3136259e-002
  2.3537719e-002
  2.3957528e-002
  2.4396676e-002
  2.4854492e-002
  2.5331921e-002
  2.5828123e-002
  2.6342071e-002
  2.6651222e-002
  2.7203498e-002
  2.7771843e-002
  2.8142189e-002
  2.8747615e-002
  2.9162232e-002
  2.9802202e-002
  3.0262894e-002
  3.0749469e-002
  3.1439557e-002
  3.1974624e-002
  3.2537800e-002
  3.3131668e-002
  3.3877042e-002
  3.4515796e-002
  3.4473201e-002
  3.3741917e-002
  3.3130876e-002
  3.2538316e-002
  3.1962541e-002
  3.1406869e-002
  3.0870649e-002
  3.0353233e-002
  2.9806075e-002
  2.9315465e-002
  2.8845444e-002
  2.8395144e-002
  2.7964765e-002
  2.7552422e-002
  2.7050871e-002
  2.6668896e-002
  2.6304792e-002
  2.5831228e-002
  2.5496843e-002
  2.5178188e-002
  2.4736078e-002
  2.4446166e-002
  2.4024988e-002
  2.3612651e-002
  2.3362110e-002
  2.2972451e-002
  2.2745857e-002
  2.2379241e-002
  2.2022690e-002
  2.1865817e-002
  2.2102775e-002
  2.2421861e-002
  2.2671565e-002
  2.3022306e-002
  2.3285130e-002
  2.3551513e-002
  2.3945913e-002
  2.4223529e-002
  2.4653079e-002
  2.4941889e-002
  2.5408739e-002
  2.5706774e-002
  2.6211216e-002
  2.6746152e-002
  2.7058933e-002
  2.7629665e-002
  2.8232914e-002
  2.8866286e-002
  2.9531380e-002
  3.0226356e-002
  3.0951334e-002
  3.1703778e-002
  3.2481905e-002
  3.2977056e-002
  3.3808578e-002
  3.4369359e-002
  3.4522484e-002
  3.3654651e-002
  3.3085210e-002
  3.2309127e-002
  3.1771315e-002
  3.1239754e-002
  3.0580674e-002
  3.0085230e-002
  2.9600266e-002
  2.9125652e-002
  2.8599023e-002
  2.8162893e-002
  2.7736857e-002
  2.7323695e-002
  2.6922984e-002
  2.6533354e-002
  2.6156331e-002
  2.5792368e-002
  2.5440071e-002
  2.5099888e-002
  2.4729611e-002
  2.4407326e-002
  2.4096025e-002
  2.3796881e-002
  2.3508609e-002
  2.3162000e-002
  2.2891809e-002
  2.2632084e-002
  2.2383123e-002
  2.2059374e-002
  2.1827349e-002
  2.1973014e-002
  2.2220514e-002
  2.2474318e-002
