




-0.034267944
-0.034267944
-0.036515767
-0.03876359
-0.038874997
-0.038986404
-0.038527916
-0.038069428
-0.0372016455
-0.036333863
-0.0355350115
-0.03473616
-0.0337843005
-0.032832441
-0.031728422
-0.030624403
-0.0290940505
-0.027563698
-0.026165889
-0.02476808
-0.0232165345
-0.021664989
-0.019938142
-0.018211295
-0.0162790215
-0.014346748
-0.0121676356
-0.0099885232
-0.00721449205
-0.0044404609
-0.00146628405
0.0015078928
0.0050862654
0.008664638
0.0131015885
0.017538539
0.0231849985
0.028831458
0.0361526135
0.043473769
0.0530223085
0.062570848
0.079452905
0.096334962
0.113109811
0.12988466
0.15514432
0.18040398
0.18697884
0.1935537
0.18089387
0.16823404
0.15161213
0.13499022
0.12137307
0.10775592
0.0965446445
0.085333369
0.0790714815
0.072809594
0.0682877635
0.063765933
0.0603594305
0.056952928
0.054600752
0.052248576
0.050659707
0.049070838
0.0480541365
0.047037435
0.046461833
0.045886231
0.0456568075
0.045427384
0.0455974515
0.045767519
0.0464636235
0.047159728
0.047944934
0.04873014
0.049710293
0.050690446
0.0526792165
0.054667987
0.0573156015
0.059963216
0.0632655555
0.066567895
0.0703759855
0.074184076
0.0780828205
0.081981565
0.085330225
0.088678885
0.090371308
0.092063731
0.0872676045
0.082471478
0.075818204
0.06916493
0.0641949255
0.059224921
0.0546544625
0.050084004
0.0460239645
0.041963925
0.038404177
0.034844429
0.0317283835
0.028612338
0.0258763645
0.023140391
0.0207015475
0.018262704
0.0160519965
0.013841289
0.01179211945
0.0097429499
0.00779563005
0.0058483102
0.00395644715
0.0020645841
-5.81053E-5
-0.0021807947
-0.0041338593
-0.0060869239
-0.00814419345
-0.010201463
-0.014676155
-0.0171598185
-0.019643482
-0.0224639755
-0.025284469
-0.028550825
-0.031817181
-0.035640656
-0.039464131
-0.043971833
-0.048479535
-0.053752819
-0.059026103
-0.065074643
-0.071123183
-0.0777251115
-0.08432704
-0.09336647
-0.1024059
-0.10863646
-0.11486702
-0.12095892
-0.12705082
-0.122929485
-0.11880815
-0.10704579
-0.09528343
-0.0850338085
-0.074784187
-0.0696046115
-0.064425036
-0.057509036
-0.050593036
-0.046943219
-0.043293402
-0.03896296
-0.034632518
-0.032127026
-0.029621534
-0.0267601475
-0.023898761
-0.022072963
-0.020247165
-0.0185891155
-0.016931066
-0.0149955245
-0.013059983
-0.0116222555
-0.010184528
-0.0087508814
-0.0073172348
-0.00582829445
-0.0043393541
-0.00230047669
-0.00026159928
0.00168155681
0.0036247129
0.006028039
0.0084313651
0.01159657605
0.014761787
0.0208893375
0.027016888
0.0352021625
0.043387437
0.058020928
0.072654419
0.1343345445
0.19601467
0.33525824
0.47450181
0.50595445
0.53740709
0.37371618
0.21002527
0.145999134
0.081972998
0.0619089
0.041844802
0.0330794975
0.024314193
0.0195789925
0.014843792
0.01190641415
0.0089690363
0.0069477393
0.0049264423
0.00401631065
0.003106179
0.0017890724
0.0004719658
-0.0006169505
-0.0017058668
-0.0026655296
-0.0036251924
-0.0041383418
-0.0046514912
-0.00551850155
-0.0063855119
-0.0072507846
-0.0081160573
-0.0090133469
-0.0099106365
-0.01043229725
-0.010953958
-0.011958787
-0.012963616
-0.0140900975
-0.015216579
-0.0165037985
-0.017791018
-0.0192913345
-0.020791651
-0.0213188895
-0.021846128
-0.0209174255
-0.019988723
-0.018946696
-0.017904669
-0.016752827
-0.015600985
-0.0143323205
-0.013063656
-0.012297149
-0.011530642
-0.0100530625
-0.008575483
-0.0069440137
-0.0053125444
-0.00348891775
-0.0016652911
0.00039586285
0.0024570168
0.0037751461
0.0050932754
0.0076690602
0.010244845
0.013268562
0.016292279
0.01988695
0.023481621
0.025694234
0.027906847
0.032507891
0.037108935
0.042423773
0.047738611
0.053533164
0.059327717
0.064995619
0.070663521
0.0737671495
0.076870778
0.0804831855
0.084095593
0.085255684
0.086415775
0.086285727
0.086155679
0.0835067685
0.080857858
0.076158198
0.071458538
0.068405616
0.065352694
0.063064815
0.060776936
0.059129009
0.057481082
0.056229527
0.054977972
0.0543672805
0.053756589
0.05356078
0.053364971
0.053525136
0.053685301
0.0544359765
0.055186652
0.056085658
0.056984664
0.058899257
0.06081385
0.0623639145
0.063913979
0.0670309805
0.070147982
0.0740146345
0.077881287
0.082197302
0.086513317
0.0906185225
0.094723728
0.0969410955
0.099158463
0.1008975315
0.1026366
0.103382745
0.10412889
0.103278845
0.1024288
0.1003536335
0.098278467
0.0952452745
0.092212082
0.0886616935
0.085111305
0.080470985
0.075830665
0.072129153
0.068427641
0.065143556
0.061859471
0.0547197315
0.047579992
0.0440407385
0.040501485
0.036351969
0.032202453
0.0302571595
0.028311866
0.0257665945
0.023221323
0.0212641485
0.019306974
0.017775222
0.01624347
0.0155431665
0.014842863
0.013756083
0.012669303
0.0117706285
0.010871954
0.01011445005
0.0093569461
0.00870398595
0.0080510258
0.0074781482
0.0069052706
0.006389947
0.0058746234
0.00540115765
0.0049276919
0.00447968125
0.0040316706
0.003593893
0.0031561154
0.0027167827
0.00227745
0.0018193614
0.0013612728
0.000862228445
0.00036318409
-0.000203138695
-0.00076946148
-0.0021113823
-0.0029500697
-0.0037887571
-0.0048988259
-0.0060088947
-0.0075689319
-0.0091289691
-0.01150669555
-0.013884422
-0.0178887365
-0.021893051
-0.02970724
-0.037521429
-0.056494955
-0.075468481
-0.1394196005
-0.20337072
-0.37079934
-0.53822796
-0.6584214
-0.77861484
-0.47644295
-0.17427106
-0.1304219855
-0.086572911
-0.0692673705
-0.05196183
-0.0434795365
-0.034997243
-0.0295402575
-0.024083272
-0.0211965695
-0.018309867
-0.0163484015
-0.014386936
-0.0129769445
-0.011566953
-0.01030151975
-0.0090360865
-0.0082532121
-0.0074703377
-0.00683900425
-0.0062076708
-0.0056857007
-0.0051637306
-0.0046159268
-0.004068123
-0.0036950101
-0.0033218972
-0.0029882672
-0.0026546372
-0.00235035145
-0.0020460657
-0.0016845163
-0.0013229669
-0.00105173118
-0.00078049546
-0.00051258124
-0.00024466702
2.6883695E-5
0.00029843441
0.000661557505
0.0010246806
0.0013310527
0.0016374248
0.0019741008
0.0023107768
0.00280477375
0.0032987707
0.00375953405
0.0042202974
0.0047739519
0.0053276064
0.00601443485
0.0067012633
0.00783480545
0.0089683476
0.0102285863
0.011488825
0.013267225
0.015045625
0.0177341435
0.020422662
0.024887226
0.02935179
0.037900497
0.046449204
0.0675764295
0.088703655
0.1717778425
0.25485203
0.702962015
1.151072
0.689960595
0.22884919
0.1493792935
0.069909397
0.0562484
0.042587403
0.03170685
0.020826297
0.015533616
0.010240935
0.00711084585
0.0039807567
0.001843320675
-0.00029411535
-0.001936769825
-0.0035794243
-0.004358627
-0.0051378297
-0.0064696935
-0.0078015573
-0.00908860965
-0.010375662
-0.0117008625
-0.013026063
-0.014462721
-0.015899379
-0.0168099115
-0.017720444
-0.019496952
-0.02127346
-0.0233725715
-0.025471683
-0.026976941
-0.028482199
-0.0313750715
-0.034267944
