




0.027951597
0.027951597
0.035022706
0.042093815
0.0512375565
0.060381298
0.076134674
0.09188805
0.10761426
0.12334047
0.14798398
0.17262749
0.18161255
0.19059761
0.186564345
0.18253108
0.16533895
0.14814682
0.1295219
0.11089698
0.1012967565
0.091696533
0.084562356
0.077428179
0.0722506825
0.067073186
0.0633586245
0.059644063
0.057001727
0.054359391
0.0525029285
0.050646466
0.047739935
0.046997744
0.046255553
0.045899673
0.045543793
0.0455020305
0.045460268
0.0458412685
0.046222269
0.046785734
0.047349199
0.0486074115
0.049865624
0.0517250625
0.053584501
0.0549806405
0.05637678
0.0591806825
0.061984585
0.0653804465
0.068776308
0.072546349
0.07631639
0.0800159605
0.083715531
0.0867406315
0.089765732
0.090066443
0.090367154
0.0840200705
0.077672987
0.072762887
0.067852787
0.0631078295
0.058362872
0.053971103
0.049579334
0.0456459585
0.041712583
0.03824115
0.034769717
0.031717742
0.028665767
0.025963272
0.023260777
0.0208441435
0.01842751
0.0162311955
0.014034881
0.0119899942
0.0099451074
0.0080081679
0.0060712284
0.00418249455
0.0022937607
0.00040437015
-0.0014850204
-0.00367025
-0.0058554796
-0.0079158018
-0.009976124
-0.0122149415
-0.014453759
-0.019446454
-0.022296082
-0.02514571
-0.0284576625
-0.031769615
-0.035680865
-0.039592115
-0.044236556
-0.048880997
-0.0543895155
-0.059898034
-0.0662424005
-0.072586767
-0.0795717455
-0.086556724
-0.096149287
-0.10574185
-0.111950405
-0.11815896
-0.12185185
-0.12554474
-0.11869248
-0.11184022
-0.0998889395
-0.087937659
-0.078190764
-0.068443869
-0.063537519
-0.058631169
-0.052363052
-0.046094935
-0.0427323705
-0.039369806
-0.0354629345
-0.031556063
-0.0292453655
-0.026934668
-0.0243017105
-0.021668753
-0.019950696
-0.018232639
-0.0166536395
-0.01507464
-0.0135845595
-0.012094479
-0.01028735875
-0.0084802385
-0.0070217251
-0.0055632117
-0.00400582295
-0.0024484342
-0.0006985244
0.0010513854
0.0037025276
0.0063536698
0.0091620439
0.011970418
0.015836834
0.01970325
0.0277232695
0.035743289
0.0471735845
0.05860388
0.08059116
0.10257844
0.33827027
0.50293398
0.66759769
0.62386536
0.58013303
0.422035255
0.26393748
0.18298144
0.1020254
0.076132647
0.050239894
0.0441437485
0.038047603
0.0303981455
0.022748688
0.0200728155
0.017396943
0.0140245905
0.010652238
0.0083945827
0.0061369274
0.00513856615
0.0041402049
0.0027188949
0.0012975849
0.00078342237
0.00026925984
-0.00037062188
-0.0010105036
-0.0020051001
-0.0029996966
-0.0039077087
-0.0048157208
-0.0053148987
-0.0058140766
-0.0066775778
-0.007541079
-0.00842698625
-0.0093128935
-0.01025641125
-0.011199929
-0.011750888
-0.012301847
-0.0133908685
-0.01447989
-0.015720556
-0.016961222
-0.0184020105
-0.019842799
-0.021092097
-0.022341395
-0.021437253
-0.020533111
-0.019512808
-0.018492505
-0.017360544
-0.016228583
-0.014983964
-0.013739345
-0.0123759755
-0.011012606
-0.0101776194
-0.0093426328
-0.0061497957
-0.00437469685
-0.002599598
-0.0006014921
0.0013966138
0.00368071965
0.0059648255
0.0074291246
0.0088934237
0.01177635135
0.014659279
0.0180697505
0.021480222
0.025533925
0.029587628
0.034385477
0.039183326
0.044704629
0.050225932
0.0561469275
0.062067923
0.067677669
0.073287415
0.07625671
0.079226005
0.082273374
0.085320743
0.0859839895
0.086647236
0.085940878
0.08523452
0.0805683015
0.075902083
0.072342982
0.068783881
0.066054499
0.063325117
0.06131492
0.059304723
0.057733895
0.056163067
0.0552690705
0.054375074
0.053940397
0.05350572
0.0534599375
0.053414155
0.0537035855
0.053993016
0.0549167145
0.055840413
0.0568455015
0.05785059
0.0599273265
0.062004063
0.063619897
0.065235731
0.0684676475
0.071699564
0.0756026175
0.079505671
0.0837370215
0.087968372
0.09186574
0.095763108
0.099885727
0.1017550785
0.10362443
0.103855905
0.10408738
0.1032021
0.10231682
0.1003092725
0.098301725
0.095397328
0.092492931
0.0890929515
0.085692972
0.0821402235
0.078587475
0.074039753
0.069492031
0.066231485
0.062970939
0.058343197
0.053715455
0.047866021
0.042016587
0.039166665
0.036316743
0.032817322
0.029317901
0.026668493
0.024019085
0.0227926745
0.021566264
0.019821624
0.018076984
0.016690792
0.0153046
0.0141821325
0.013059665
0.012131109
0.011202553
0.0104220829
0.0096416128
0.00897275845
0.0083039041
0.00771735195
0.0071307998
0.00660527945
0.0060797591
0.0055991065
0.0051184539
0.004667249
0.0042160441
0.00377889885
0.0033417536
0.00290336755
0.0024649815
0.0020124114
0.0015598413
0.00107197598
0.00058411066
3.5071715E-5
-0.00051396723
-0.001158763765
-0.0018035603
-0.003396347
-0.00443985775
-0.0054833685
-0.0069299455
-0.0083765225
-0.01054709725
-0.012717672
-0.016304531
-0.01989139
-0.026687355
-0.03348332
-0.049420012
-0.065356704
-0.088571162
-0.11178562
-0.29000397
-0.46822232
-0.436360345
-0.40449837
-0.26742197
-0.13034557
-0.0985806525
-0.066815735
-0.054273259
-0.041730783
-0.0353488485
-0.028966914
-0.025197671
-0.021428428
-0.0189807575
-0.016533087
-0.014526648
-0.012520209
-0.0113398985
-0.010159588
-0.0092566448
-0.0083537016
-0.00763798315
-0.0069222647
-0.00620997775
-0.0054976908
-0.0050279883
-0.0045582858
-0.00415421895
-0.0037501521
-0.00339562115
-0.0030410902
-0.00263848175
-0.0022358733
-0.00194451365
-0.001653154
-0.0013760833
-0.0010990126
-0.00082985257
-0.00056069254
-0.000216764855
0.00012716283
0.000404060605
0.00068095838
0.00097459159
0.0012682248
0.0015867046
0.0019051844
0.0023618159
0.0028184474
0.0036545842
0.0041499294
0.0046452746
0.0052486796
0.0058520846
0.0068278271
0.0078035696
0.0088542666
0.0099049636
0.0113442248
0.012783486
0.01487022
0.016956954
0.0202270295
0.023497105
0.0304685325
0.03743996
0.050049284
0.062658608
0.096975779
0.13129295
0.243456635
0.35562032
0.69599556
1.0363708
0.655915
0.2754592
0.19779411
0.12012902
0.0844769975
0.048824975
0.0362496925
0.02367441
0.0177432715
0.011812133
0.00840027035
0.0049884077
0.0036615835
0.0023347593
0.0004085433
-0.0015176727
-0.00305963985
-0.004601607
-0.00595470735
-0.0073078077
-0.0080201848
-0.0087325619
-0.01003802995
-0.011343498
-0.0127189925
-0.014094487
-0.0156159835
-0.01713748
-0.0181245385
-0.019111597
-0.021054153
-0.022996709
-0.0253243135
-0.027651918
-0.029371668
-0.031091418
-0.0343902505
-0.037689083
-0.039442418
-0.038849243
-0.038256068
-0.037656897
-0.037057726
-0.036018716
-0.034979706
-0.0340345415
-0.033089377
-0.031988874
-0.030888371
-0.029355043
-0.027821715
-0.0264214925
-0.02502127
-0.023465767
-0.021910264
-0.02018225
-0.018454236
-0.0165249465
-0.014595657
-0.0124205905
-0.010245524
-0.0077588936
-0.0052722632
-0.0020513479
0.0011695674
0.0047029798
0.0082363922
0.0125933891
0.016950386
0.0224509915
0.027951597
