




0.06241421755749
0.05953420480294
0.05665419204839
0.04873884084643
0.04157354057581
0.03985724334504
0.03814094611427
0.03311778734796
0.02912219000268
0.027968061304415
0.02681393260615
0.02388965400232
0.02205868045904
0.020962682299995
0.01986668414095
0.01802714936064
0.017369627347145
0.01671210533365
0.01526378389176
0.01418357932451
0.01360745916834
0.01303133901217
0.01212351687014
0.01118338126179
0.01079799438865
0.01041260751551
0.009629246137354
0.008959967017418
0.008626527568448
0.008293088119478
0.00770198491754
0.007121170777712
0.006856855603794
0.006592540429876
0.006073931235708
0.005588680589906
0.0053522153943165
0.005115750198727
0.004657581056319
0.004210903986029
0.003990445832628
0.003769987679227
0.0033367327918
0.00289783023436
0.002680142093698
0.002462453953036
0.002009240795416
0.0017832255461
0.001557210296784
0.001073122245943
0.0005812709323929
0.000311601601858625
4.193227132435E-5
-0.0005139672262326
-0.001142060109306
-0.0014746743343035
-0.001807288559301
-0.002570114929859
-0.003405470200751
-0.003892429995682
-0.004379389790613
-0.005489233754429
-0.006815394897452
-0.007603940474964
-0.008392486052476
-0.01031403480632
-0.01275261649505
-0.01426085862083
-0.01576910074661
-0.01998461082672
-0.02528888582941
-0.02953975689107
-0.03379062795273
-0.04467273760416
-0.06668206747674
-0.09146429059782
-0.1162465137189
-0.18092159166
-0.5532196955945
-0.85541668038975
-1.157613665185
-0.3152219782446
-0.2158635451597
-0.1165051120748
-0.06241290037316
-0.03977807251481
-0.03384542599807
-0.02791277948133
-0.02077598378431
-0.01610848685703
-0.014470279377855
-0.01283207189868
-0.01223392719112
-0.009947818671973
-0.009067820409729
-0.008187822147485
-0.006793657662561
-0.005652476244178
-0.0055119278749315
-0.005371379505685
-0.004473494585372
-0.003677804476607
-0.0033254986726775
-0.002973192868748
-0.002339212391358
-0.002176707206378
-0.0018869534097235
-0.001597199613069
-0.001047047217288
-0.0005094104036972
-0.0003173607093067
-0.0001253110149162
0.0001792214199966
0.00045818248057615
0.0007371435411557
0.001327858731553
0.001969925995482
0.0020933838902095
0.002216841784937
0.002895548363126
0.003745956147405
0.004251014890546
0.004756073633687
0.005985127169842
0.006346347176771
0.0071679241663955
0.00798950115602
0.01015910927001
0.01314337555508
0.01533192436932
0.01752047318356
0.01967432279903
0.02615691572614
0.03281524816469
0.03947358060324
0.06763909984538
0.1498844786457
0.29474126431005
0.4395980499744
1.166140034102
0.8453003417531
0.5478679337492
0.2504355257453
0.1622219914054
0.120717464199655
0.07921293699391
0.04774279073415
0.03472715401995
0.029019391844755
0.02331162966956
0.0172082544905
0.01165281854786
0.0099198356138885
0.008186852679917
0.004890086668632
0.002471985775804
0.00142190144807095
0.0003718171203379
-0.001571910551435
-0.003049088499344
-0.0038489626729665
-0.004648836846589
-0.00590920332635
-0.007357266503606
-0.007941449907075
-0.008525633310544
-0.009945592680717
-0.0110983607532
-0.01184325640404
-0.01258815205488
-0.0140665716856
-0.01542987102467
-0.0163280412371
-0.01722621144953
-0.01862035289763
-0.019680802179585
-0.02074125146154
-0.0223126610374
-0.02488186532738
-0.026365744379985
-0.02784962343259
-0.02985756809746
-0.03359344446049
-0.035655013050125
-0.03771658163976
-0.03967567571573
-0.03906839774785
-0.038614008590955
-0.03815961943406
-0.03771738119608
-0.03641268768474
-0.035602905171525
-0.03479312265831
-0.03301071827779
-0.03229209729653
-0.031167304955675
-0.03004251261482
-0.02750195557837
-0.0246542510538
-0.02307623919399
-0.02149822733418
-0.01879667945668
-0.01748199901807
-0.015519025833795
-0.01355605264952
-0.009110494211494
-0.003990653070321
-0.000975519393153
0.002039614284015
0.00929221576486
0.01377658565906
0.01826095555326
0.02959005851309
0.04411765435582
0.04569793767451
0.0472782209932
0.06814029666129
0.09491573296246
0.11053057345223
0.126145413942
0.1426101746884
0.173891370064
0.18232029813925
0.1907492262145
0.193610677329
0.1737583539892
0.16211677102795
0.1504751880667
0.1204711001847
0.09723177882241
0.08999417088923
0.08275656295605
0.07895930484252
0.06827834776022
0.064420265310185
0.06056218286015
0.05504342655952
0.05274877237707
0.051726050722205
0.05070332906734
0.04807591924212
0.047265466892095
0.04645501454207
0.045623045379
0.04543300709176
0.045465857482055
0.04549870787235
0.0460524821394
0.04708190765368
0.047492381386
0.04790285511832
0.04943808476183
0.05151734966025
0.05224701281581
0.05297667597137
0.05568637562931
0.05860371990405
0.05985495268638
0.06110618546871
0.06445141827372
0.06774524564986
0.06949627547347
0.07124730529708
0.07521028343857
0.07848214334951
0.08059236579941
0.08270258824931
0.08698813612895
0.08901929604095
0.09060818182812
0.09219706761529
0.08242761183064
0.07878247832986
0.07513734482908
0.06960388531294
0.05990669961945
0.05541935120137
0.05093200278329
0.04285966781484
0.03574858311023
0.03262471334811
0.02950084358599
0.02398899920317
0.01906947697197
0.016839217975165
0.01460895897836
0.01047690006452
0.006574028860513
0.005711409543535
0.004848790226557
0.002330431198275
-0.001447994569719
-0.0033877455705935
-0.005327496571468
-0.009406291299276
-0.01382518608905
-0.01627603032377
-0.01872687455849
-0.02430788774286
-0.03074976096132
-0.034546287180205
-0.03834281339909
-0.04735113130086
-0.05267336998532
-0.05799560866978
-0.07031679599238
-0.08398072636066
-0.09095406235057
-0.09792739834048
-0.1028558224341
-0.115823929638
-0.1201538771894
-0.1244838247408
-0.1277391334324
-0.1154283701609
-0.10907678464945
-0.102725199138
-0.09114045150954
-0.07880410381189
-0.07485502182373
-0.07090593983557
-0.06074364304801
-0.05254611266753
-0.050097040601045
-0.04764796853456
-0.04067913175652
-0.03464620221883
-0.033590284351345
-0.03253436648386
-0.02777212846883
-0.02359407411176
-0.02207982736324
-0.02056558061472
-0.01883451157435
-0.01562722766642
-0.014124907026595
-0.01262258638677
-0.009718820790439
-0.0091698753435295
-0.00862092989662
-0.006087483272524
-0.00301529608833
-0.00130777169311615
0.0003997527020977
0.004406779225847
0.006647126350933
0.0087586080905065
0.01087008983008
0.0181136907206
0.02863144011508
0.036901236803435
0.04517103349179
0.05314173551107
0.09103396998732
0.12973482406601
0.1684356781447
0.2693272887098
0.5700776201619
0.60684435441235
0.6436110886628
0.2786611455128
0.1606513204003
0.1319866534176
0.1033219864349
0.06979482856356
0.05027768406929
0.044121122615965
0.03796456116264
0.02851664674409
0.02526370823641
0.02201076972873
0.01730791390232
0.01316079406577
0.011867239857115
0.01057368564846
0.007819472963404
0.006078714292022
0.0050814130757375
0.004084111859453
0.002705087717742
0.001251753429447
0.000565876937101
-0.000119999555245
-0.001046113497159
-0.00221409287724
-0.002623061255686
-0.003032029634132
-0.004082711149033
-0.004945416768538
-0.0053915846136705
-0.005837752458803
-0.006815586792185
-0.007565052109989
-0.0080564683837205
-0.008547884657452
-0.00933441072157
-0.01036139124333
-0.01079032532914
-0.01121925941495
-0.01231813082248
-0.012864129865235
-0.01341012890799
-0.01449353105649
-0.01576281285816
-0.016364604796105
-0.01696639673405
-0.01839970259604
-0.01983681681463
-0.020657968851615
-0.0214791208886
-0.02234774941129
-0.02149932399045
-0.02102515331268
-0.02055098263491
-0.01961704099038
-0.01852408275003
-0.0180165040071
-0.01750892526417
-0.01627166233087
-0.01498228649904
-0.014388852482775
-0.01379541846651
-0.01230085437821
-0.011078411974
-0.010247643897286
-0.009416875820572
-0.008089763514195
-0.006236538679633
-0.0054218921045585
-0.004607245529484
-0.002701293798227
-0.0015801681565042
-0.0004590425147814
0.001283697712124
0.003824468273327
0.0048312453635965
0.005838022453866
0.008757239733745
0.01156778114107
0.01304555257971
0.01452332401835
0.01817135402546
0.02133527975472
0.02345213342541
0.0255689870961
0.02947251863655
0.03429978848758
0.03670540170838
0.03911101492918
0.0444352644897
0.05024167638438
0.052975988547685
0.05571030071099
0.06224230986843
0.0671436746204
0.070353925243505
0.07356417586661
0.07954957444651
0.08207618207343
0.083798034070035
0.08551988606664
0.08663536478639
0.0862724712922
0.08504551015343
0.08381854901466
0.07493743585242
0.07145062011833
0.06796380438424
0.06267970364457
0.0588011500159
0.057455527292435
0.05610990456897
0.05440936909817
0.05385046378029
0.05364354437125
0.05343662496221
0.05347418692564
0.05417519864589
0.05465756540763
0.05513993216937
0.05621587924022
0.05834515770299
0.05947798501057
0.06061081231815
0.06272581855138
0.06606684648849
0.067429406503335
0.06879196651818
0.0727430589577
0.07650841306301
0.078607068643785
0.08070572422456
0.08536561745833
0.0891674066457
0.091605480428195
0.09404355421069
0.09674282192655
0.098699681431975
0.1006565409374
0.1033934706441
0.1041422119756
0.1040432963442
0.1039443807128
0.1018119281665
0.09752469678237
0.094567856674965
0.09161101656756
0.08480033897413
0.08105343948928
0.07848136533426
0.07590929117924
0.06882157226648
