




0.065617894911985
0.06241421755749
0.05557652920196
0.04873884084643
0.04515619071112
0.04157354057581
0.037345663961885
0.03311778734796
0.029965859977055
0.02681393260615
0.025351793304235
0.02388965400232
0.021878169071635
0.01986668414095
0.0182893947373
0.01671210533365
0.01544784232908
0.01418357932451
0.01360745916834
0.01303133901217
0.01210736013698
0.01118338126179
0.010406313699572
0.009629246137354
0.008961167128416
0.008293088119478
0.007707129448595
0.007121170777712
0.00659755100671
0.006073931235708
0.0055948407172175
0.005115750198727
0.004663327092378
0.004210903986029
0.0037738183889145
0.0033367327918
0.002899593372418
0.002462453953036
0.00200983212491
0.001557210296784
0.00106924061458845
0.0005812709323929
3.365185308015E-5
-0.0005139672262326
-0.0011606278927668
-0.001807288559301
-0.002606379380026
-0.003405470200751
-0.00444735197759
-0.005489233754429
-0.0069408599034525
-0.008392486052476
-0.010572551273763
-0.01275261649505
-0.016368613660885
-0.01998461082672
-0.026887619389725
-0.03379062795273
-0.050236347714735
-0.06668206747674
-0.12380182956837
-0.18092159166
-0.36707064362725
-0.5532196955945
-1.157613665185
-0.7364178217148
-0.3152219782446
-0.2158635451597
-0.1165051120748
-0.08945900622398
-0.06241290037316
-0.051095486443985
-0.03977807251481
-0.03384542599807
-0.02791277948133
-0.02434438163282
-0.02077598378431
-0.01844223532067
-0.01610848685703
-0.014171207024075
-0.01223392719112
-0.0110908729315465
-0.009947818671973
-0.009067820409729
-0.008187822147485
-0.007490739905023
-0.006793657662561
-0.0062230669533695
-0.005652476244178
-0.005062985414775
-0.004473494585372
-0.0040756495309895
-0.003677804476607
-0.0033254986726775
-0.002973192868748
-0.002574950037563
-0.002176707206378
-0.0018869534097235
-0.001597199613069
-0.0013221234151785
-0.001047047217288
-0.0007782288104926
-0.0005094104036972
-0.0001650944918503
0.0001792214199966
0.00045818248057615
0.0007371435411557
0.00103250113635435
0.001327858731553
0.0016488923635175
0.001969925995482
0.002432737179304
0.002895548363126
0.0033207522552655
0.003745956147405
0.004251014890546
0.004756073633687
0.005551210405229
0.006346347176771
0.0071679241663955
0.00798950115602
0.009074305213015
0.01015910927001
0.011651242412545
0.01314337555508
0.01533192436932
0.01752047318356
0.02183869445485
0.02615691572614
0.03281524816469
0.03947358060324
0.05355634022431
0.06763909984538
0.10876178924554
0.1498844786457
0.29474126431005
0.4395980499744
0.64244919586375
0.8453003417531
0.5478679337492
0.2504355257453
0.164824231369605
0.07921293699391
0.05697004550693
0.03472715401995
0.029019391844755
0.02331162966956
0.01748222410871
0.01165281854786
0.008271452608246
0.004890086668632
0.00263095189448495
0.0003718171203379
-0.00133863568950305
-0.003049088499344
-0.004479145912847
-0.00590920332635
-0.006633234914978
-0.007357266503606
-0.0086514295921615
-0.009945592680717
-0.0112668723677985
-0.01258815205488
-0.014009011539775
-0.01542987102467
-0.01702511196115
-0.01862035289763
-0.019680802179585
-0.02074125146154
-0.02281155839446
-0.02488186532738
-0.02736971671242
-0.02985756809746
-0.031725506278975
-0.03359344446049
-0.03663456008811
-0.03967567571573
-0.03937203673179
-0.03906839774785
-0.038392889471965
-0.03771738119608
-0.03706503444041
-0.03641268768474
-0.035602905171525
-0.03479312265831
-0.03354260997742
-0.03229209729653
-0.031167304955675
-0.03004251261482
-0.028772234096595
-0.02750195557837
-0.0246542510538
-0.02307623919399
-0.02149822733418
-0.019490113176125
-0.01748199901807
-0.015519025833795
-0.01355605264952
-0.011333273430507
-0.009110494211494
-0.0065505736409075
-0.003990653070321
-0.000975519393153
0.002039614284015
0.0056659150244375
0.00929221576486
0.01377658565906
0.01826095555326
0.023925507033175
0.02959005851309
0.036853856434455
0.04411765435582
0.056128975508555
0.06814029666129
0.081528014811875
0.09491573296246
0.11053057345223
0.126145413942
0.150018392003
0.173891370064
0.1837510236965
0.193610677329
0.17204293269785
0.1504751880667
0.1354731441257
0.1204711001847
0.108851439503555
0.09723177882241
0.088095541832465
0.07895930484252
0.07361882630137
0.06827834776022
0.064420265310185
0.06056218286015
0.057802804709835
0.05504342655952
0.05287337781343
0.05070332906734
0.04938962415473
0.04807591924212
0.047265466892095
0.04645501454207
0.046039029960535
0.045623045379
0.045560876625675
0.04549870787235
0.045775595005875
0.0460524821394
0.04656719489654
0.04708190765368
0.048259996207755
0.04943808476183
0.05047771721104
0.05151734966025
0.05360186264478
0.05568637562931
0.05839628054901
0.06110618546871
0.064425715559285
0.06774524564986
0.071477764544215
0.07521028343857
0.07895643584394
0.08270258824931
0.08586094214513
0.08901929604095
0.09060818182812
0.09219706761529
0.087312339722965
0.08242761183064
0.07601574857179
0.06960388531294
0.064755292466195
0.05990669961945
0.05541935120137
0.05093200278329
0.046895835299065
0.04285966781484
0.039304125462535
0.03574858311023
0.03262471334811
0.02950084358599
0.02674492139458
0.02398899920317
0.02152923808757
0.01906947697197
0.016839217975165
0.01460895897836
0.01254292952144
0.01047690006452
0.0085254644625165
0.006574028860513
0.004452230029394
0.002330431198275
0.000441218314278
-0.001447994569719
-0.0033877455705935
-0.005327496571468
-0.007366893935372
-0.009406291299276
-0.011615738694163
-0.01382518608905
-0.01627603032377
-0.01872687455849
-0.021517381150675
-0.02430788774286
-0.02752882435209
-0.03074976096132
-0.034546287180205
-0.03834281339909
-0.042846972349975
-0.04735113130086
-0.05267336998532
-0.05799560866978
-0.06415620233108
-0.07031679599238
-0.07714876117652
-0.08398072636066
-0.09095406235057
-0.09792739834048
-0.115823929638
-0.1201538771894
-0.1244838247408
-0.11995609745085
-0.1154283701609
-0.10328441083522
-0.09114045150954
-0.081023195672555
-0.07090593983557
-0.06582479144179
-0.06074364304801
-0.054195805791285
-0.04764796853456
-0.04416355014554
-0.04067913175652
-0.03660674912019
-0.03253436648386
-0.030153247476345
-0.02777212846883
-0.025683101290295
-0.02359407411176
-0.021214292843055
-0.01883451157435
-0.017230869620385
-0.01562722766642
-0.014124907026595
-0.01262258638677
-0.0111707035886045
-0.009718820790439
-0.0079031520314815
-0.006087483272524
-0.004551389680427
-0.00301529608833
-0.00130777169311615
0.0003997527020977
0.00240326596397235
0.004406779225847
0.0076384345279635
0.01087008983008
0.01449189027534
0.0181136907206
0.02337256541784
0.02863144011508
0.040886587813075
0.05314173551107
0.072087852749195
0.09103396998732
0.12973482406601
0.1684356781447
0.3692566491533
0.5700776201619
0.60684435441235
0.6436110886628
0.4611361170878
0.2786611455128
0.19099156597385
0.1033219864349
0.076799835252095
0.05027768406929
0.03939716540669
0.02851664674409
0.022912280323205
0.01730791390232
0.01394079977539
0.01057368564846
0.009196579305932
0.007819472963404
0.0059517924114285
0.004084111859453
0.00266793264445
0.001251753429447
0.000102819966144
-0.001046113497159
-0.0016301031871995
-0.00221409287724
-0.0031484020131365
-0.004082711149033
-0.004960231803918
-0.005837752458803
-0.006701402284396
-0.007565052109989
-0.0080564683837205
-0.008547884657452
-0.009454637950391
-0.01036139124333
-0.011339761032905
-0.01231813082248
-0.013405830939485
-0.01449353105649
-0.01572996389527
-0.01696639673405
-0.01840160677434
-0.01983681681463
-0.02109228311296
-0.02234774941129
-0.0214493660231
-0.02055098263491
-0.01953753269247
-0.01852408275003
-0.01739787254045
-0.01627166233087
-0.01503354039869
-0.01379541846651
-0.012436915220255
-0.011078411974
-0.010247643897286
-0.009416875820572
-0.0078267072501025
-0.006236538679633
-0.00446891623893
-0.002701293798227
-0.0007087980430515
0.001283697712124
0.0025540829927255
0.003824468273327
0.006290854003536
0.008757239733745
0.0116402818760475
0.01452332401835
0.017929301886535
0.02133527975472
0.02345213342541
0.0255689870961
0.02993438779184
0.03429978848758
0.03936752648864
0.0444352644897
0.05571030071099
0.05897630528971
0.06224230986843
0.06790324286752
0.07356417586661
0.07782017897002
0.08207618207343
0.083798034070035
0.08551988606664
0.086077625426515
0.08663536478639
0.085226956900525
0.08381854901466
0.07937799243354
0.07493743585242
0.07145062011833
0.06796380438424
0.065321754014405
0.06267970364457
0.060740426830235
0.0588011500159
0.057455527292435
0.05610990456897
0.05525963683357
0.05440936909817
0.05392299703019
0.05343662496221
0.053455405943925
0.05347418692564
0.053824692785765
0.05417519864589
0.055195538943055
0.05621587924022
0.057280518471605
0.05834515770299
0.060535488127185
0.06272581855138
0.064396332519935
0.06606684648849
0.069404952723095
0.0727430589577
0.07672439159113
0.08070572422456
0.08493656543513
0.0891674066457
0.091605480428195
0.09404355421069
0.097350047574045
0.1006565409374
0.10202500579075
0.1033934706441
0.10366892567845
0.1039443807128
0.10287815443965
0.1018119281665
0.099668312474435
0.09752469678237
0.094567856674965
0.09161101656756
0.088205677770845
0.08480033897413
0.080354815076685
0.07590929117924
0.07236543172286
0.06882157226648
