6.241421755749e-002
5.665419204839e-002
4.873884084643e-002
4.157354057581e-002
3.814094611427e-002
3.311778734796e-002
2.912219000268e-002
2.681393260615e-002
2.388965400232e-002
2.205868045904e-002
1.986668414095e-002
1.802714936064e-002
1.671210533365e-002
1.526378389176e-002
1.418357932451e-002
1.303133901217e-002
1.212351687014e-002
1.118338126179e-002
1.041260751551e-002
9.629246137354e-003
8.959967017418e-003
8.293088119478e-003
7.701984917540e-003
7.121170777712e-003
6.592540429876e-003
6.073931235708e-003
5.588680589906e-003
5.115750198727e-003
4.657581056319e-003
4.210903986029e-003
3.769987679227e-003
3.336732791800e-003
2.897830234360e-003
2.462453953036e-003
2.009240795416e-003
1.557210296784e-003
1.073122245943e-003
5.812709323929e-004
4.193227132435e-005
-5.139672262326e-004
-1.142060109306e-003
-1.807288559301e-003
-2.570114929859e-003
-3.405470200751e-003
-4.379389790613e-003
-5.489233754429e-003
-6.815394897452e-003
-8.392486052476e-003
-1.031403480632e-002
-1.275261649505e-002
-1.576910074661e-002
-1.998461082672e-002
-2.528888582941e-002
-3.379062795273e-002
-4.467273760416e-002
-6.668206747674e-002
-1.162465137189e-001
-1.809215916600e-001
-5.532196955945e-001
-1.157613665185e+000
-3.152219782446e-001
-1.165051120748e-001
-6.241290037316e-002
-3.977807251481e-002
-2.791277948133e-002
-2.077598378431e-002
-1.610848685703e-002
-1.283207189868e-002
-1.223392719112e-002
-9.947818671973e-003
-8.187822147485e-003
-6.793657662561e-003
-5.652476244178e-003
-5.371379505685e-003
-4.473494585372e-003
-3.677804476607e-003
-2.973192868748e-003
-2.339212391358e-003
-2.176707206378e-003
-1.597199613069e-003
-1.047047217288e-003
-5.094104036972e-004
-1.253110149162e-004
1.792214199966e-004
7.371435411557e-004
1.327858731553e-003
1.969925995482e-003
2.216841784937e-003
2.895548363126e-003
3.745956147405e-003
4.756073633687e-003
5.985127169842e-003
6.346347176771e-003
7.989501156020e-003
1.015910927001e-002
1.314337555508e-002
1.752047318356e-002
1.967432279903e-002
2.615691572614e-002
3.947358060324e-002
6.763909984538e-002
1.498844786457e-001
4.395980499744e-001
1.166140034102e+000
8.453003417531e-001
2.504355257453e-001
1.622219914054e-001
7.921293699391e-002
4.774279073415e-002
3.472715401995e-002
2.331162966956e-002
1.720825449050e-002
1.165281854786e-002
8.186852679917e-003
4.890086668632e-003
2.471985775804e-003
3.718171203379e-004
-1.571910551435e-003
-3.049088499344e-003
-4.648836846589e-003
-5.909203326350e-003
-7.357266503606e-003
-8.525633310544e-003
-9.945592680717e-003
-1.109836075320e-002
-1.258815205488e-002
-1.406657168560e-002
-1.542987102467e-002
-1.722621144953e-002
-1.862035289763e-002
-2.074125146154e-002
-2.231266103740e-002
-2.488186532738e-002
-2.784962343259e-002
-2.985756809746e-002
-3.359344446049e-002
-3.771658163976e-002
-3.967567571573e-002
-3.906839774785e-002
-3.815961943406e-002
-3.771738119608e-002
-3.641268768474e-002
-3.479312265831e-002
-3.301071827779e-002
-3.229209729653e-002
-3.004251261482e-002
-2.750195557837e-002
-2.465425105380e-002
-2.149822733418e-002
-1.879667945668e-002
-1.748199901807e-002
-1.355605264952e-002
-9.110494211494e-003
-3.990653070321e-003
2.039614284015e-003
9.292215764860e-003
1.826095555326e-002
2.959005851309e-002
4.411765435582e-002
4.727822099320e-002
6.814029666129e-002
9.491573296246e-002
1.261454139420e-001
1.426101746884e-001
1.738913700640e-001
1.907492262145e-001
1.936106773290e-001
1.737583539892e-001
1.504751880667e-001
1.204711001847e-001
9.723177882241e-002
8.275656295605e-002
7.895930484252e-002
6.827834776022e-002
6.056218286015e-002
5.504342655952e-002
5.274877237707e-002
5.070332906734e-002
4.807591924212e-002
4.645501454207e-002
4.562304537900e-002
4.543300709176e-002
4.549870787235e-002
4.605248213940e-002
4.708190765368e-002
4.790285511832e-002
4.943808476183e-002
5.151734966025e-002
5.297667597137e-002
5.568637562931e-002
5.860371990405e-002
6.110618546871e-002
6.445141827372e-002
6.774524564986e-002
7.124730529708e-002
7.521028343857e-002
7.848214334951e-002
8.270258824931e-002
8.698813612895e-002
8.901929604095e-002
9.219706761529e-002
8.242761183064e-002
7.513734482908e-002
6.960388531294e-002
5.990669961945e-002
5.093200278329e-002
4.285966781484e-002
3.574858311023e-002
2.950084358599e-002
2.398899920317e-002
1.906947697197e-002
1.460895897836e-002
1.047690006452e-002
6.574028860513e-003
4.848790226557e-003
2.330431198275e-003
-1.447994569719e-003
-5.327496571468e-003
-9.406291299276e-003
-1.382518608905e-002
-1.872687455849e-002
-2.430788774286e-002
-3.074976096132e-002
-3.834281339909e-002
-4.735113130086e-002
-5.799560866978e-002
-7.031679599238e-002
-8.398072636066e-002
-9.792739834048e-002
-1.028558224341e-001
-1.158239296380e-001
-1.244838247408e-001
-1.277391334324e-001
-1.154283701609e-001
-1.027251991380e-001
-9.114045150954e-002
-7.880410381189e-002
-7.090593983557e-002
-6.074364304801e-002
-5.254611266753e-002
-4.764796853456e-002
-4.067913175652e-002
-3.464620221883e-002
-3.253436648386e-002
-2.777212846883e-002
-2.359407411176e-002
-2.056558061472e-002
-1.883451157435e-002
-1.562722766642e-002
-1.262258638677e-002
-9.718820790439e-003
-8.620929896620e-003
-6.087483272524e-003
-3.015296088330e-003
3.997527020977e-004
4.406779225847e-003
6.647126350933e-003
1.087008983008e-002
1.811369072060e-002
2.863144011508e-002
4.517103349179e-002
5.314173551107e-002
9.103396998732e-002
1.684356781447e-001
2.693272887098e-001
5.700776201619e-001
6.436110886628e-001
2.786611455128e-001
1.606513204003e-001
1.033219864349e-001
6.979482856356e-002
5.027768406929e-002
3.796456116264e-002
2.851664674409e-002
2.201076972873e-002
1.730791390232e-002
1.316079406577e-002
1.057368564846e-002
7.819472963404e-003
6.078714292022e-003
4.084111859453e-003
2.705087717742e-003
1.251753429447e-003
-1.199995552450e-004
-1.046113497159e-003
-2.214092877240e-003
-3.032029634132e-003
-4.082711149033e-003
-4.945416768538e-003
-5.837752458803e-003
-6.815586792185e-003
-7.565052109989e-003
-8.547884657452e-003
-9.334410721570e-003
-1.036139124333e-002
-1.121925941495e-002
-1.231813082248e-002
-1.341012890799e-002
-1.449353105649e-002
-1.576281285816e-002
-1.696639673405e-002
-1.839970259604e-002
-1.983681681463e-002
-2.147912088860e-002
-2.234774941129e-002
-2.149932399045e-002
-2.055098263491e-002
-1.961704099038e-002
-1.852408275003e-002
-1.750892526417e-002
-1.627166233087e-002
-1.498228649904e-002
-1.379541846651e-002
-1.230085437821e-002
-1.107841197400e-002
-9.416875820572e-003
-8.089763514195e-003
-6.236538679633e-003
-4.607245529484e-003
-2.701293798227e-003
-4.590425147814e-004
1.283697712124e-003
3.824468273327e-003
5.838022453866e-003
8.757239733745e-003
1.156778114107e-002
1.452332401835e-002
1.817135402546e-002
2.133527975472e-002
2.556898709610e-002
2.947251863655e-002
3.429978848758e-002
3.911101492918e-002
4.443526448970e-002
5.024167638438e-002
5.571030071099e-002
6.224230986843e-002
6.714367462040e-002
7.356417586661e-002
7.954957444651e-002
8.207618207343e-002
8.551988606664e-002
8.663536478639e-002
8.627247129220e-002
8.381854901466e-002
7.493743585242e-002
6.796380438424e-002
6.267970364457e-002
5.880115001590e-002
5.610990456897e-002
5.440936909817e-002
5.385046378029e-002
5.343662496221e-002
5.347418692564e-002
5.417519864589e-002
5.513993216937e-002
5.621587924022e-002
5.834515770299e-002
6.061081231815e-002
6.272581855138e-002
6.606684648849e-002
6.879196651818e-002
7.274305895770e-002
7.650841306301e-002
8.070572422456e-002
8.536561745833e-002
8.916740664570e-002
9.404355421069e-002
9.674282192655e-002
1.006565409374e-001
1.033934706441e-001
1.041422119756e-001
1.039443807128e-001
1.018119281665e-001
9.752469678237e-002
9.161101656756e-002
8.480033897413e-002
8.105343948928e-002
7.590929117924e-002
6.882157226648e-002
