 -3.4267944e-002
 -3.8763590e-002
 -3.8986404e-002
 -3.8069428e-002
 -3.6333863e-002
 -3.4736160e-002
 -3.2832441e-002
 -3.0624403e-002
 -2.7563698e-002
 -2.4768080e-002
 -2.1664989e-002
 -1.8211295e-002
 -1.4346748e-002
 -9.9885232e-003
 -4.4404609e-003
  1.5078928e-003
  8.6646380e-003
  1.7538539e-002
  2.8831458e-002
  4.3473769e-002
  6.2570848e-002
  9.6334962e-002
  1.2988466e-001
  1.8040398e-001
  1.9355370e-001
  1.6823404e-001
  1.3499022e-001
  1.0775592e-001
  8.5333369e-002
  7.2809594e-002
  6.3765933e-002
  5.6952928e-002
  5.2248576e-002
  4.9070838e-002
  4.7037435e-002
  4.5886231e-002
  4.5427384e-002
  4.5767519e-002
  4.7159728e-002
  4.8730140e-002
  5.0690446e-002
  5.4667987e-002
  5.9963216e-002
  6.6567895e-002
  7.4184076e-002
  8.1981565e-002
  8.8678885e-002
  9.2063731e-002
  8.2471478e-002
  6.9164930e-002
  5.9224921e-002
  5.0084004e-002
  4.1963925e-002
  3.4844429e-002
  2.8612338e-002
  2.3140391e-002
  1.8262704e-002
  1.3841289e-002
  9.7429499e-003
  5.8483102e-003
  2.0645841e-003
 -2.1807947e-003
 -6.0869239e-003
 -1.0201463e-002
 -1.4676155e-002
 -1.9643482e-002
 -2.5284469e-002
 -3.1817181e-002
 -3.9464131e-002
 -4.8479535e-002
 -5.9026103e-002
 -7.1123183e-002
 -8.4327040e-002
 -1.0240590e-001
 -1.1486702e-001
 -1.2705082e-001
 -1.1880815e-001
 -9.5283430e-002
 -7.4784187e-002
 -6.4425036e-002
 -5.0593036e-002
 -4.3293402e-002
 -3.4632518e-002
 -2.9621534e-002
 -2.3898761e-002
 -2.0247165e-002
 -1.6931066e-002
 -1.3059983e-002
 -1.0184528e-002
 -7.3172348e-003
 -4.3393541e-003
 -2.6159928e-004
  3.6247129e-003
  8.4313651e-003
  1.4761787e-002
  2.7016888e-002
  4.3387437e-002
  7.2654419e-002
  1.9601467e-001
  4.7450181e-001
  5.3740709e-001
  2.1002527e-001
  8.1972998e-002
  4.1844802e-002
  2.4314193e-002
  1.4843792e-002
  8.9690363e-003
  4.9264423e-003
  3.1061790e-003
  4.7196580e-004
 -1.7058668e-003
 -3.6251924e-003
 -4.6514912e-003
 -6.3855119e-003
 -8.1160573e-003
 -9.9106365e-003
 -1.0953958e-002
 -1.2963616e-002
 -1.5216579e-002
 -1.7791018e-002
 -2.0791651e-002
 -2.1846128e-002
 -1.9988723e-002
 -1.7904669e-002
 -1.5600985e-002
 -1.3063656e-002
 -1.1530642e-002
 -8.5754830e-003
 -5.3125444e-003
 -1.6652911e-003
  2.4570168e-003
  5.0932754e-003
  1.0244845e-002
  1.6292279e-002
  2.3481621e-002
  2.7906847e-002
  3.7108935e-002
  4.7738611e-002
  5.9327717e-002
  7.0663521e-002
  7.6870778e-002
  8.4095593e-002
  8.6415775e-002
  8.6155679e-002
  8.0857858e-002
  7.1458538e-002
  6.5352694e-002
  6.0776936e-002
  5.7481082e-002
  5.4977972e-002
  5.3756589e-002
  5.3364971e-002
  5.3685301e-002
  5.5186652e-002
  5.6984664e-002
  6.0813850e-002
  6.3913979e-002
  7.0147982e-002
  7.7881287e-002
  8.6513317e-002
  9.4723728e-002
  9.9158463e-002
  1.0263660e-001
  1.0412889e-001
  1.0242880e-001
  9.8278467e-002
  9.2212082e-002
  8.5111305e-002
  7.5830665e-002
  6.8427641e-002
  6.1859471e-002
  4.7579992e-002
  4.0501485e-002
  3.2202453e-002
  2.8311866e-002
  2.3221323e-002
  1.9306974e-002
  1.6243470e-002
  1.4842863e-002
  1.2669303e-002
  1.0871954e-002
  9.3569461e-003
  8.0510258e-003
  6.9052706e-003
  5.8746234e-003
  4.9276919e-003
  4.0316706e-003
  3.1561154e-003
  2.2774500e-003
  1.3612728e-003
  3.6318409e-004
 -7.6946148e-004
 -2.1113823e-003
 -3.7887571e-003
 -6.0088947e-003
 -9.1289691e-003
 -1.3884422e-002
 -2.1893051e-002
 -3.7521429e-002
 -7.5468481e-002
 -2.0337072e-001
 -5.3822796e-001
 -7.7861484e-001
 -1.7427106e-001
 -8.6572911e-002
 -5.1961830e-002
 -3.4997243e-002
 -2.4083272e-002
 -1.8309867e-002
 -1.4386936e-002
 -1.1566953e-002
 -9.0360865e-003
 -7.4703377e-003
 -6.2076708e-003
 -5.1637306e-003
 -4.0681230e-003
 -3.3218972e-003
 -2.6546372e-003
 -2.0460657e-003
 -1.3229669e-003
 -7.8049546e-004
 -2.4466702e-004
  2.9843441e-004
  1.0246806e-003
  1.6374248e-003
  2.3107768e-003
  3.2987707e-003
  4.2202974e-003
  5.3276064e-003
  6.7012633e-003
  8.9683476e-003
  1.1488825e-002
  1.5045625e-002
  2.0422662e-002
  2.9351790e-002
  4.6449204e-002
  8.8703655e-002
  2.5485203e-001
  1.1510720e+000
  2.2884919e-001
  6.9909397e-002
  4.2587403e-002
  2.0826297e-002
  1.0240935e-002
  3.9807567e-003
 -2.9411535e-004
 -3.5794243e-003
 -5.1378297e-003
 -7.8015573e-003
 -1.0375662e-002
 -1.3026063e-002
 -1.5899379e-002
 -1.7720444e-002
 -2.1273460e-002
 -2.5471683e-002
 -2.8482199e-002
 -3.4267944e-002
