  2.7951597e-002
  4.2093815e-002
  6.0381298e-002
  9.1888050e-002
  1.2334047e-001
  1.7262749e-001
  1.9059761e-001
  1.8253108e-001
  1.4814682e-001
  1.1089698e-001
  9.1696533e-002
  7.7428179e-002
  6.7073186e-002
  5.9644063e-002
  5.4359391e-002
  5.0646466e-002
  4.7739935e-002
  4.6255553e-002
  4.5543793e-002
  4.5460268e-002
  4.6222269e-002
  4.7349199e-002
  4.9865624e-002
  5.3584501e-002
  5.6376780e-002
  6.1984585e-002
  6.8776308e-002
  7.6316390e-002
  8.3715531e-002
  8.9765732e-002
  9.0367154e-002
  7.7672987e-002
  6.7852787e-002
  5.8362872e-002
  4.9579334e-002
  4.1712583e-002
  3.4769717e-002
  2.8665767e-002
  2.3260777e-002
  1.8427510e-002
  1.4034881e-002
  9.9451074e-003
  6.0712284e-003
  2.2937607e-003
 -1.4850204e-003
 -5.8554796e-003
 -9.9761240e-003
 -1.4453759e-002
 -1.9446454e-002
 -2.5145710e-002
 -3.1769615e-002
 -3.9592115e-002
 -4.8880997e-002
 -5.9898034e-002
 -7.2586767e-002
 -8.6556724e-002
 -1.0574185e-001
 -1.1815896e-001
 -1.2554474e-001
 -1.1184022e-001
 -8.7937659e-002
 -6.8443869e-002
 -5.8631169e-002
 -4.6094935e-002
 -3.9369806e-002
 -3.1556063e-002
 -2.6934668e-002
 -2.1668753e-002
 -1.8232639e-002
 -1.5074640e-002
 -1.2094479e-002
 -8.4802385e-003
 -5.5632117e-003
 -2.4484342e-003
  1.0513854e-003
  6.3536698e-003
  1.1970418e-002
  1.9703250e-002
  3.5743289e-002
  5.8603880e-002
  1.0257844e-001
  3.3827027e-001
  6.6759769e-001
  5.8013303e-001
  2.6393748e-001
  1.0202540e-001
  5.0239894e-002
  3.8047603e-002
  2.2748688e-002
  1.7396943e-002
  1.0652238e-002
  6.1369274e-003
  4.1402049e-003
  1.2975849e-003
  2.6925984e-004
 -1.0105036e-003
 -2.9996966e-003
 -4.8157208e-003
 -5.8140766e-003
 -7.5410790e-003
 -9.3128935e-003
 -1.1199929e-002
 -1.2301847e-002
 -1.4479890e-002
 -1.6961222e-002
 -1.9842799e-002
 -2.2341395e-002
 -2.0533111e-002
 -1.8492505e-002
 -1.6228583e-002
 -1.3739345e-002
 -1.1012606e-002
 -9.3426328e-003
 -6.1497957e-003
 -2.5995980e-003
  1.3966138e-003
  5.9648255e-003
  8.8934237e-003
  1.4659279e-002
  2.1480222e-002
  2.9587628e-002
  3.9183326e-002
  5.0225932e-002
  6.2067923e-002
  7.3287415e-002
  7.9226005e-002
  8.5320743e-002
  8.6647236e-002
  8.5234520e-002
  7.5902083e-002
  6.8783881e-002
  6.3325117e-002
  5.9304723e-002
  5.6163067e-002
  5.4375074e-002
  5.3505720e-002
  5.3414155e-002
  5.3993016e-002
  5.5840413e-002
  5.7850590e-002
  6.2004063e-002
  6.5235731e-002
  7.1699564e-002
  7.9505671e-002
  8.7968372e-002
  9.5763108e-002
  9.9885727e-002
  1.0362443e-001
  1.0408738e-001
  1.0231682e-001
  9.8301725e-002
  9.2492931e-002
  8.5692972e-002
  7.8587475e-002
  6.9492031e-002
  6.2970939e-002
  5.3715455e-002
  4.2016587e-002
  3.6316743e-002
  2.9317901e-002
  2.4019085e-002
  2.1566264e-002
  1.8076984e-002
  1.5304600e-002
  1.3059665e-002
  1.1202553e-002
  9.6416128e-003
  8.3039041e-003
  7.1307998e-003
  6.0797591e-003
  5.1184539e-003
  4.2160441e-003
  3.3417536e-003
  2.4649815e-003
  1.5598413e-003
  5.8411066e-004
 -5.1396723e-004
 -1.8035603e-003
 -3.3963470e-003
 -5.4833685e-003
 -8.3765225e-003
 -1.2717672e-002
 -1.9891390e-002
 -3.3483320e-002
 -6.5356704e-002
 -1.1178562e-001
 -4.6822232e-001
 -4.0449837e-001
 -1.3034557e-001
 -6.6815735e-002
 -4.1730783e-002
 -2.8966914e-002
 -2.1428428e-002
 -1.6533087e-002
 -1.2520209e-002
 -1.0159588e-002
 -8.3537016e-003
 -6.9222647e-003
 -5.4976908e-003
 -4.5582858e-003
 -3.7501521e-003
 -3.0410902e-003
 -2.2358733e-003
 -1.6531540e-003
 -1.0990126e-003
 -5.6069254e-004
  1.2716283e-004
  6.8095838e-004
  1.2682248e-003
  1.9051844e-003
  2.8184474e-003
  3.6545842e-003
  4.6452746e-003
  5.8520846e-003
  7.8035696e-003
  9.9049636e-003
  1.2783486e-002
  1.6956954e-002
  2.3497105e-002
  3.7439960e-002
  6.2658608e-002
  1.3129295e-001
  3.5562032e-001
  1.0363708e+000
  2.7545920e-001
  1.2012902e-001
  4.8824975e-002
  2.3674410e-002
  1.1812133e-002
  4.9884077e-003
  2.3347593e-003
 -1.5176727e-003
 -4.6016070e-003
 -7.3078077e-003
 -8.7325619e-003
 -1.1343498e-002
 -1.4094487e-002
 -1.7137480e-002
 -1.9111597e-002
 -2.2996709e-002
 -2.7651918e-002
 -3.1091418e-002
 -3.7689083e-002
 -3.9442418e-002
 -3.8256068e-002
 -3.7057726e-002
 -3.4979706e-002
 -3.3089377e-002
 -3.0888371e-002
 -2.7821715e-002
 -2.5021270e-002
 -2.1910264e-002
 -1.8454236e-002
 -1.4595657e-002
 -1.0245524e-002
 -5.2722632e-003
  1.1695674e-003
  8.2363922e-003
  1.6950386e-002
  2.7951597e-002
