




0.11758276
0.11758276
0.15093873
0.1842947
0.227156415
0.27001813
0.338652645
0.40728716
0.388534245
0.36978133
0.30856929
0.24735725
0.20640906
0.16546087
0.134037525
0.10261418
0.091660529
0.080706878
0.069447848
0.058188818
0.0514539565
0.044719095
0.03611071
0.0331956445
0.030280579
0.029027816
0.027775053
0.026008266
0.024241479
0.022920615
0.021599751
0.0205862285
0.019572706
0.0190539465
0.018535187
0.017833216
0.017131245
0.0165648395
0.015998434
0.015683478
0.015368522
0.014956618
0.014544714
0.0143065415
0.014068369
0.013761993
0.013455617
0.0132727745
0.013089932
0.012924131
0.01275833
0.0125499275
0.012341525
0.012211321
0.012081117
0.0119174235
0.01175373
0.0116458115
0.011537893
0.011434784
0.011331675
0.011194416
0.011057157
0.0109495865
0.010842016
0.0106770025
0.010511989
0.0103516885
0.010191388
0.0097536289
0.00942801485
0.0091024008
0.008381553
0.0076607052
0.0065743637
0.0054880222
0.0032739288
0.0010598354
-0.0070222308
-0.015104297
-0.00696791355
0.0011684699
0.0033532916
0.0055381133
0.00680748365
0.008076854
0.0085968096
0.0091167652
0.0094401548
0.0097635444
0.0099811477
0.010198751
0.0104012705
0.01060379
0.0107250225
0.010846255
0.010953718
0.011061181
0.011198813
0.011336445
0.0114396945
0.011542944
0.0116945095
0.011846075
0.0119667315
0.012087388
0.012218443
0.012349498
0.012558581
0.012767664
0.012934022
0.01310038
0.013375549
0.013650718
0.013866449
0.01408218
0.014821463
0.015105337
0.015389211
0.015893707
0.016398203
0.016778665
0.017159127
0.017865941
0.018572755
0.0190961415
0.019619528
0.020641216
0.021662904
0.022991974
0.024321044
0.025279198
0.026237352
0.0283288385
0.030420325
0.033373253
0.036326181
0.040693304
0.045060427
0.0479829785
0.05090553
0.0592212875
0.067537045
0.0747022715
0.081867498
0.102216179
0.12256486
0.1459864
0.16940794
0.21197475
0.25454156
0.315632715
0.37672387
0.390852065
0.40498026
0.33572173
0.2664632
0.214197895
0.16193259
0.139543345
0.1171541
0.1024160585
0.087678017
0.068309554
0.061795578
0.055281602
0.050716455
0.046151308
0.0428266565
0.039502005
0.036604696
0.033707387
0.0318224325
0.029937478
0.028462375
0.026987272
0.0258060975
0.024624923
0.0233956325
0.022166342
0.021396
0.020625658
0.019770657
0.018915656
0.0183919805
0.017868305
0.0174190525
0.0169698
0.016583889
0.016197978
0.015726686
0.015255394
0.0148552745
0.014455155
0.01421926
0.013983365
0.0137759665
0.013568568
0.013296451
0.013024334
0.012868312
0.01271229
0.012500394
0.012288498
0.0121684305
0.012048363
0.01187826
0.011708157
0.011399024
0.011307702
0.01121638
0.011064512
0.010912644
0.0107368845
0.010561125
0.010430601
0.010300077
0.0099876264
0.0096751758
0.0093940701
0.0091129644
0.00825772985
0.0074024953
0.0053228379
0.0032431805
-0.00378936725
-0.010821915
-0.024128142
-0.037434369
-0.02676028
-0.016086191
-0.00728916075
0.0015078695
0.00352565995
0.0055434504
0.006876638
0.0082098256
0.00868539025
0.0091609549
0.00956316955
0.0099653842
0.0101504301
0.010335476
0.010478295
0.010621114
0.010780878
0.010940642
0.011044988
0.011149334
0.0112517215
0.011354109
0.0114958265
0.011637544
0.0117519345
0.011866325
0.012196438
0.0123384415
0.012480445
0.012639244
0.012798043
0.0129768335
0.013155624
0.013411567
0.01366751
0.013901707
0.014135904
0.014402832
0.01466976
0.014974627
0.015279494
0.0156310635
0.015982633
0.016462237
0.016941841
0.0174183415
0.017894842
0.018454088
0.019013334
0.0196734945
0.020333655
0.0211207245
0.021907794
0.0228598135
0.023811833
0.024978123
0.026144413
0.027593657
0.029042901
0.0308782945
0.032713688
0.0350879825
0.037462277
0.0406074565
0.043752636
0.0480425725
0.052332509
0.058359399
0.064386289
0.073078644
0.081770999
0.1016012045
0.12143141
0.17134727
0.243011425
0.31467558
0.362693105
0.41071063
0.37332394
0.33593725
0.267172905
0.19840856
0.17050078
0.142593
0.116757237
0.090921474
0.077467461
0.064013448
0.05635203
0.048690612
0.0439203785
0.039150145
0.036944379
0.034738613
0.0321651065
0.0295916
0.028253699
0.026915798
0.025381167
0.023846536
0.0229737305
0.022100925
0.0213541195
0.020607314
0.019765697
0.01892408
0.0183998735
0.017875667
0.0174169195
0.016958172
0.016454301
0.01595043
0.015614318
0.015278206
0.014979379
0.014680552
0.014360965
0.014041378
0.013814909
0.01358844
0.013184288
0.013003878
0.012823468
0.0126616745
0.012499881
0.0123535335
0.012207186
0.0120567305
0.011906275
0.0117878495
0.011669424
0.0115586405
0.011447857
0.011341218
0.011234579
0.0111271415
0.011019704
0.010904886
0.010790068
0.0106578715
0.010525675
0.0103592095
0.010192744
0.0099626614
0.0097325788
0.00936603255
0.0089994863
0.008421131
0.0078427757
0.00679796575
0.0057531558
0.0035982696
0.0014433834
-0.0002904437
-0.0020242708
0.00173412215
0.0054925151
0.00651455985
0.0075366046
0.00834362565
0.0091506467
0.00956835125
0.0099860558
0.0101592679
0.01033248
0.0105332655
0.010734051
0.010940545
0.01109207
0.011243595
0.011335393
0.011427191
0.011584892
0.011742593
0.011919806
0.012097019
0.012213174
0.012329329
0.012552425
0.012775521
0.013039052
0.013302583
0.013617482
0.013932381
0.0141327545
0.014333128
0.0147482015
0.015163275
0.0156667585
0.016170242
0.0167891155
0.017407989
0.0181767235
0.018945458
0.0199147805
0.020884103
0.022131217
0.023378331
0.0250171285
0.026655926
0.0288685425
0.031081159
0.0341644635
0.037247768
0.0417051935
0.046162619
0.0500913485
0.054020078
0.063303357
0.072586636
0.082710112
0.092833588
0.12708041
0.15936866
0.19165691
0.25197519
0.31229347
0.36108426
0.40987505
0.3552959
0.30071675
0.249508815
0.19830088
0.16521133
0.13212178
0.113331391
0.094541002
0.0834057755
0.072270549
0.0651658345
0.05806112
0.0532383885
0.048415657
0.0449696065
0.041523556
0.0380443675
0.034565179
0.03273885
0.030912521
0.028846622
0.026780723
0.025707204
0.024633685
0.023307525
0.021981365
0.020931307
0.019881249
0.019348246
0.018815243
0.0180807095
0.017346176
0.0169808075
0.016615439
0.0160835365
0.015551634
0.015109279
0.014666924
0.014296089
0.013925254
0.013568999
0.0132873075
0.013005616
0.01276559
0.012525564
0.0123202025
0.012114841
0.011935626
0.011756411
0.011595887
0.011435363
0.0112835245
0.011131686
0.010972427
0.010813168
0.010620674
0.01042818
0.010310537
0.010192894
0.0100323446
0.0098717952
0.0093915392
0.0089112832
0.0079250077
0.0069387322
0.00441798315
0.0018972341
0.0034087916
0.0049203491
0.00615830915
0.0073962692
0.00815167565
0.0089070821
0.00927257145
0.0096380608
0.0098793534
0.010120646
0.0102947295
0.010468813
0.010605449
0.010742085
0.010859342
0.010976599
0.011097303
0.011218007
0.011324641
0.011431275
0.01165306
0.011771909
0.011890758
0.01202115
0.012151542
0.0122955175
0.012439493
0.01260041
0.012761327
0.0129423895
0.013123452
0.0133268375
0.013530223
0.0137605325
0.013990842
0.014251973
0.014513104
0.0148106455
0.015108187
0.0154466055
0.015785024
0.016173425
0.016561826
0.0170089065
0.017455987
0.0179742285
0.01849247
0.019093655
0.01969484
0.0204028515
0.021110863
0.021944152
0.022777441
0.0239668785
0.025156316
0.0264256
0.027694884
0.0292479305
0.030800977
0.03272143
0.034641883
0.037950297
0.041258711
0.0447325815
0.048206452
0.0552027145
0.062198977
0.076838911
0.086687784
0.096536657
0.1226556885
0.14877472
0.198703195
0.24863167
0.294113745
0.33959582
0.37574753
0.41189924
0.37908233
0.34626542
0.27185335
0.19744128
0.156359855
0.11527843
0.096349745
0.07742106
0.069995603
0.062570146
0.0571043005
0.051638455
0.0465068745
0.041375294
0.0386733465
0.035971399
0.033843132
0.031714865
0.0297218545
0.027728844
0.0264567865
0.025184729
0.0241321485
0.023079568
0.0222039155
0.021328263
0.020591903
0.019855543
0.01922843
0.018601317
0.01806777
0.017534223
0.0170736075
0.016612992
0.01581736
0.015470411
0.015123462
0.014821161
0.01451886
0.014254006
0.013989152
0.0137559635
0.013522775
0.0133165375
0.0131103
0.012928255
0.01274621
0.0125835775
0.012420945
0.012276152
0.012131359
0.0120003625
0.011869366
0.011749992
0.011630618
0.0115187775
0.011406937
0.01129942
0.011191903
0.011083232
0.010974561
0.0108572145
0.010739868
0.0105796105
0.010419353
0.0102347735
0.010050194
0.0097888349
0.0095274758
0.00912518715
0.0087228985
0.0080476445
0.0073723905
0.00612525355
0.0048781166
0.0032648506
0.0016515846
0.0042495193
0.006847454
0.0078599849
0.0088725158
0.0098505993
0.01013221165
0.010413824
0.01060812
0.010802416
0.0109620425
0.011121669
0.011197342
0.011273015
0.0114263015
0.011579588
0.0117459055
0.011912223
0.0121005
0.012288777
0.012506438
0.012724099
0.0129779815
0.013231864
0.0133899075
0.013547951
0.013879583
0.014211215
0.0146046095
0.014998004
0.015466746
0.015935488
0.0162527035
0.016569919
0.0172093145
0.01784871
0.0186275135
0.019406317
0.0199740065
0.020541696
0.0216562285
0.022770761
0.023641162
0.024511563
0.0261921785
0.027872794
0.02929019
0.030707586
0.0334053195
0.036103053
0.0386216685
0.041140284
0.05054977
0.055511925
0.06047408
0.0675982755
0.074722471
0.0854302285
0.096137986
0.112950013
0.12976204
0.156343385
0.18292473
0.22096268
0.25900063
0.32166535
0.38433007
0.39758809
0.41084611
0.36259245
0.31433879
0.252754585
0.19117038
0.158772995
0.12637561
0.1092867955
0.092197981
0.0785992475
0.065000514
0.059347932
0.05369535
0.0478319425
0.041968535
0.0380772075
0.03418588
0.032560987
0.030936094
0.028740869
0.026545644
0.0249190425
0.023292441
0.02205417
0.020815899
0.019853168
0.018890437
0.01812675
0.017363063
0.0167481375
0.016133212
0.015130336
0.014717988
0.01430564
0.013963361
0.013621082
0.0134514105
0.013281739
0.0130198685
0.012757998
0.0125362585
0.012314519
0.012198585
0.012082651
0.011906414
0.011730177
0.01157277
0.011415363
0.011323437
0.011231511
0.011079852
0.010928193
0.0107558565
0.01058352
0.010447909
0.010312298
0.01001041385
0.0097085297
0.00940517095
0.0091018122
0.00826903325
0.0074362543
0.00637479345
0.0053133326
0.00136573895
-0.0025818547
-0.00077752365
0.0010268074
0.0032957745
0.0055647416
0.00665472665
0.0077447117
0.008342427
0.0089401423
0.0093188858
0.0096976293
0.00993242915
0.010167229
0.010507158
0.0106410035
0.010774849
0.010890191
0.011005533
0.0111130145
0.011220496
0.0113271815
0.011433867
0.011544108
0.011654349
0.0117724355
0.011890522
0.0120186
0.012146678
0.0123132615
0.012479845
0.012640379
0.012800913
0.012980553
0.013160193
0.0133607225
0.013561252
0.0137859695
0.014010687
0.014327776
0.014644865
0.014940211
0.015235557
0.015570097
0.015904637
0.0162827585
0.01666088
0.0172357645
0.017810649
0.01833017
0.018849691
0.019447198
0.020044705
0.021020812
0.021996919
0.0228612125
0.023725506
0.02473727
0.025749034
0.029401729
0.030980935
0.032560141
0.0357032605
0.03884638
0.041505354
0.044164328
0.050131571
0.056098814
0.0658493155
0.075599817
0.0927808885
0.10996196
0.14106131
0.17216066
0.20407274
0.23598482
0.285354405
0.33472399
0.37282758
0.41093117
0.360126035
0.3093209
0.238444085
0.16756727
0.143213355
0.11885944
0.1029668285
0.087074217
0.0752817855
0.063489354
0.0575907415
0.051692129
0.047487478
0.043282827
0.0401960175
0.037109208
0.034776096
0.032442984
0.030637413
0.028831842
0.027404713
0.025977584
0.024828048
0.023678512
0.022739401
0.02180029
0.020241776
0.0195879875
0.018934199
0.018381927
0.017829655
0.017285167
0.016740679
0.016337356
0.015934033
0.015586552
0.015239071
0.014935629
0.014632187
0.014367463
0.014102739
0.0138181865
0.013533634
0.0133326905
0.013131747
0.0129543035
0.01277686
0.0126192305
0.012461601
0.012280726
0.012099851
0.011975341
0.011850831
0.011737111
0.011623391
0.011482257
0.011341123
0.011238551
0.011135979
0.0110314475
0.010926916
0.0107656945
0.010604473
0.0104594215
0.01031437
0.0100281924
0.0097420148
0.0094271969
0.009112379
0.0086211526
0.0081299262
0.00674478555
0.0053596449
0.0011186307
-0.00081500115
-0.002748633
0.00133210705
0.0054128471
0.00637368565
0.0073345242
0.00820825995
0.0090819957
0.00951828905
0.0099545824
0.0101209547
0.010287327
0.01049478
0.010702233
0.010864625
0.011027017
0.011118015
0.011209013
0.011357727
0.011506441
0.011603468
0.011700495
0.011870024
0.012039553
0.0122315695
0.012423586
0.012562792
0.012701998
0.0129457365
0.013189475
0.0133722495
0.013555024
0.013871293
0.014187562
0.01443292
0.014678278
0.0149578755
0.015237473
0.015707081
0.016176689
0.0165627005
0.016948712
0.0175842845
0.018219857
0.0187648695
0.019309882
0.020592392
0.0216284045
0.022664417
0.023627662
0.024590907
0.025768894
0.026946881
0.0284178515
0.029888822
0.0321816965
0.034474571
0.0369650525
0.039455534
0.042773763
0.046091992
0.0506608555
0.055229719
0.0617696365
0.068309554
0.0780431935
0.087776833
0.1026797965
0.11758276
