




0.378545513632
0.412
0.378545513632
0.345091027264
0.2718306077974
0.1985701883308
0.1162620964705
0.097177916675505
0.07809373688051
0.07059757161111
0.06310140634171
0.0559205732716
0.04873974020149
0.045200171789275
0.04166060337706
0.03892305202907
0.03618550068108
0.03404220715474
0.0318989136284
0.02786544150226
0.026582216125075
0.02529899074789
0.02423749789109
0.02317600503429
0.02229318155295
0.02141035807161
0.020668148184995
0.01992593829838
0.019293976806525
0.01866201531467
0.018086664685805
0.01751131405694
0.01706072615536
0.01661013825378
0.01582734746056
0.01548525967443
0.0151431718883
0.01484352898204
0.01454388607578
0.014280929405365
0.01401797273495
0.01378606953909
0.01355416634323
0.013349388491575
0.01314461063992
0.01296232748788
0.01278004433584
0.01245609361119
0.01231074710529
0.01216540059939
0.01202477821529
0.01188415583119
0.01176410821167
0.01164406059215
0.011532095025835
0.01142012945952
0.011312371615315
0.01120461377111
0.01109603518117
0.01098745659123
0.01075460175396
0.01061948400357
0.01048436625318
0.01031296136685
0.01014155648052
0.0098538907364235
0.009566224992327
0.0091749211043335
0.00878361721634
0.0081330074986315
0.007482397780923
0.0062842422042855
0.005086086627648
6.71463162611E-5
-0.00889129312228945
-0.01784973256084
-0.05605954538995
-0.09426935821906
-1.73319628185603
-3.372123205493
-1.84191942693835
-0.3117156483837
-0.18508898692649
-0.05846232546928
-0.0314666901697715
-0.004471054870263
0.000238136752805
0.004947328375873
0.008081391094188
0.0087667501267235
0.009452109159259
0.0098140232652045
0.01017593737115
0.010404643122515
0.01063334887388
0.010805944415895
0.01097853995791
0.01113252753558
0.01128651511325
0.011442590677245
0.01159866624124
0.01193905602209
0.01213306140573
0.01232706678937
0.012551712327975
0.01277635786658
0.01304066555335
0.01330497324012
0.013616775790795
0.01392857834147
0.01412875300857
0.01432892767567
0.014742484337785
0.0151560409999
0.01615094181391
0.01675175119878
0.01735256058365
0.017774146382705
0.01819573218176
0.019038490730495
0.01988124927923
0.0209313073484
0.02198136541757
0.02279396696068
0.02360656850379
0.02518567442832
0.02676478035285
0.02941252070232
0.031970171346215
0.03452782199011
0.03689369045085
0.03925955891159
0.042453115387245
0.0456466718629
0.05175652177376
0.05786637168462
0.06489786810393
0.07192936452324
0.082882800005825
0.09383623548841
0.1305701527782
0.16275283839695
0.1949355240157
0.2448193824422
0.2947032408687
0.3530201969843
0.4113371530999
0.3537547671259
0.2961723811519
0.2489633788271
0.2017543765023
0.17094889697545
0.1401434174486
0.11705153700631
0.09395965656402
0.0732411537803
0.063807098434115
0.05437304308793
0.05038709489809
0.04640114670825
0.041895173312875
0.0373891999175
0.03427689138803
0.03116458285856
0.02985300702992
0.02854143120128
0.02669162195847
0.02484181271566
0.02204293305762
0.02096052177206
0.0198781104865
0.01902489687156
0.01817168325662
0.01748669922596
0.0168017151953
0.016244382905135
0.01568705061497
0.015428469767635
0.0151698889203
0.01475426808547
0.01433864725064
0.01364719290656
0.013357982652715
0.01306877239887
0.01282541449768
0.01258205659649
0.012456683551795
0.0123313105071
0.012140374358755
0.01194943821041
0.01178228124156
0.01161512427271
0.011521506072725
0.01142788787274
0.01112987350747
0.011035209042225
0.01094054457698
0.010769659327055
0.01059877407713
0.010373512728225
0.01014825137932
0.0099435977183635
0.009738944057407
0.009223689289058
0.008708434520709
0.008118713926812
0.007528993332915
0.005653685094981
0.003778376857047
-0.002057311845946
-0.018784602456743
-0.03551189306754
-0.11536902025907
-0.1952261474506
-0.4498463954191
-0.7044666433876
-0.37744007444811
-0.05041350550862
-0.029939777754798
-0.009466050000976
-0.004022967848863
0.00142011430325
0.005747191173636
0.00680014362208
0.007853096070524
0.008431694143599
0.009010292216674
0.009362017966043
0.009713743715412
0.009946362032136
0.01017898034886
0.01034687012325
0.01051475989764
0.010658895898285
0.01080303189893
0.01103316990479
0.011141598418695
0.0112500269326
0.011358078196335
0.01146612946007
0.01157878438166
0.01169143930325
0.011812239891935
0.01193304048062
0.01206447096631
0.012195901452
0.012341028505835
0.01248615555967
0.01287275318808
0.013059044978205
0.01324533676833
0.013453657374495
0.01366197798066
0.013895813473755
0.01412964896685
0.014392199349585
0.01465474973232
0.015035011303835
0.01541527287535
0.015767094245015
0.01611891561468
0.016517526591075
0.01691613756747
0.01814516434475
0.018699085196135
0.01925300604752
0.019892297678615
0.02053158930971
0.02159841658076
0.02266524385181
0.02360820856039
0.02455117326897
0.02566537865202
0.02677958403507
0.028840165440445
0.03090074684582
0.03448875814399
0.03818239027518
0.04187602240637
0.04764413896662
0.05341225552687
0.058299540039625
0.06318682455238
0.07628602991838
0.08938523528438
0.11443841132539
0.1394915873664
0.16621991214485
0.1929482369233
0.3293738432052
0.36948163885605
0.4095894345069
0.36362310749245
0.317656780478
0.24455665992045
0.1714565393629
0.13914050573135
0.1068244720998
0.09411827543119
0.08141207876258
0.07275405725718
0.06409603575178
0.05209395861584
0.047483861244245
0.04287376387265
0.039935567659155
0.03699737144566
0.034742603494215
0.03248783554277
0.03072391082964
0.02895998611651
0.027552199670945
0.02614441322538
0.025003711138545
0.02386300905171
0.022926074180445
0.02198913930918
0.0202784189547
0.0196220907459
0.0189657625371
0.01840968319598
0.01785360385486
0.01737974423536
0.01690588461586
0.0164974088775
0.01608893313914
0.01573545507922
0.0153819770193
0.015012997742575
0.01464401846585
0.01411318246793
0.01388029780011
0.01364741313229
0.013441978502485
0.01323654387268
0.01300963615236
0.01278272843204
0.012624252732905
0.01246577703377
0.01232502288694
0.01218426874011
0.01205721355698
0.01193015837385
0.01162636405926
0.011520565883315
0.01141476770737
0.011312798901565
0.01121083009576
0.011070247645055
0.01092966519435
0.010816218157505
0.01070277112066
0.010510501162815
0.01031823120497
0.0101299803890715
0.009941729573173
0.00941316086002
0.008776213189838
0.008139265519656
0.007313137738739
0.006487009957822
0.003826882973881
0.00116675598994
-0.0037360582045065
-0.008638872398953
-0.0247008506233765
-0.0407628288478
-0.8872782702414
-1.733793711635
-0.93939794110735
-0.1450021705797
-0.01211820019756
-0.004597381779689
0.002923436638182
0.004431386264281
0.00593933589038
0.007207342573515
0.00847534925665
0.0090571414518015
0.009638933646953
0.0098460596579115
0.01005318566887
0.01029810650437
0.01054302733987
0.01089811399182
0.01099208415649
0.01108605432116
0.011235633822245
0.01138521332333
0.0115394158954
0.01169361846747
0.01179822472898
0.01190283099049
0.012086444379405
0.01227005776832
0.01240247671959
0.01253489567086
0.01300018536057
0.0131748507839
0.01334951620723
0.013651320357865
0.0139531245085
0.014186241968245
0.01441935942799
0.014816147763885
0.01521293609978
0.015532127445235
0.01585131879069
0.01638201845834
0.01691271812599
0.01779995023544
0.018528231699095
0.01925651316275
0.01989371452735
0.02053091589195
0.02129357193633
0.02205622798071
0.023272812252095
0.02448939652348
0.025657883999765
0.02682637147605
0.028280212699155
0.02973405392226
0.03344621652083
0.03586922155394
0.03829222658705
0.04199588176228
0.04569953693751
0.05018162213904
0.05466370734057
0.06106825937343
0.06747281140629
0.076939743788905
0.08640667617152
0.10089750540911
0.1153883346467
0.1474083368918
0.1794283391369
0.2632344753369
0.33404838098725
0.4048622866376
0.3896409525261
0.3744196184146
0.31215407343605
0.2498885284575
0.2079914806119
0.1660944327663
0.1343543083218
0.1026141838773
0.091616351069865
0.08061851826243
0.05804916947186
0.05132768796573
0.0446062064596
0.040311654182625
0.03601710190565
0.03310916445072
0.03020122699579
0.02813911781057
0.02607700862535
0.025129571862475
0.0241821350996
0.02286999815475
0.0215578612099
0.01953458289882
0.01901619015219
0.01849779740556
0.01779909829134
0.01710039917712
0.01672322595
0.01634605272288
0.01584584137919
0.0153456300355
0.015064130206415
0.01478263037733
0.014416901002285
0.01405117162724
0.01362305045009
0.013349337262845
0.0130756240756
0.012910585890495
0.01274554770539
0.012538075213415
0.01233060272144
0.012200503232475
0.01207040374351
0.01190738757592
0.01174437140833
0.01163681319666
0.01152925498499
0.011426040709
0.01132282643301
0.01104776250262
0.010939575521885
0.01083138854115
0.01070877813793
0.01058616773471
0.010380290576295
0.01017441341788
0.009951848412067
0.009729283406254
0.009397132251512
0.00906498109677
0.008527341889718
0.007989702682666
0.005347643826981
0.00304927168343175
0.0007508995398825
-0.00499296959771375
-0.01073683873531
-0.031569395164695
-0.05240195159408
-4.87620097579704
-9.7
-4.87620097579704
-0.05240195159408
-0.0315693951647
-0.01073683873532
0.0007508995398824
0.0030492716834317
0.005347643826981
0.0066686732548235
0.007989702682666
0.008527341889718
0.00906498109677
0.009397132251512
0.009729283406254
0.009951848412067
0.01017441341788
0.010380290576295
0.01058616773471
0.01083138854115
0.010939575521885
0.01104776250262
0.011185294467815
0.01132282643301
0.011426040709
0.01152925498499
0.01163681319666
0.01174437140833
0.01190738757592
0.01207040374351
0.012200503232475
0.01233060272144
0.012538075213415
0.01274554770539
0.0130756240756
0.013349337262845
0.01362305045009
0.013837111038665
0.01405117162724
0.014416901002285
0.01478263037733
0.015064130206415
0.0153456300355
0.01584584137919
0.01634605272288
0.01672322595
0.01710039917712
0.01849779740556
0.01901619015219
0.01953458289882
0.02054622205436
0.0215578612099
0.02286999815475
0.0241821350996
0.025129571862475
0.02607700862535
0.02813911781057
0.03020122699579
0.03310916445072
0.03601710190565
0.0446062064596
0.05132768796573
0.05804916947186
0.069333843867145
0.08061851826243
0.091616351069865
0.1026141838773
0.1343543083218
0.1660944327663
0.2079914806119
0.2498885284575
0.31215407343605
0.3744196184146
0.4048622866376
0.33404838098725
0.2632344753369
0.2213314072369
0.1794283391369
0.1474083368918
0.1153883346467
0.10089750540911
0.08640667617152
0.076939743788905
0.06747281140629
0.06106825937343
0.05466370734057
0.05018162213904
0.04569953693751
0.03829222658705
0.03586922155394
0.03344621652083
0.031590135221545
0.02973405392226
0.028280212699155
0.02682637147605
0.025657883999765
0.02448939652348
0.023272812252095
0.02205622798071
0.02129357193633
0.02053091589195
0.01925651316275
0.018528231699095
0.01779995023544
0.017356334180715
0.01691271812599
0.01638201845834
0.01585131879069
0.015532127445235
0.01521293609978
0.014816147763885
0.01441935942799
0.014186241968245
0.0139531245085
0.01334951620723
0.0131748507839
0.01300018536057
0.012767540515715
0.01253489567086
0.01240247671959
0.01227005776832
0.012086444379405
0.01190283099049
0.01179822472898
0.01169361846747
0.0115394158954
0.01138521332333
0.01108605432116
0.01099208415649
0.01089811399182
0.010720570665845
0.01054302733987
0.01029810650437
0.01005318566887
0.0098460596579115
0.009638933646953
0.0090571414518015
0.00847534925665
0.007207342573515
0.00593933589038
0.002923436638182
-0.004597381779689
-0.01211820019756
-0.07856018538863
-0.1450021705797
-0.93939794110735
-1.733793711635
-0.8872782702414
-0.0407628288478
-0.0247008506233765
-0.008638872398953
-0.0037360582045065
0.00116675598994
0.003826882973881
0.006487009957822
0.008139265519656
0.008776213189838
0.00941316086002
0.0096774452165965
0.009941729573173
0.0101299803890715
0.01031823120497
0.010510501162815
0.01070277112066
0.010816218157505
0.01092966519435
0.011070247645055
0.01121083009576
0.01141476770737
0.011520565883315
0.01162636405926
0.011778261216555
0.01193015837385
0.01205721355698
0.01218426874011
0.01232502288694
0.01246577703377
0.012624252732905
0.01278272843204
0.01300963615236
0.01323654387268
0.01364741313229
0.01388029780011
0.01411318246793
0.01437860046689
0.01464401846585
0.015012997742575
0.0153819770193
0.01573545507922
0.01608893313914
0.0164974088775
0.01690588461586
0.01737974423536
0.01785360385486
0.0189657625371
0.0196220907459
0.0202784189547
0.02113377913194
0.02198913930918
0.022926074180445
0.02386300905171
0.025003711138545
0.02614441322538
0.027552199670945
0.02895998611651
0.03072391082964
0.03248783554277
0.034742603494215
0.03699737144566
0.04287376387265
0.047483861244245
0.05209395861584
0.05809499718381
0.06409603575178
0.07275405725718
0.08141207876258
0.09411827543119
0.1068244720998
0.13914050573135
0.1714565393629
0.24455665992045
0.317656780478
0.4095894345069
0.36948163885605
0.3293738432052
0.26116104006425
0.1929482369233
0.16621991214485
0.1394915873664
0.11443841132539
0.08938523528438
0.07628602991838
0.06318682455238
0.058299540039625
0.05341225552687
0.04187602240637
0.03818239027518
0.03448875814399
0.032694752494905
0.03090074684582
0.028840165440445
0.02677958403507
0.02566537865202
0.02455117326897
0.02360820856039
0.02266524385181
0.02159841658076
0.02053158930971
0.01925300604752
0.018699085196135
0.01814516434475
0.01753065095611
0.01691613756747
0.016517526591075
0.01611891561468
0.015767094245015
0.01541527287535
0.015035011303835
0.01465474973232
0.014392199349585
0.01412964896685
0.013895813473755
0.01366197798066
0.01324533676833
0.013059044978205
0.01287275318808
0.012679454373875
0.01248615555967
0.012341028505835
0.012195901452
0.01206447096631
0.01193304048062
0.011812239891935
0.01169143930325
0.01157878438166
0.01146612946007
0.0112500269326
0.011141598418695
0.01103316990479
0.01091810090186
0.01080303189893
0.010658895898285
0.01051475989764
0.01034687012325
0.01017898034886
0.009946362032136
0.009713743715412
0.009362017966043
0.009010292216674
0.007853096070524
0.00680014362208
0.005747191173636
0.003583652738443
0.00142011430325
-0.0040229678488635
-0.009466050000977
-0.0299397777547985
-0.05041350550862
-0.37744007444811
-0.7044666433876
-0.4498463954191
-0.1952261474506
-0.03551189306754
-0.018784602456743
-0.002057311845946
0.0008605325055505
0.003778376857047
0.005653685094981
0.007528993332915
0.008118713926812
0.008708434520709
0.009223689289058
0.009738944057407
0.0099435977183635
0.01014825137932
0.010373512728225
0.01059877407713
0.01094054457698
0.011035209042225
0.01112987350747
0.011278880690105
0.01142788787274
0.011521506072725
0.01161512427271
0.01178228124156
0.01194943821041
0.012140374358755
0.0123313105071
0.012456683551795
0.01258205659649
0.01306877239887
0.013357982652715
0.01364719290656
0.0139929200786
0.01433864725064
0.01475426808547
0.0151698889203
0.015428469767635
0.01568705061497
0.016244382905135
0.0168017151953
0.01748669922596
0.01817168325662
0.0198781104865
0.02096052177206
0.02204293305762
0.02344237288664
0.02484181271566
0.02669162195847
0.02854143120128
0.02985300702992
0.03116458285856
0.03427689138803
0.0373891999175
0.041895173312875
0.04640114670825
0.05437304308793
0.063807098434115
0.0732411537803
0.08360040517216
0.09395965656402
0.11705153700631
0.1401434174486
0.17094889697545
0.2017543765023
0.2489633788271
0.2961723811519
0.3537547671259
0.4113371530999
0.3530201969843
0.2947032408687
0.1949355240157
0.16275283839695
0.1305701527782
0.112203194133305
0.09383623548841
0.082882800005825
0.07192936452324
0.06489786810393
0.05786637168462
0.05175652177376
0.0456466718629
0.042453115387245
0.03925955891159
0.03452782199011
0.031970171346215
0.02941252070232
0.028088650527585
0.02676478035285
0.02518567442832
0.02360656850379
0.02279396696068
0.02198136541757
0.0209313073484
0.01988124927923
0.019038490730495
0.01819573218176
0.01735256058365
0.01675175119878
0.01615094181391
0.015653491406905
0.0151560409999
0.014742484337785
0.01432892767567
0.01412875300857
0.01392857834147
0.013616775790795
0.01330497324012
0.01304066555335
0.01277635786658
0.01232706678937
0.01213306140573
0.01193905602209
0.011768861131665
0.01159866624124
0.011442590677245
0.01128651511325
0.01113252753558
0.01097853995791
0.010805944415895
0.01063334887388
0.010404643122515
0.01017593737115
0.009452109159259
0.0087667501267235
0.008081391094188
0.006514359735031
0.004947328375874
0.000238136752806
-0.004471054870262
-0.012062491999751
-0.01965392912924
-0.16568478875647
-0.3117156483837
-1.84191942693835
-3.372123205493
-1.73319628185603
-0.09426935821906
-0.01784973256084
-0.00889129312228927
6.714631626146E-5
0.00257661647195473
0.005086086627648
0.0062842422042855
0.007482397780923
0.0081330074986315
0.00878361721634
0.0091749211043335
0.009566224992327
0.0098538907364235
0.01014155648052
0.01048436625318
0.01061948400357
0.01075460175396
0.010871029172595
0.01098745659123
0.01109603518117
0.01120461377111
0.011312371615315
0.01142012945952
0.011532095025835
0.01164406059215
0.01176410821167
0.01188415583119
0.01216540059939
0.01231074710529
0.01245609361119
0.012618068973515
0.01278004433584
0.01296232748788
0.01314461063992
0.013349388491575
0.01355416634323
0.01378606953909
0.01401797273495
0.014280929405365
0.01454388607578
0.0151431718883
0.01548525967443
0.01582734746056
0.01621874285717
0.01661013825378
0.01706072615536
0.01751131405694
0.018086664685805
0.01866201531467
0.019293976806525
0.01992593829838
0.020668148184995
0.02141035807161
0.02229318155295
0.02317600503429
0.02529899074789
0.026582216125075
0.02786544150226
0.02988217756533
0.0318989136284
0.03404220715474
0.03618550068108
0.03892305202907
0.04166060337706
0.045200171789275
0.04873974020149
0.0559205732716
0.06310140634171
0.07809373688051
0.097177916675505
0.1162620964705
0.15741614240065
0.1985701883308
0.2718306077974
0.345091027264
