




-0.033917457
-0.033917457
-0.0176624904
-0.0014075238
0.00221083065
0.0058291851
0.00712882415
0.0084284632
0.00882063175
0.0092128003
0.00962363315
0.010034466
0.010529733
0.01064201
0.010754287
0.0109148165
0.011075346
0.0111670105
0.011258675
0.011410642
0.011562609
0.0117256805
0.011888752
0.0120021205
0.012115489
0.0123155725
0.012515656
0.0126623445
0.012809033
0.0130651945
0.013321356
0.0135164925
0.013711629
0.0140458845
0.01438014
0.014906673
0.015350281
0.015793889
0.0161560955
0.016518302
0.0171185325
0.017718763
0.01822975
0.018740737
0.0193434445
0.019946152
0.020664291
0.02138243
0.0225408525
0.023699275
0.0248019125
0.02590455
0.027283335
0.02866212
0.0308325985
0.033003077
0.0353419675
0.037680858
0.043959043
0.0483175855
0.052676128
0.0590264725
0.065376817
0.075078763
0.084780709
0.1004709845
0.11616126
0.142146935
0.16813261
0.2406403
0.31314799
0.35067168
0.38819537
0.32417473
0.26015409
0.214997245
0.1698404
0.13665295
0.1034655
0.092174745
0.08088399
0.058021298
0.0512575285
0.044493759
0.040195547
0.035897335
0.032995023
0.030092711
0.028035686
0.025978661
0.0250345205
0.02409038
0.022785075
0.02147977
0.0204734935
0.019467217
0.018952779
0.018438341
0.017743314
0.017048287
0.0166726735
0.01629706
0.0157997375
0.015302415
0.014744121
0.014380561
0.014017001
0.013804021
0.013591041
0.013319767
0.013048493
0.012884325
0.012720157
0.0125140375
0.012307918
0.012178519
0.01204912
0.0119298785
0.011810637
0.01166063
0.011510623
0.01140756
0.011304497
0.011166382
0.011028267
0.010919133
0.010809999
0.01056019
0.010405221
0.010250252
0.0099633536
0.0096764552
0.0093289546
0.008981454
0.0084150657
0.0078486774
0.0064380762
0.005027475
0.002529890967
3.2306934E-5
-0.006369586533
-0.01277148
-0.037147415
-0.06152335
-3.662269575
-7.2630158
-3.665867632
-0.068719464
-0.041373858
-0.014028252
0.0014051219
0.003533143
0.0056611641
0.0067113046
0.0077614451
0.00834488535
0.0089283256
0.0093626964
0.0097970672
0.0100114171
0.010225767
0.01038351
0.010541253
0.010705002
0.010868751
0.0109763515
0.011083952
0.0111861025
0.011288253
0.0114297475
0.011571242
0.011681382
0.011791522
0.0119593545
0.012127187
0.01239584
0.012543143
0.012690446
0.0129304715
0.013170497
0.013360402
0.013550307
0.0138696955
0.014189084
0.014437521
0.014685958
0.015118287
0.015550616
0.015882115
0.016213614
0.016812872
0.01741213
0.0178609845
0.018309839
0.019167693
0.020025547
0.021126068
0.022226589
0.02382552
0.0255240465
0.027222573
0.029568518
0.031914463
0.035303048
0.038691633
0.041033381
0.043375129
0.0497331825
0.056091236
0.06668161
0.077271984
0.0873668385
0.097461693
0.1271070765
0.15675246
0.19613202
0.23551158
0.29983489
0.3641582
0.385078875
0.40599955
0.25728597
0.21510045
0.17291493
0.1453205
0.11772607
0.1014428415
0.085159613
0.0752351775
0.065310742
0.058909039
0.052507336
0.048132589
0.043757842
0.0406192125
0.037480583
0.0351500205
0.032819458
0.0310300745
0.029240691
0.0275017505
0.02576281
0.024668125
0.02357344
0.021785784
0.0210465475
0.020307311
0.0194800415
0.018652772
0.018145625
0.017638478
0.0170434495
0.016448421
0.016090277
0.015732133
0.0154207825
0.015109432
0.014719836
0.01433024
0.0141019325
0.013873625
0.0135772865
0.013280948
0.01311049
0.012940032
0.01271144
0.012482848
0.012223126
0.0120419825
0.011860839
0.011698697
0.011536555
0.0114426935
0.011348832
0.0111990165
0.011049201
0.0109541165
0.010859032
0.010676229
0.010493426
0.01023572905
0.0099780321
0.0097564789
0.0095349257
0.0089027431
0.0082705605
0.00685762235
0.0054446842
0.001383016
-0.0026786522
-0.01615207
-0.0138100495
-0.011468029
-0.005685009723
9.8009554E-5
0.002485538427
0.0048730673
0.006399667
0.0079262667
0.0084580673
0.0089898679
0.00942913835
0.0098684088
0.0100668039
0.010265199
0.010464958
0.010664717
0.010780276
0.010895835
0.0110012125
0.01110659
0.0112447695
0.011382949
0.011593832
0.0117065825
0.011819333
0.0119818895
0.012144446
0.0122838695
0.012423293
0.012578553
0.012733813
0.0129091745
0.013084536
0.0133354055
0.013586275
0.0138160285
0.014045782
0.0143067255
0.014567669
0.014866731
0.015165793
0.0155094525
0.015853112
0.016321748
0.016790384
0.017724532
0.018270719
0.018816906
0.0194612715
0.020105637
0.0208733475
0.021641058
0.0225689235
0.023496789
0.024632451
0.025768113
0.0271733405
0.028578568
0.0303607735
0.032142979
0.0344522595
0.03676154
0.039817652
0.042873764
0.047037939
0.051202114
0.057062115
0.062922116
0.0714160945
0.079910073
0.11893201
0.144216265
0.16950052
0.24584367
0.32218682
0.366719945
0.41125307
0.343993075
0.27673308
0.22808888
0.17944468
0.142266375
0.10508807
0.0876148655
0.070141661
0.0609454555
0.05174925
0.046303749
0.040858248
0.03841958
0.035980912
0.033167038
0.030353164
0.02749031
0.025856931
0.024223552
0.0233071615
0.022390771
0.021607151
0.020823531
0.019949216
0.019074901
0.018532438
0.017989975
0.0175180405
0.017046106
0.016529086
0.016012066
0.015667778
0.01532349
0.0150190035
0.014714517
0.014444962
0.014175407
0.01388876
0.013602113
0.01319236
0.013009703
0.012827046
0.0126629345
0.012498823
0.0123515915
0.01220436
0.0120524095
0.011900459
0.011781167
0.011661875
0.011550316
0.011438757
0.011330967
0.011223177
0.011114693
0.011006209
0.010889802
0.010773395
0.0106381565
0.010502918
0.010330769
0.01015862
0.0096798619
0.00931556085
0.0089512598
0.0083444224
0.007737585
0.00662312065
0.0055086563
0.003187775505
0.00086689471
-0.005050268645
-0.010967432
-0.0364756935
-0.061983955
-0.0497909245
-0.037597894
-0.02000398085
-0.0024100677
0.0006024995
0.0036150667
0.00554126215
0.0074674576
0.0082938624
0.0091202672
0.0097201853
0.01002058415
0.010320983
0.010455873
0.010590763
0.0107629115
0.01093506
0.011086977
0.011238894
0.011330953
0.011423012
0.011580859
0.011738706
0.011841534
0.011944362
0.0121358555
0.012327349
0.0125502635
0.012773178
0.0130378805
0.013302583
0.013473347
0.013644111
0.014336807
0.014753348
0.015169889
0.0156767065
0.016183524
0.016807043
0.017430562
0.018203813
0.018977064
0.019957545
0.020938026
0.022198337
0.023458648
0.025124815
0.026790982
0.029045979
0.031300976
0.034459147
0.037617318
0.0422202315
0.046823145
0.0509303915
0.055037638
0.074535069
0.0854560015
0.096376934
0.115340367
0.1343038
0.171457915
0.20861203
0.27642
0.34422797
0.377691535
0.4111551
0.34442433
0.27769356
0.23124596
0.18479836
0.155225815
0.12565327
0.108524893
0.091396516
0.080973209
0.070549902
0.0622313035
0.053912705
0.049548007
0.045183309
0.038954431
0.035769367
0.032584303
0.0309325535
0.029280804
0.0273832685
0.025485733
0.02451173
0.023537727
0.0223164415
0.021095156
0.020123541
0.019151926
0.018663082
0.018174238
0.017494915
0.016815592
0.01625707
0.015698548
0.0154239965
0.015149445
0.0147373505
0.014325256
0.013634443
0.0133430305
0.013051618
0.012804724
0.01255783
0.012347273
0.012136716
0.0119540165
0.011771317
0.011686465
0.011601613
0.011445754
0.011289895
0.0111359145
0.010981934
0.010809987
0.01063804
0.0104112405
0.010184441
0.00982592065
0.0094674003
0.0091676545
0.0088679087
0.0068103235
0.00415085245
0.0014913814
-0.0086666193
-0.01882462
-0.0148168745
-0.010809129
-0.004987993295
0.00083314241
0.003130739155
0.0054283359
0.0065437368
0.0076591377
0.00827401385
0.00888889
0.00926041375
0.0096319375
0.00990826525
0.010184593
0.0103510595
0.010517526
0.0106502835
0.010783041
0.011013153
0.011121278
0.011229403
0.0113376795
0.011445956
0.011569188
0.01169242
0.011813271
0.011934122
0.012066554
0.012198986
0.0123464125
0.012493839
0.012658228
0.012822617
0.013007681
0.013192745
0.0134014565
0.013610168
0.0138458035
0.014081439
0.014349651
0.014617863
0.015227261
0.0155764655
0.01592567
0.0163254865
0.016725303
0.0171859325
0.017646562
0.018181034
0.018715506
0.019416689
0.020117872
0.0208813465
0.021644821
0.022554392
0.023463963
0.0245558455
0.025647728
0.026973988
0.028300248
0.030403669
0.03250709
0.0347432695
0.036979449
0.042692785
0.046419576
0.050146367
0.0578017725
0.065457178
0.073472995
0.081488812
0.102274736
0.12306066
0.168144525
0.21322839
0.286771685
0.36031498
0.385683055
0.41105113
0.34815151
0.28525189
0.24216283
0.19907377
0.17336228
0.14765079
0.1191642895
0.090677789
0.064119004
0.0584997215
0.052880439
0.0486924445
0.04450445
0.0405828355
0.036661221
0.034477994
0.032294767
0.0305528915
0.028811016
0.027412091
0.026013166
0.0248670725
0.023720979
0.0227759365
0.021830894
0.0209586225
0.020086351
0.0194452565
0.018804162
0.0182554605
0.017706759
0.017236434
0.016766109
0.01595116
0.0155970335
0.015242907
0.014933331
0.014623755
0.014352597
0.014081439
0.0138435165
0.013605594
0.013395133
0.013184672
0.012998293
0.012811914
0.0126460295
0.012480145
0.0123325405
0.012184936
0.0120515615
0.011918187
0.011796941
0.011675695
0.0115517415
0.011427788
0.011210639
0.0111010805
0.010991522
0.0108737955
0.010756069
0.0106197875
0.010483506
0.010309795
0.010136084
0.00989467635
0.0096532687
0.0092891946
0.0089251205
0.00832471325
0.007724306
0.00632933045
0.0049343549
0.002321690655
-0.00029097359
-0.007149618295
-0.014008263
-0.042736984
-0.071465705
-0.19359162
-0.104248634
-0.014905648
-0.00629007005
0.0023255079
0.00471587875
0.0071062496
0.0077050029
0.0083037562
0.00893247875
0.0095612013
0.00990086965
0.010240538
0.010459359
0.01067818
0.0108469675
0.011015755
0.0111694365
0.011323118
0.011480171
0.011637224
0.011809838
0.011982452
0.012377028
0.012605707
0.012834386
0.0131042175
0.013374049
0.0136924895
0.01401093
0.014389088
0.014767246
0.015015009
0.015262772
0.0157710225
0.016279273
0.016893427
0.017507581
0.0179424075
0.018377234
0.0192404705
0.020103707
0.0211802725
0.022256838
0.023093901
0.023930964
0.027193248
0.0285618835
0.029930519
0.032577041
0.035223563
0.037687046
0.040150529
0.0434940655
0.046837602
0.053202295
0.059566988
0.066946353
0.074325718
0.0858492195
0.097372721
0.1166701755
0.13596763
0.16909809
0.20222855
0.281603415
0.36097828
0.348111355
0.33524443
0.20940069
0.1731229
0.13684511
0.1126981645
0.088551219
0.078616976
0.068682733
0.0597908505
0.050898968
0.0472518065
0.043604645
0.0394417
0.035278755
0.0324181455
0.029557536
0.028364268
0.027171
0.0254654815
0.023759963
0.0224683895
0.021176816
0.0201750675
0.019173319
0.017587339
0.0169513135
0.016315288
0.01579723
0.015279172
0.0148535585
0.014427945
0.0140749505
0.013721956
0.013548206
0.013374456
0.0131045915
0.012834727
0.0126075365
0.012380346
0.0122618715
0.012143397
0.0119629905
0.011782584
0.011623099
0.011463614
0.011371109
0.011278604
0.010977376
0.0108101585
0.010642941
0.0105144015
0.010385862
0.01010496505
0.0098240681
0.0095486649
0.0092732617
0.00852919125
0.0077851208
0.00610418805
0.0044232553
0.001888715715
-0.00064582387
-0.014082255935
-0.027518688
-0.257861974
-0.48820526
-0.2635789375
-0.038952615
-0.02308196185
-0.0072113087
-0.0024908298
0.0022296491
0.0061308725
0.0070963509
0.0080618293
0.0086007679
0.0091397065
0.00946996435
0.0098002222
0.0100213251
0.010242428
0.0104046925
0.010566957
0.010696787
0.010826617
0.0109406415
0.011054666
0.0111624435
0.011270221
0.0113784245
0.011486628
0.0115997515
0.011712875
0.011853196
0.011993517
0.012266331
0.0124168815
0.012567432
0.012735327
0.012903222
0.0130907995
0.013278377
0.0135371815
0.013795986
0.01404131
0.014286634
0.014563597
0.01484056
0.015153507
0.015466454
0.0159299665
0.016393479
0.0168173535
0.017241228
0.0177272025
0.018213177
0.01898579
0.019758403
0.021144502
0.0219542935
0.022764085
0.0241754845
0.025586884
0.0268285175
0.028070151
0.030439911
0.032809671
0.034885606
0.036961541
0.0414199225
0.045878304
0.049731846
0.053585388
0.063385614
0.07318584
0.091805355
0.11042487
0.149384285
0.1883437
0.237405505
0.28646731
0.4100541
0.374846365
0.33963863
0.261423285
0.18320794
0.155702635
0.12819733
0.1063879885
0.084578647
0.0753394845
0.066100322
0.05976334
0.053426358
0.0489493745
0.044472391
0.0412045805
0.03793677
0.035491361
0.033045952
0.031165386
0.02928482
0.027806759
0.026328698
0.023953085
0.0229847385
0.022016392
0.021216757
0.020417122
0.019747156
0.01907719
0.018511953
0.017946716
0.017465378
0.01698404
0.0165000825
0.016016125
0.015661374
0.015306623
0.0149991395
0.014691656
0.0144225625
0.014153469
0.0139174795
0.01368149
0.0134245605
0.013167631
0.012807508
0.0126476595
0.012487811
0.012345413
0.012203015
0.012036717
0.011870419
0.01175585
0.011641281
0.011534634
0.011427987
0.011289662
0.011151337
0.011047017
0.010942697
0.0108302385
0.01071778
0.010527104
0.010336428
0.0101515233
0.0099666186
0.00956378675
0.0091609549
0.0082037623
0.00740271915
0.006601676
0.00403744165
0.0014732073
-0.0031830286
-0.0078392645
-0.04006718475
-0.072295105
-0.1182573975
-0.16421969
-0.0990685735
-0.033917457
