




0.412
0.378545513632
0.345091027264
0.2637604421521
0.1985701883308
0.1752903760694
0.152010563808
0.1162620964705
0.08919740678835
0.08364557183443
0.07809373688051
0.06310140634171
0.05203966043574
0.050389700318615
0.04873974020149
0.04166060337706
0.03618550068108
0.0318989136284
0.0313755862895
0.0308522589506
0.02786544150226
0.02529899074789
0.02423749789109
0.02317600503429
0.02141035807161
0.01992593829838
0.019293976806525
0.01866201531467
0.01765989518696
0.01751131405694
0.01706072615536
0.01661013825378
0.01582734746056
0.0151431718883
0.01484352898204
0.01454388607578
0.01401797273495
0.01355416634323
0.013349388491575
0.01314461063992
0.01278004433584
0.01245609361119
0.01231074710529
0.01216540059939
0.01214694061627
0.01188415583119
0.01176410821167
0.01164406059215
0.01142012945952
0.01120461377111
0.01098745659123
0.010871029172595
0.01075460175396
0.01048436625318
0.01014155648052
0.010012012633566
0.009882468786612
0.009566224992327
0.00878361721634
0.0081330074986315
0.007482397780923
0.005086086627648
6.71463162611E-5
-0.00616323116748445
-0.01239360865123
-0.01784973256084
-0.09426935821906
-1.73319628185603
-3.372123205493
-0.3117156483837
-0.05846232546928
-0.03905812729926
-0.01965392912924
-0.004471054870263
0.001304494603936
0.0031259114899045
0.004947328375873
0.006749217689794
0.008081391094188
0.009452109159259
0.009666542236545
0.009880975313831
0.01017593737115
0.01043352772524
0.01053343829956
0.01063334887388
0.01081745526192
0.01097853995791
0.011056782413415
0.01113502486892
0.01128651511325
0.01143885733664
0.01151876178894
0.01159866624124
0.01175954139948
0.01193905602209
0.012028764567185
0.01211847311228
0.01232706678937
0.01252984304212
0.01265310045435
0.01277635786658
0.0130477577265
0.01330497324012
0.01346970808357
0.01363444292702
0.01392857834147
0.01432892767567
0.014499911141425
0.01467089460718
0.0151560409999
0.0155563873289
0.01615094181391
0.01648916578485
0.01682738975579
0.01735256058365
0.01819573218176
0.018507428537015
0.01881912489227
0.01988124927923
0.02113518659996
0.021558276008765
0.02198136541757
0.02360656850379
0.02514820928687
0.02595649481986
0.02676478035285
0.02941252070232
0.03187561328458
0.033201717637345
0.03452782199011
0.03925955891159
0.0456466718629
0.046978019114545
0.04830936636619
0.05786637168462
0.07192936452324
0.082882800005825
0.09383623548841
0.1305701527782
0.1949355240157
0.2448193824422
0.2947032408687
0.383673291381
0.4113371530999
0.3564603329138
0.32631635703285
0.2961723811519
0.2017543765023
0.1401434174486
0.1347231550568
0.129302892665
0.09395965656402
0.0732411537803
0.067144811912245
0.06104847004419
0.05437304308793
0.04640114670825
0.044399954268535
0.04239876182882
0.0373891999175
0.03357128662171
0.032367934740135
0.03116458285856
0.02854143120128
0.02671138492304
0.02577659881935
0.02484181271566
0.02341533295223
0.02204293305762
0.021478206090955
0.02091347912429
0.0198781104865
0.0189651978493
0.01856844055296
0.01817168325662
0.01742087934962
0.0168017151953
0.01618086513782
0.015933957876395
0.01568705061497
0.0151698889203
0.01477391583602
0.01455628154333
0.01433864725064
0.01401651450642
0.01364719290656
0.01347628237642
0.01330537184628
0.01306877239887
0.01277786538541
0.01267996099095
0.01258205659649
0.0123313105071
0.01215351734738
0.012051477778895
0.01194943821041
0.0117433707508
0.01161512427271
0.011521506072725
0.01142788787274
0.01128941175589
0.01112987350747
0.011035209042225
0.01094054457698
0.01082051302217
0.01059877407713
0.01033152547347
0.010239888426395
0.01014825137932
0.009738944057407
0.009271376125494
0.0089899053231015
0.008708434520709
0.007528993332915
0.006273690415656
0.0050260336363515
0.003778376857047
-0.002057311845946
-0.009016640361886
-0.022264266714713
-0.03551189306754
-0.1952261474506
-0.7044666433876
-0.37744007444811
-0.05041350550862
-0.009466050000976
0.00142011430325
0.003583652738443
0.005747191173636
0.007853096070524
0.009010292216674
0.009362017966043
0.009713743715412
0.01017898034886
0.01051475989764
0.010638971612085
0.01076318332653
0.01080303189893
0.01103316990479
0.0112500269326
0.011358078196335
0.01146612946007
0.01169143930325
0.01193304048062
0.01206447096631
0.012195901452
0.01248615555967
0.01265800184999
0.012765377519035
0.01287275318808
0.01324533676833
0.01366197798066
0.013895813473755
0.01412964896685
0.01465474973232
0.01482204964167
0.01511866125851
0.01541527287535
0.01611891561468
0.01691613756747
0.017327796923265
0.01773945627906
0.01814516434475
0.01925300604752
0.019892297678615
0.02053158930971
0.02177053551127
0.02266524385181
0.02360820856039
0.02455117326897
0.02677958403507
0.02794035167103
0.03090074684582
0.032694752494905
0.03448875814399
0.03678126277744
0.04187602240637
0.04503821532224
0.04820040823811
0.05341225552687
0.06318682455238
0.068166989523995
0.07314715449561
0.08938523528438
0.1112240546121
0.12535782098925
0.1394915873664
0.1929482369233
0.2354087896981
0.28239131645165
0.3293738432052
0.4095894345069
0.3765868193802
0.3471217999291
0.317656780478
0.2378013174961
0.1714565393629
0.150225290073
0.1289940407831
0.1068244720998
0.08141207876258
0.07275405725718
0.06409603575178
0.05209395861584
0.0466444448385
0.04287376387265
0.039935567659155
0.03699737144566
0.03248783554277
0.02895998611651
0.027552199670945
0.02614441322538
0.02386300905171
0.02198913930918
0.021692762016215
0.02139638472325
0.0202784189547
0.0189657625371
0.01840968319598
0.01785360385486
0.01690588461586
0.01608893313914
0.01573545507922
0.0153819770193
0.01480273623586
0.01464401846585
0.01437860046689
0.01411318246793
0.01364741313229
0.01323654387268
0.013055601445285
0.01287465901789
0.01278272843204
0.01246577703377
0.01218426874011
0.01205721355698
0.01193015837385
0.01180493228052
0.01162636405926
0.011520565883315
0.01141476770737
0.01121083009576
0.01110926253985
0.0110194638671
0.01092966519435
0.01070277112066
0.01043923542031
0.01037873331264
0.01031823120497
0.009941729573173
0.00941316086002
0.0091806251038575
0.008948089347695
0.008139265519656
0.006487009957822
0.0050776611646625
0.003668312371503
0.00116675598994
-0.008638872398953
-0.0247008506233765
-0.0407628288478
-0.0798382144689
-1.733793711635
-0.93939794110735
-0.1450021705797
-0.0356989611622
-0.01211820019756
-0.001084558131419
0.0009194392533815
0.002923436638182
0.00593933589038
0.007285717401855
0.0078805333292525
0.00847534925665
0.009224440520884
0.009638933646953
0.0098460596579115
0.01005318566887
0.01027744099801
0.01054302733987
0.010637214494435
0.010731401649
0.01089811399182
0.01108605432116
0.011144186781565
0.01120231924197
0.01138521332333
0.01156551865664
0.011629568562055
0.01169361846747
0.01190283099049
0.01204571702438
0.01215788739635
0.01227005776832
0.01253489567086
0.01269060819389
0.01284539677723
0.01300018536057
0.01334951620723
0.01354003716164
0.0139531245085
0.014186241968245
0.01441935942799
0.01465842682317
0.01521293609978
0.015532127445235
0.01585131879069
0.01625422935862
0.01691271812599
0.017356334180715
0.01779995023544
0.01884134312831
0.01925651316275
0.01989371452735
0.02053091589195
0.02205622798071
0.02389693964316
0.02419316808332
0.02448939652348
0.02682637147605
0.02973405392226
0.031590135221545
0.03344621652083
0.03829222658705
0.04163650833691
0.04366802263721
0.04569953693751
0.05466370734057
0.06747281140629
0.076939743788905
0.08640667617152
0.1153883346467
0.1267218419876
0.1794283391369
0.2213314072369
0.2632344753369
0.3387813598449
0.4048622866376
0.3896409525261
0.3744196184146
0.2498885284575
0.1660944327663
0.14324981500415
0.120405197242
0.1026141838773
0.08061851826243
0.074496712453835
0.06837490664524
0.05804916947186
0.05035875789209
0.047482482175845
0.0446062064596
0.04001675475752
0.03601710190565
0.034354852797225
0.0326926036888
0.03020122699579
0.02770700410177
0.02689200636356
0.02607700862535
0.0241821350996
0.02302225809547
0.0215578612099
0.020909297443455
0.02026073367701
0.01953458289882
0.01849779740556
0.01820173908078
0.017905680756
0.01710039917712
0.01634605272288
0.016159392777465
0.01597273283205
0.0153456300355
0.01478263037733
0.014654038240205
0.01452544610308
0.01405117162724
0.01362305045009
0.013532052309895
0.0134410541697
0.0130756240756
0.01274554770539
0.01265037557905
0.01255520345271
0.01233060272144
0.01207040374351
0.01195055617024
0.01183070859697
0.01174437140833
0.01152925498499
0.011426040709
0.01132282643301
0.01115143227176
0.01104776250262
0.01083138854115
0.01070877813793
0.01058616773471
0.01031547455743
0.01017441341788
0.009951848412067
0.009729283406254
0.00906498109677
0.007989702682666
0.007689867107039
0.007390031531412
0.005347643826981
0.0007508995398825
-0.00499296959771375
-0.01073683873531
-0.05240195159408
-9.7
-4.87620097579704
-0.05240195159408
-0.01073683873532
0.0007508995398824
0.0030492716834317
0.005347643826981
0.007390031531412
0.007989702682666
0.008527341889718
0.00906498109677
0.009729283406254
0.01017441341788
0.010244943987655
0.01031547455743
0.01058616773471
0.01083138854115
0.01104776250262
0.01109959738719
0.01115143227176
0.01132282643301
0.01152925498499
0.01163681319666
0.01174437140833
0.01183070859697
0.01207040374351
0.012200503232475
0.01233060272144
0.01255520345271
0.01274554770539
0.012910585890495
0.0130756240756
0.0134410541697
0.01362305045009
0.013837111038665
0.01405117162724
0.01452544610308
0.01478263037733
0.015064130206415
0.0153456300355
0.01597273283205
0.01634605272288
0.01672322595
0.01710039917712
0.017905680756
0.01849779740556
0.01901619015219
0.01953458289882
0.02026073367701
0.0215578612099
0.02302225809547
0.023602196597535
0.0241821350996
0.02607700862535
0.02770700410177
0.02895411554878
0.03020122699579
0.0326926036888
0.03601710190565
0.038016928331585
0.04001675475752
0.0446062064596
0.05035875789209
0.054203963681975
0.05804916947186
0.06837490664524
0.08061851826243
0.091616351069865
0.1026141838773
0.120405197242
0.1660944327663
0.2079914806119
0.2498885284575
0.3744196184146
0.4048622866376
0.37182182324125
0.3387813598449
0.2632344753369
0.1794283391369
0.1267218419876
0.12105508831715
0.1153883346467
0.08640667617152
0.06747281140629
0.06106825937343
0.05466370734057
0.04569953693751
0.04163650833691
0.03996436746198
0.03829222658705
0.03344621652083
0.02973405392226
0.028280212699155
0.02682637147605
0.02448939652348
0.02389693964316
0.022976583811935
0.02205622798071
0.02053091589195
0.01925651316275
0.01904892814553
0.01884134312831
0.01779995023544
0.01691271812599
0.016583473742305
0.01625422935862
0.01585131879069
0.01521293609978
0.014935681461475
0.01465842682317
0.01441935942799
0.0139531245085
0.01354003716164
0.013444776684435
0.01334951620723
0.01300018536057
0.01269060819389
0.012612751932375
0.01253489567086
0.01227005776832
0.01204571702438
0.011974274007435
0.01190283099049
0.01169361846747
0.01156551865664
0.011475365989985
0.01138521332333
0.01120231924197
0.01108605432116
0.01099208415649
0.01089811399182
0.010731401649
0.01054302733987
0.01041023416894
0.01027744099801
0.01005318566887
0.009638933646953
0.0094316870839185
0.009224440520884
0.00847534925665
0.007285717401855
0.0066125266461175
0.00593933589038
0.002923436638182
-0.001084558131419
-0.01211820019756
-0.023908580679875
-0.03569896116219
-0.1450021705797
-1.733793711635
-0.90681596305195
-0.0798382144689
-0.0407628288478
-0.008638872398953
-0.0037360582045065
0.00116675598994
0.003668312371503
0.006487009957822
0.007313137738739
0.008139265519656
0.008948089347695
0.00941316086002
0.0096774452165965
0.009941729573173
0.01031823120497
0.01043923542031
0.010571003270485
0.01070277112066
0.01092966519435
0.01110926253985
0.011160046317805
0.01121083009576
0.01141476770737
0.01162636405926
0.01171564816989
0.01180493228052
0.01193015837385
0.01218426874011
0.01246577703377
0.012624252732905
0.01278272843204
0.01287465901789
0.01323654387268
0.013441978502485
0.01364741313229
0.01411318246793
0.01464401846585
0.014723377350855
0.01480273623586
0.0153819770193
0.01608893313914
0.0164974088775
0.01690588461586
0.01785360385486
0.0189657625371
0.0196220907459
0.0202784189547
0.02139638472325
0.02198913930918
0.022926074180445
0.02386300905171
0.02614441322538
0.02895998611651
0.03072391082964
0.03248783554277
0.03699737144566
0.04287376387265
0.0466444448385
0.04936920172717
0.05209395861584
0.06409603575178
0.08141207876258
0.09411827543119
0.1068244720998
0.1289940407831
0.1714565393629
0.2046289284295
0.2378013174961
0.317656780478
0.3765868193802
0.39308812694355
0.4095894345069
0.3293738432052
0.2354087896981
0.2141785133107
0.1929482369233
0.1394915873664
0.1112240546121
0.10030464494824
0.08938523528438
0.07314715449561
0.06318682455238
0.058299540039625
0.05341225552687
0.04820040823811
0.04187602240637
0.039328642591905
0.03678126277744
0.03448875814399
0.03090074684582
0.02794035167103
0.02735996785305
0.02677958403507
0.02455117326897
0.02266524385181
0.02221788968154
0.02177053551127
0.02053158930971
0.01925300604752
0.018699085196135
0.01814516434475
0.01773945627906
0.01691613756747
0.016517526591075
0.01611891561468
0.01541527287535
0.01482204964167
0.014738399686995
0.01465474973232
0.01412964896685
0.01366197798066
0.013453657374495
0.01324533676833
0.01287275318808
0.01265800184999
0.01257207870483
0.01248615555967
0.012195901452
0.01193304048062
0.011812239891935
0.01169143930325
0.01146612946007
0.0112500269326
0.01103316990479
0.01091810090186
0.01080303189893
0.01076318332653
0.01051475989764
0.01034687012325
0.01017898034886
0.009713743715412
0.009010292216674
0.008431694143599
0.007853096070524
0.005747191173636
0.00142011430325
-0.0040229678488635
-0.009466050000977
-0.05041350550862
-0.7044666433876
-0.4498463954191
-0.1952261474506
-0.03551189306754
-0.009016640361886
-0.005536976103916
-0.002057311845946
0.003778376857047
0.006273690415656
0.0069013418742855
0.007528993332915
0.008708434520709
0.009271376125494
0.0095051600914505
0.009738944057407
0.01014825137932
0.01033152547347
0.01059877407713
0.01070964354965
0.01082051302217
0.01094054457698
0.01112987350747
0.01120964263168
0.01128941175589
0.01142788787274
0.01161512427271
0.011679247511755
0.0117433707508
0.01194943821041
0.01215351734738
0.01224241392724
0.0123313105071
0.01258205659649
0.01277786538541
0.01292331889214
0.01306877239887
0.01330537184628
0.01364719290656
0.01383185370649
0.01401651450642
0.01433864725064
0.01477391583602
0.01497190237816
0.0151698889203
0.01568705061497
0.01618086513782
0.0168017151953
0.01711129727246
0.01742087934962
0.01817168325662
0.0189651978493
0.0194216541679
0.0198781104865
0.02091347912429
0.02204293305762
0.022729133004925
0.02341533295223
0.02484181271566
0.02671138492304
0.02762640806216
0.02854143120128
0.03116458285856
0.03357128662171
0.035480243269605
0.0373891999175
0.04239876182882
0.04640114670825
0.05038709489809
0.05437304308793
0.06104847004419
0.0732411537803
0.08360040517216
0.09395965656402
0.129302892665
0.1401434174486
0.17094889697545
0.2017543765023
0.2961723811519
0.3564603329138
0.4113371530999
0.39750522224045
0.383673291381
0.2947032408687
0.1949355240157
0.16275283839695
0.1305701527782
0.09383623548841
0.07192936452324
0.06489786810393
0.05786637168462
0.04830936636619
0.0456466718629
0.042453115387245
0.03925955891159
0.03452782199011
0.03187561328458
0.03064406699345
0.02941252070232
0.02676478035285
0.02514820928687
0.02437738889533
0.02360656850379
0.02198136541757
0.02113518659996
0.020508217939595
0.01988124927923
0.01881912489227
0.01819573218176
0.017774146382705
0.01735256058365
0.01682738975579
0.01615094181391
0.0155563873289
0.0153562141644
0.0151560409999
0.01467089460718
0.01432892767567
0.01412875300857
0.01392857834147
0.01363444292702
0.01330497324012
0.01317636548331
0.0130477577265
0.01277635786658
0.01252984304212
0.012428454915745
0.01232706678937
0.01211847311228
0.01193905602209
0.011849298710785
0.01175954139948
0.01159866624124
0.01143885733664
0.011362686224945
0.01128651511325
0.01113502486892
0.01097853995791
0.010897997609915
0.01081745526192
0.01063334887388
0.01043352772524
0.010304732548195
0.01017593737115
0.009880975313831
0.009452109159259
0.008081391094188
0.007415304391991
0.006749217689794
0.004947328375874
0.001304494603936
-0.001583280133163
-0.004471054870262
-0.01965392912924
-0.05846232546928
-0.18508898692649
-0.3117156483837
-3.372123205493
-0.09426935821906
-0.05605954538995
-0.01784973256084
-0.01239360865123
6.714631626146E-5
0.00257661647195473
0.005086086627648
0.007482397780923
0.00878361721634
0.0091749211043335
0.009566224992327
0.009882468786612
0.01014155648052
0.01031296136685
0.01048436625318
0.01075460175396
0.01098745659123
0.01120461377111
0.011312371615315
0.01142012945952
0.01164406059215
0.01188415583119
0.01201554822373
0.01214694061627
0.01216540059939
0.01245609361119
0.012618068973515
0.01278004433584
0.01314461063992
0.01355416634323
0.01378606953909
0.01401797273495
0.01454388607578
0.0151431718883
0.01548525967443
0.01582734746056
0.01661013825378
0.01751131405694
0.01758560462195
0.01765989518696
0.01866201531467
0.01992593829838
0.020668148184995
0.02141035807161
0.02317600503429
0.02529899074789
0.026582216125075
0.02786544150226
0.0308522589506
0.0318989136284
0.03618550068108
0.03892305202907
0.04166060337706
0.04873974020149
0.05203966043574
0.057570533388725
0.06310140634171
0.07809373688051
0.08919740678835
0.102729751629425
0.1162620964705
0.152010563808
0.1985701883308
0.23116531524145
0.2637604421521
0.345091027264
