4.120000000000e-001
3.450910272640e-001
1.985701883308e-001
1.162620964705e-001
7.809373688051e-002
6.310140634171e-002
4.873974020149e-002
4.166060337706e-002
3.618550068108e-002
3.189891362840e-002
2.786544150226e-002
2.529899074789e-002
2.317600503429e-002
2.141035807161e-002
1.992593829838e-002
1.866201531467e-002
1.751131405694e-002
1.661013825378e-002
1.582734746056e-002
1.514317188830e-002
1.454388607578e-002
1.401797273495e-002
1.355416634323e-002
1.314461063992e-002
1.278004433584e-002
1.245609361119e-002
1.216540059939e-002
1.188415583119e-002
1.164406059215e-002
1.142012945952e-002
1.120461377111e-002
1.098745659123e-002
1.075460175396e-002
1.048436625318e-002
1.014155648052e-002
9.566224992327e-003
8.783617216340e-003
7.482397780923e-003
5.086086627648e-003
6.714631626110e-005
-1.784973256084e-002
-9.426935821906e-002
-3.372123205493e+000
-3.117156483837e-001
-5.846232546928e-002
-4.471054870263e-003
4.947328375873e-003
8.081391094188e-003
9.452109159259e-003
1.017593737115e-002
1.063334887388e-002
1.097853995791e-002
1.128651511325e-002
1.159866624124e-002
1.193905602209e-002
1.232706678937e-002
1.277635786658e-002
1.330497324012e-002
1.392857834147e-002
1.432892767567e-002
1.515604099990e-002
1.615094181391e-002
1.735256058365e-002
1.819573218176e-002
1.988124927923e-002
2.198136541757e-002
2.360656850379e-002
2.676478035285e-002
2.941252070232e-002
3.452782199011e-002
3.925955891159e-002
4.564667186290e-002
5.786637168462e-002
7.192936452324e-002
9.383623548841e-002
1.305701527782e-001
1.949355240157e-001
2.947032408687e-001
4.113371530999e-001
2.961723811519e-001
2.017543765023e-001
1.401434174486e-001
9.395965656402e-002
7.324115378030e-002
5.437304308793e-002
4.640114670825e-002
3.738919991750e-002
3.116458285856e-002
2.854143120128e-002
2.484181271566e-002
2.204293305762e-002
1.987811048650e-002
1.817168325662e-002
1.680171519530e-002
1.568705061497e-002
1.516988892030e-002
1.433864725064e-002
1.364719290656e-002
1.306877239887e-002
1.258205659649e-002
1.233131050710e-002
1.194943821041e-002
1.161512427271e-002
1.142788787274e-002
1.112987350747e-002
1.094054457698e-002
1.059877407713e-002
1.014825137932e-002
9.738944057407e-003
8.708434520709e-003
7.528993332915e-003
3.778376857047e-003
-2.057311845946e-003
-3.551189306754e-002
-1.952261474506e-001
-7.044666433876e-001
-5.041350550862e-002
-9.466050000976e-003
1.420114303250e-003
5.747191173636e-003
7.853096070524e-003
9.010292216674e-003
9.713743715412e-003
1.017898034886e-002
1.051475989764e-002
1.080303189893e-002
1.103316990479e-002
1.125002693260e-002
1.146612946007e-002
1.169143930325e-002
1.193304048062e-002
1.219590145200e-002
1.248615555967e-002
1.287275318808e-002
1.324533676833e-002
1.366197798066e-002
1.412964896685e-002
1.465474973232e-002
1.541527287535e-002
1.611891561468e-002
1.691613756747e-002
1.814516434475e-002
1.925300604752e-002
2.053158930971e-002
2.266524385181e-002
2.455117326897e-002
2.677958403507e-002
3.090074684582e-002
3.448875814399e-002
4.187602240637e-002
5.341225552687e-002
6.318682455238e-002
8.938523528438e-002
1.394915873664e-001
1.929482369233e-001
3.293738432052e-001
4.095894345069e-001
3.176567804780e-001
1.714565393629e-001
1.068244720998e-001
8.141207876258e-002
6.409603575178e-002
5.209395861584e-002
4.287376387265e-002
3.699737144566e-002
3.248783554277e-002
2.895998611651e-002
2.614441322538e-002
2.386300905171e-002
2.198913930918e-002
2.027841895470e-002
1.896576253710e-002
1.785360385486e-002
1.690588461586e-002
1.608893313914e-002
1.538197701930e-002
1.464401846585e-002
1.411318246793e-002
1.364741313229e-002
1.323654387268e-002
1.278272843204e-002
1.246577703377e-002
1.218426874011e-002
1.193015837385e-002
1.162636405926e-002
1.141476770737e-002
1.121083009576e-002
1.092966519435e-002
1.070277112066e-002
1.031823120497e-002
9.941729573173e-003
9.413160860020e-003
8.139265519656e-003
6.487009957822e-003
1.166755989940e-003
-8.638872398953e-003
-4.076282884780e-002
-1.733793711635e+000
-1.450021705797e-001
-1.211820019756e-002
2.923436638182e-003
5.939335890380e-003
8.475349256650e-003
9.638933646953e-003
1.005318566887e-002
1.054302733987e-002
1.089811399182e-002
1.108605432116e-002
1.138521332333e-002
1.169361846747e-002
1.190283099049e-002
1.227005776832e-002
1.253489567086e-002
1.300018536057e-002
1.334951620723e-002
1.395312450850e-002
1.441935942799e-002
1.521293609978e-002
1.585131879069e-002
1.691271812599e-002
1.779995023544e-002
1.925651316275e-002
2.053091589195e-002
2.205622798071e-002
2.448939652348e-002
2.682637147605e-002
2.973405392226e-002
3.344621652083e-002
3.829222658705e-002
4.569953693751e-002
5.466370734057e-002
6.747281140629e-002
8.640667617152e-002
1.153883346467e-001
1.794283391369e-001
2.632344753369e-001
4.048622866376e-001
3.744196184146e-001
2.498885284575e-001
1.660944327663e-001
1.026141838773e-001
8.061851826243e-002
5.804916947186e-002
4.460620645960e-002
3.601710190565e-002
3.020122699579e-002
2.607700862535e-002
2.418213509960e-002
2.155786120990e-002
1.953458289882e-002
1.849779740556e-002
1.710039917712e-002
1.634605272288e-002
1.534563003550e-002
1.478263037733e-002
1.405117162724e-002
1.362305045009e-002
1.307562407560e-002
1.274554770539e-002
1.233060272144e-002
1.207040374351e-002
1.174437140833e-002
1.152925498499e-002
1.132282643301e-002
1.104776250262e-002
1.083138854115e-002
1.058616773471e-002
1.017441341788e-002
9.729283406254e-003
9.064981096770e-003
7.989702682666e-003
5.347643826981e-003
7.508995398825e-004
-1.073683873531e-002
-5.240195159408e-002
-9.700000000000e+000
-5.240195159408e-002
-1.073683873532e-002
7.508995398824e-004
5.347643826981e-003
7.989702682666e-003
9.064981096770e-003
9.729283406254e-003
1.017441341788e-002
1.058616773471e-002
1.083138854115e-002
1.104776250262e-002
1.132282643301e-002
1.152925498499e-002
1.174437140833e-002
1.207040374351e-002
1.233060272144e-002
1.274554770539e-002
1.307562407560e-002
1.362305045009e-002
1.405117162724e-002
1.478263037733e-002
1.534563003550e-002
1.634605272288e-002
1.710039917712e-002
1.849779740556e-002
1.953458289882e-002
2.155786120990e-002
2.418213509960e-002
2.607700862535e-002
3.020122699579e-002
3.601710190565e-002
4.460620645960e-002
5.804916947186e-002
8.061851826243e-002
1.026141838773e-001
1.660944327663e-001
2.498885284575e-001
3.744196184146e-001
4.048622866376e-001
2.632344753369e-001
1.794283391369e-001
1.153883346467e-001
8.640667617152e-002
6.747281140629e-002
5.466370734057e-002
4.569953693751e-002
3.829222658705e-002
3.344621652083e-002
2.973405392226e-002
2.682637147605e-002
2.448939652348e-002
2.205622798071e-002
2.053091589195e-002
1.925651316275e-002
1.779995023544e-002
1.691271812599e-002
1.585131879069e-002
1.521293609978e-002
1.441935942799e-002
1.395312450850e-002
1.334951620723e-002
1.300018536057e-002
1.253489567086e-002
1.227005776832e-002
1.190283099049e-002
1.169361846747e-002
1.138521332333e-002
1.108605432116e-002
1.089811399182e-002
1.054302733987e-002
1.005318566887e-002
9.638933646953e-003
8.475349256650e-003
5.939335890380e-003
2.923436638182e-003
-1.211820019756e-002
-1.450021705797e-001
-1.733793711635e+000
-4.076282884780e-002
-8.638872398953e-003
1.166755989940e-003
6.487009957822e-003
8.139265519656e-003
9.413160860020e-003
9.941729573173e-003
1.031823120497e-002
1.070277112066e-002
1.092966519435e-002
1.121083009576e-002
1.141476770737e-002
1.162636405926e-002
1.193015837385e-002
1.218426874011e-002
1.246577703377e-002
1.278272843204e-002
1.323654387268e-002
1.364741313229e-002
1.411318246793e-002
1.464401846585e-002
1.538197701930e-002
1.608893313914e-002
1.690588461586e-002
1.785360385486e-002
1.896576253710e-002
2.027841895470e-002
2.198913930918e-002
2.386300905171e-002
2.614441322538e-002
2.895998611651e-002
3.248783554277e-002
3.699737144566e-002
4.287376387265e-002
5.209395861584e-002
6.409603575178e-002
8.141207876258e-002
1.068244720998e-001
1.714565393629e-001
3.176567804780e-001
4.095894345069e-001
3.293738432052e-001
1.929482369233e-001
1.394915873664e-001
8.938523528438e-002
6.318682455238e-002
5.341225552687e-002
4.187602240637e-002
3.448875814399e-002
3.090074684582e-002
2.677958403507e-002
2.455117326897e-002
2.266524385181e-002
2.053158930971e-002
1.925300604752e-002
1.814516434475e-002
1.691613756747e-002
1.611891561468e-002
1.541527287535e-002
1.465474973232e-002
1.412964896685e-002
1.366197798066e-002
1.324533676833e-002
1.287275318808e-002
1.248615555967e-002
1.219590145200e-002
1.193304048062e-002
1.169143930325e-002
1.146612946007e-002
1.125002693260e-002
1.103316990479e-002
1.080303189893e-002
1.051475989764e-002
1.017898034886e-002
9.713743715412e-003
9.010292216674e-003
7.853096070524e-003
5.747191173636e-003
1.420114303250e-003
-9.466050000977e-003
-5.041350550862e-002
-7.044666433876e-001
-1.952261474506e-001
-3.551189306754e-002
-2.057311845946e-003
3.778376857047e-003
7.528993332915e-003
8.708434520709e-003
9.738944057407e-003
1.014825137932e-002
1.059877407713e-002
1.094054457698e-002
1.112987350747e-002
1.142788787274e-002
1.161512427271e-002
1.194943821041e-002
1.233131050710e-002
1.258205659649e-002
1.306877239887e-002
1.364719290656e-002
1.433864725064e-002
1.516988892030e-002
1.568705061497e-002
1.680171519530e-002
1.817168325662e-002
1.987811048650e-002
2.204293305762e-002
2.484181271566e-002
2.854143120128e-002
3.116458285856e-002
3.738919991750e-002
4.640114670825e-002
5.437304308793e-002
7.324115378030e-002
9.395965656402e-002
1.401434174486e-001
2.017543765023e-001
2.961723811519e-001
4.113371530999e-001
2.947032408687e-001
1.949355240157e-001
1.305701527782e-001
9.383623548841e-002
7.192936452324e-002
5.786637168462e-002
4.564667186290e-002
3.925955891159e-002
3.452782199011e-002
2.941252070232e-002
2.676478035285e-002
2.360656850379e-002
2.198136541757e-002
1.988124927923e-002
1.819573218176e-002
1.735256058365e-002
1.615094181391e-002
1.515604099990e-002
1.432892767567e-002
1.392857834147e-002
1.330497324012e-002
1.277635786658e-002
1.232706678937e-002
1.193905602209e-002
1.159866624124e-002
1.128651511325e-002
1.097853995791e-002
1.063334887388e-002
1.017593737115e-002
9.452109159259e-003
8.081391094188e-003
4.947328375874e-003
-4.471054870262e-003
-1.965392912924e-002
-3.117156483837e-001
-3.372123205493e+000
-9.426935821906e-002
-1.784973256084e-002
6.714631626146e-005
5.086086627648e-003
7.482397780923e-003
8.783617216340e-003
9.566224992327e-003
1.014155648052e-002
1.048436625318e-002
1.075460175396e-002
1.098745659123e-002
1.120461377111e-002
1.142012945952e-002
1.164406059215e-002
1.188415583119e-002
1.216540059939e-002
1.245609361119e-002
1.278004433584e-002
1.314461063992e-002
1.355416634323e-002
1.401797273495e-002
1.454388607578e-002
1.514317188830e-002
1.582734746056e-002
1.661013825378e-002
1.751131405694e-002
1.866201531467e-002
1.992593829838e-002
2.141035807161e-002
2.317600503429e-002
2.529899074789e-002
2.786544150226e-002
3.189891362840e-002
3.618550068108e-002
4.166060337706e-002
4.873974020149e-002
6.310140634171e-002
7.809373688051e-002
1.162620964705e-001
1.985701883308e-001
3.450910272640e-001
