 -3.3917457e-002
 -1.4075238e-003
  5.8291851e-003
  8.4284632e-003
  9.2128003e-003
  1.0034466e-002
  1.0529733e-002
  1.0754287e-002
  1.1075346e-002
  1.1258675e-002
  1.1562609e-002
  1.1888752e-002
  1.2115489e-002
  1.2515656e-002
  1.2809033e-002
  1.3321356e-002
  1.3711629e-002
  1.4380140e-002
  1.4906673e-002
  1.5793889e-002
  1.6518302e-002
  1.7718763e-002
  1.8740737e-002
  1.9946152e-002
  2.1382430e-002
  2.3699275e-002
  2.5904550e-002
  2.8662120e-002
  3.3003077e-002
  3.7680858e-002
  4.3959043e-002
  5.2676128e-002
  6.5376817e-002
  8.4780709e-002
  1.1616126e-001
  1.6813261e-001
  3.1314799e-001
  3.8819537e-001
  2.6015409e-001
  1.6984040e-001
  1.0346550e-001
  8.0883990e-002
  5.8021298e-002
  4.4493759e-002
  3.5897335e-002
  3.0092711e-002
  2.5978661e-002
  2.4090380e-002
  2.1479770e-002
  1.9467217e-002
  1.8438341e-002
  1.7048287e-002
  1.6297060e-002
  1.5302415e-002
  1.4744121e-002
  1.4017001e-002
  1.3591041e-002
  1.3048493e-002
  1.2720157e-002
  1.2307918e-002
  1.2049120e-002
  1.1810637e-002
  1.1510623e-002
  1.1304497e-002
  1.1028267e-002
  1.0809999e-002
  1.0560190e-002
  1.0250252e-002
  9.6764552e-003
  8.9814540e-003
  7.8486774e-003
  5.0274750e-003
  3.2306934e-005
 -1.2771480e-002
 -6.1523350e-002
 -7.2630158e+000
 -6.8719464e-002
 -1.4028252e-002
  1.4051219e-003
  5.6611641e-003
  7.7614451e-003
  8.9283256e-003
  9.7970672e-003
  1.0225767e-002
  1.0541253e-002
  1.0868751e-002
  1.1083952e-002
  1.1288253e-002
  1.1571242e-002
  1.1791522e-002
  1.2127187e-002
  1.2395840e-002
  1.2690446e-002
  1.3170497e-002
  1.3550307e-002
  1.4189084e-002
  1.4685958e-002
  1.5550616e-002
  1.6213614e-002
  1.7412130e-002
  1.8309839e-002
  2.0025547e-002
  2.2226589e-002
  2.3825520e-002
  2.7222573e-002
  3.1914463e-002
  3.8691633e-002
  4.3375129e-002
  5.6091236e-002
  7.7271984e-002
  9.7461693e-002
  1.5675246e-001
  2.3551158e-001
  3.6415820e-001
  4.0599955e-001
  2.5728597e-001
  1.7291493e-001
  1.1772607e-001
  8.5159613e-002
  6.5310742e-002
  5.2507336e-002
  4.3757842e-002
  3.7480583e-002
  3.2819458e-002
  2.9240691e-002
  2.5762810e-002
  2.3573440e-002
  2.1785784e-002
  2.0307311e-002
  1.8652772e-002
  1.7638478e-002
  1.6448421e-002
  1.5732133e-002
  1.5109432e-002
  1.4330240e-002
  1.3873625e-002
  1.3280948e-002
  1.2940032e-002
  1.2482848e-002
  1.2223126e-002
  1.1860839e-002
  1.1536555e-002
  1.1348832e-002
  1.1049201e-002
  1.0859032e-002
  1.0493426e-002
  9.9780321e-003
  9.5349257e-003
  8.2705605e-003
  5.4446842e-003
 -2.6786522e-003
 -1.6152070e-002
 -1.1468029e-002
  9.8009554e-005
  4.8730673e-003
  7.9262667e-003
  8.9898679e-003
  9.8684088e-003
  1.0265199e-002
  1.0664717e-002
  1.0895835e-002
  1.1106590e-002
  1.1382949e-002
  1.1593832e-002
  1.1819333e-002
  1.2144446e-002
  1.2423293e-002
  1.2733813e-002
  1.3084536e-002
  1.3586275e-002
  1.4045782e-002
  1.4567669e-002
  1.5165793e-002
  1.5853112e-002
  1.6790384e-002
  1.7724532e-002
  1.8816906e-002
  2.0105637e-002
  2.1641058e-002
  2.3496789e-002
  2.5768113e-002
  2.8578568e-002
  3.2142979e-002
  3.6761540e-002
  4.2873764e-002
  5.1202114e-002
  6.2922116e-002
  7.9910073e-002
  1.1893201e-001
  1.6950052e-001
  3.2218682e-001
  4.1125307e-001
  2.7673308e-001
  1.7944468e-001
  1.0508807e-001
  7.0141661e-002
  5.1749250e-002
  4.0858248e-002
  3.5980912e-002
  3.0353164e-002
  2.7490310e-002
  2.4223552e-002
  2.2390771e-002
  2.0823531e-002
  1.9074901e-002
  1.7989975e-002
  1.7046106e-002
  1.6012066e-002
  1.5323490e-002
  1.4714517e-002
  1.4175407e-002
  1.3602113e-002
  1.3192360e-002
  1.2827046e-002
  1.2498823e-002
  1.2204360e-002
  1.1900459e-002
  1.1661875e-002
  1.1438757e-002
  1.1223177e-002
  1.1006209e-002
  1.0773395e-002
  1.0502918e-002
  1.0158620e-002
  9.6798619e-003
  8.9512598e-003
  7.7375850e-003
  5.5086563e-003
  8.6689471e-004
 -1.0967432e-002
 -6.1983955e-002
 -3.7597894e-002
 -2.4100677e-003
  3.6150667e-003
  7.4674576e-003
  9.1202672e-003
  9.7201853e-003
  1.0320983e-002
  1.0590763e-002
  1.0935060e-002
  1.1238894e-002
  1.1423012e-002
  1.1738706e-002
  1.1944362e-002
  1.2327349e-002
  1.2773178e-002
  1.3302583e-002
  1.3644111e-002
  1.4336807e-002
  1.5169889e-002
  1.6183524e-002
  1.7430562e-002
  1.8977064e-002
  2.0938026e-002
  2.3458648e-002
  2.6790982e-002
  3.1300976e-002
  3.7617318e-002
  4.6823145e-002
  5.5037638e-002
  7.4535069e-002
  9.6376934e-002
  1.3430380e-001
  2.0861203e-001
  3.4422797e-001
  4.1115510e-001
  2.7769356e-001
  1.8479836e-001
  1.2565327e-001
  9.1396516e-002
  7.0549902e-002
  5.3912705e-002
  4.5183309e-002
  3.8954431e-002
  3.2584303e-002
  2.9280804e-002
  2.5485733e-002
  2.3537727e-002
  2.1095156e-002
  1.9151926e-002
  1.8174238e-002
  1.6815592e-002
  1.5698548e-002
  1.5149445e-002
  1.4325256e-002
  1.3634443e-002
  1.3051618e-002
  1.2557830e-002
  1.2136716e-002
  1.1771317e-002
  1.1601613e-002
  1.1289895e-002
  1.0981934e-002
  1.0638040e-002
  1.0184441e-002
  9.4674003e-003
  8.8679087e-003
  6.8103235e-003
  1.4913814e-003
 -1.8824620e-002
 -1.0809129e-002
  8.3314241e-004
  5.4283359e-003
  7.6591377e-003
  8.8888900e-003
  9.6319375e-003
  1.0184593e-002
  1.0517526e-002
  1.0783041e-002
  1.1013153e-002
  1.1229403e-002
  1.1445956e-002
  1.1692420e-002
  1.1934122e-002
  1.2198986e-002
  1.2493839e-002
  1.2822617e-002
  1.3192745e-002
  1.3610168e-002
  1.4081439e-002
  1.4617863e-002
  1.5227261e-002
  1.5925670e-002
  1.6725303e-002
  1.7646562e-002
  1.8715506e-002
  2.0117872e-002
  2.1644821e-002
  2.3463963e-002
  2.5647728e-002
  2.8300248e-002
  3.2507090e-002
  3.6979449e-002
  4.2692785e-002
  5.0146367e-002
  6.5457178e-002
  8.1488812e-002
  1.2306066e-001
  2.1322839e-001
  3.6031498e-001
  4.1105113e-001
  2.8525189e-001
  1.9907377e-001
  1.4765079e-001
  9.0677789e-002
  6.4119004e-002
  5.2880439e-002
  4.4504450e-002
  3.6661221e-002
  3.2294767e-002
  2.8811016e-002
  2.6013166e-002
  2.3720979e-002
  2.1830894e-002
  2.0086351e-002
  1.8804162e-002
  1.7706759e-002
  1.6766109e-002
  1.5951160e-002
  1.5242907e-002
  1.4623755e-002
  1.4081439e-002
  1.3605594e-002
  1.3184672e-002
  1.2811914e-002
  1.2480145e-002
  1.2184936e-002
  1.1918187e-002
  1.1675695e-002
  1.1427788e-002
  1.1210639e-002
  1.0991522e-002
  1.0756069e-002
  1.0483506e-002
  1.0136084e-002
  9.6532687e-003
  8.9251205e-003
  7.7243060e-003
  4.9343549e-003
 -2.9097359e-004
 -1.4008263e-002
 -7.1465705e-002
 -1.9359162e-001
 -1.4905648e-002
  2.3255079e-003
  7.1062496e-003
  8.3037562e-003
  9.5612013e-003
  1.0240538e-002
  1.0678180e-002
  1.1015755e-002
  1.1323118e-002
  1.1637224e-002
  1.1982452e-002
  1.2377028e-002
  1.2834386e-002
  1.3374049e-002
  1.4010930e-002
  1.4767246e-002
  1.5262772e-002
  1.6279273e-002
  1.7507581e-002
  1.8377234e-002
  2.0103707e-002
  2.2256838e-002
  2.3930964e-002
  2.7193248e-002
  2.9930519e-002
  3.5223563e-002
  4.0150529e-002
  4.6837602e-002
  5.9566988e-002
  7.4325718e-002
  9.7372721e-002
  1.3596763e-001
  2.0222855e-001
  3.6097828e-001
  3.3524443e-001
  2.0940069e-001
  1.3684511e-001
  8.8551219e-002
  6.8682733e-002
  5.0898968e-002
  4.3604645e-002
  3.5278755e-002
  2.9557536e-002
  2.7171000e-002
  2.3759963e-002
  2.1176816e-002
  1.9173319e-002
  1.7587339e-002
  1.6315288e-002
  1.5279172e-002
  1.4427945e-002
  1.3721956e-002
  1.3374456e-002
  1.2834727e-002
  1.2380346e-002
  1.2143397e-002
  1.1782584e-002
  1.1463614e-002
  1.1278604e-002
  1.0977376e-002
  1.0642941e-002
  1.0385862e-002
  9.8240681e-003
  9.2732617e-003
  7.7851208e-003
  4.4232553e-003
 -6.4582387e-004
 -2.7518688e-002
 -4.8820526e-001
 -3.8952615e-002
 -7.2113087e-003
  2.2296491e-003
  6.1308725e-003
  8.0618293e-003
  9.1397065e-003
  9.8002222e-003
  1.0242428e-002
  1.0566957e-002
  1.0826617e-002
  1.1054666e-002
  1.1270221e-002
  1.1486628e-002
  1.1712875e-002
  1.1993517e-002
  1.2266331e-002
  1.2567432e-002
  1.2903222e-002
  1.3278377e-002
  1.3795986e-002
  1.4286634e-002
  1.4840560e-002
  1.5466454e-002
  1.6393479e-002
  1.7241228e-002
  1.8213177e-002
  1.9758403e-002
  2.1144502e-002
  2.2764085e-002
  2.5586884e-002
  2.8070151e-002
  3.2809671e-002
  3.6961541e-002
  4.5878304e-002
  5.3585388e-002
  7.3185840e-002
  1.1042487e-001
  1.8834370e-001
  2.8646731e-001
  4.1005410e-001
  3.3963863e-001
  1.8320794e-001
  1.2819733e-001
  8.4578647e-002
  6.6100322e-002
  5.3426358e-002
  4.4472391e-002
  3.7936770e-002
  3.3045952e-002
  2.9284820e-002
  2.6328698e-002
  2.3953085e-002
  2.2016392e-002
  2.0417122e-002
  1.9077190e-002
  1.7946716e-002
  1.6984040e-002
  1.6016125e-002
  1.5306623e-002
  1.4691656e-002
  1.4153469e-002
  1.3681490e-002
  1.3167631e-002
  1.2807508e-002
  1.2487811e-002
  1.2203015e-002
  1.1870419e-002
  1.1641281e-002
  1.1427987e-002
  1.1151337e-002
  1.0942697e-002
  1.0717780e-002
  1.0336428e-002
  9.9666186e-003
  9.1609549e-003
  8.2037623e-003
  6.6016760e-003
  1.4732073e-003
 -7.8392645e-003
 -7.2295105e-002
 -1.6421969e-001
 -3.3917457e-002
