  1.1758276e-001
  1.8429470e-001
  2.7001813e-001
  4.0728716e-001
  3.6978133e-001
  2.4735725e-001
  1.6546087e-001
  1.0261418e-001
  8.0706878e-002
  5.8188818e-002
  4.4719095e-002
  3.6110710e-002
  3.0280579e-002
  2.7775053e-002
  2.4241479e-002
  2.1599751e-002
  1.9572706e-002
  1.8535187e-002
  1.7131245e-002
  1.5998434e-002
  1.5368522e-002
  1.4544714e-002
  1.4068369e-002
  1.3455617e-002
  1.3089932e-002
  1.2758330e-002
  1.2341525e-002
  1.2081117e-002
  1.1753730e-002
  1.1537893e-002
  1.1331675e-002
  1.1057157e-002
  1.0842016e-002
  1.0511989e-002
  1.0191388e-002
  9.7536289e-003
  9.1024008e-003
  7.6607052e-003
  5.4880222e-003
  1.0598354e-003
 -1.5104297e-002
  1.1684699e-003
  5.5381133e-003
  8.0768540e-003
  9.1167652e-003
  9.7635444e-003
  1.0198751e-002
  1.0603790e-002
  1.0846255e-002
  1.1061181e-002
  1.1336445e-002
  1.1542944e-002
  1.1846075e-002
  1.2087388e-002
  1.2349498e-002
  1.2767664e-002
  1.3100380e-002
  1.3650718e-002
  1.4082180e-002
  1.4821463e-002
  1.5389211e-002
  1.6398203e-002
  1.7159127e-002
  1.8572755e-002
  1.9619528e-002
  2.1662904e-002
  2.4321044e-002
  2.6237352e-002
  3.0420325e-002
  3.6326181e-002
  4.5060427e-002
  5.0905530e-002
  6.7537045e-002
  8.1867498e-002
  1.2256486e-001
  1.6940794e-001
  2.5454156e-001
  3.7672387e-001
  4.0498026e-001
  2.6646320e-001
  1.6193259e-001
  1.1715410e-001
  8.7678017e-002
  6.8309554e-002
  5.5281602e-002
  4.6151308e-002
  3.9502005e-002
  3.3707387e-002
  2.9937478e-002
  2.6987272e-002
  2.4624923e-002
  2.2166342e-002
  2.0625658e-002
  1.8915656e-002
  1.7868305e-002
  1.6969800e-002
  1.6197978e-002
  1.5255394e-002
  1.4455155e-002
  1.3983365e-002
  1.3568568e-002
  1.3024334e-002
  1.2712290e-002
  1.2288498e-002
  1.2048363e-002
  1.1708157e-002
  1.1399024e-002
  1.1216380e-002
  1.0912644e-002
  1.0561125e-002
  1.0300077e-002
  9.6751758e-003
  9.1129644e-003
  7.4024953e-003
  3.2431805e-003
 -1.0821915e-002
 -3.7434369e-002
 -1.6086191e-002
  1.5078695e-003
  5.5434504e-003
  8.2098256e-003
  9.1609549e-003
  9.9653842e-003
  1.0335476e-002
  1.0621114e-002
  1.0940642e-002
  1.1149334e-002
  1.1354109e-002
  1.1637544e-002
  1.1866325e-002
  1.2196438e-002
  1.2480445e-002
  1.2798043e-002
  1.3155624e-002
  1.3667510e-002
  1.4135904e-002
  1.4669760e-002
  1.5279494e-002
  1.5982633e-002
  1.6941841e-002
  1.7894842e-002
  1.9013334e-002
  2.0333655e-002
  2.1907794e-002
  2.3811833e-002
  2.6144413e-002
  2.9042901e-002
  3.2713688e-002
  3.7462277e-002
  4.3752636e-002
  5.2332509e-002
  6.4386289e-002
  8.1770999e-002
  1.2143141e-001
  1.7134727e-001
  3.1467558e-001
  4.1071063e-001
  3.3593725e-001
  1.9840856e-001
  1.4259300e-001
  9.0921474e-002
  6.4013448e-002
  4.8690612e-002
  3.9150145e-002
  3.4738613e-002
  2.9591600e-002
  2.6915798e-002
  2.3846536e-002
  2.2100925e-002
  2.0607314e-002
  1.8924080e-002
  1.7875667e-002
  1.6958172e-002
  1.5950430e-002
  1.5278206e-002
  1.4680552e-002
  1.4041378e-002
  1.3588440e-002
  1.3184288e-002
  1.2823468e-002
  1.2499881e-002
  1.2207186e-002
  1.1906275e-002
  1.1669424e-002
  1.1447857e-002
  1.1234579e-002
  1.1019704e-002
  1.0790068e-002
  1.0525675e-002
  1.0192744e-002
  9.7325788e-003
  8.9994863e-003
  7.8427757e-003
  5.7531558e-003
  1.4433834e-003
 -2.0242708e-003
  5.4925151e-003
  7.5366046e-003
  9.1506467e-003
  9.9860558e-003
  1.0332480e-002
  1.0734051e-002
  1.0940545e-002
  1.1243595e-002
  1.1427191e-002
  1.1742593e-002
  1.2097019e-002
  1.2329329e-002
  1.2775521e-002
  1.3302583e-002
  1.3932381e-002
  1.4333128e-002
  1.5163275e-002
  1.6170242e-002
  1.7407989e-002
  1.8945458e-002
  2.0884103e-002
  2.3378331e-002
  2.6655926e-002
  3.1081159e-002
  3.7247768e-002
  4.6162619e-002
  5.4020078e-002
  7.2586636e-002
  9.2833588e-002
  1.2708041e-001
  1.9165691e-001
  3.1229347e-001
  4.0987505e-001
  3.0071675e-001
  1.9830088e-001
  1.3212178e-001
  9.4541002e-002
  7.2270549e-002
  5.8061120e-002
  4.8415657e-002
  4.1523556e-002
  3.4565179e-002
  3.0912521e-002
  2.6780723e-002
  2.4633685e-002
  2.1981365e-002
  1.9881249e-002
  1.8815243e-002
  1.7346176e-002
  1.6615439e-002
  1.5551634e-002
  1.4666924e-002
  1.3925254e-002
  1.3568999e-002
  1.3005616e-002
  1.2525564e-002
  1.2114841e-002
  1.1756411e-002
  1.1435363e-002
  1.1131686e-002
  1.0813168e-002
  1.0428180e-002
  1.0192894e-002
  9.8717952e-003
  8.9112832e-003
  6.9387322e-003
  1.8972341e-003
  4.9203491e-003
  7.3962692e-003
  8.9070821e-003
  9.6380608e-003
  1.0120646e-002
  1.0468813e-002
  1.0742085e-002
  1.0976599e-002
  1.1218007e-002
  1.1431275e-002
  1.1653060e-002
  1.1890758e-002
  1.2151542e-002
  1.2439493e-002
  1.2761327e-002
  1.3123452e-002
  1.3530223e-002
  1.3990842e-002
  1.4513104e-002
  1.5108187e-002
  1.5785024e-002
  1.6561826e-002
  1.7455987e-002
  1.8492470e-002
  1.9694840e-002
  2.1110863e-002
  2.2777441e-002
  2.5156316e-002
  2.7694884e-002
  3.0800977e-002
  3.4641883e-002
  4.1258711e-002
  4.8206452e-002
  6.2198977e-002
  7.6838911e-002
  9.6536657e-002
  1.4877472e-001
  2.4863167e-001
  3.3959582e-001
  4.1189924e-001
  3.4626542e-001
  1.9744128e-001
  1.1527843e-001
  7.7421060e-002
  6.2570146e-002
  5.1638455e-002
  4.1375294e-002
  3.5971399e-002
  3.1714865e-002
  2.7728844e-002
  2.5184729e-002
  2.3079568e-002
  2.1328263e-002
  1.9855543e-002
  1.8601317e-002
  1.7534223e-002
  1.6612992e-002
  1.5817360e-002
  1.5123462e-002
  1.4518860e-002
  1.3989152e-002
  1.3522775e-002
  1.3110300e-002
  1.2746210e-002
  1.2420945e-002
  1.2131359e-002
  1.1869366e-002
  1.1630618e-002
  1.1406937e-002
  1.1191903e-002
  1.0974561e-002
  1.0739868e-002
  1.0419353e-002
  1.0050194e-002
  9.5274758e-003
  8.7228985e-003
  7.3723905e-003
  4.8781166e-003
  1.6515846e-003
  6.8474540e-003
  8.8725158e-003
  9.8505993e-003
  1.0413824e-002
  1.0802416e-002
  1.1121669e-002
  1.1273015e-002
  1.1579588e-002
  1.1912223e-002
  1.2288777e-002
  1.2724099e-002
  1.3231864e-002
  1.3547951e-002
  1.4211215e-002
  1.4998004e-002
  1.5935488e-002
  1.6569919e-002
  1.7848710e-002
  1.9406317e-002
  2.0541696e-002
  2.2770761e-002
  2.4511563e-002
  2.7872794e-002
  3.0707586e-002
  3.6103053e-002
  4.1140284e-002
  5.0549770e-002
  6.0474080e-002
  7.4722471e-002
  9.6137986e-002
  1.2976204e-001
  1.8292473e-001
  2.5900063e-001
  3.8433007e-001
  4.1084611e-001
  3.1433879e-001
  1.9117038e-001
  1.2637561e-001
  9.2197981e-002
  6.5000514e-002
  5.3695350e-002
  4.1968535e-002
  3.4185880e-002
  3.0936094e-002
  2.6545644e-002
  2.3292441e-002
  2.0815899e-002
  1.8890437e-002
  1.7363063e-002
  1.6133212e-002
  1.5130336e-002
  1.4305640e-002
  1.3621082e-002
  1.3281739e-002
  1.2757998e-002
  1.2314519e-002
  1.2082651e-002
  1.1730177e-002
  1.1415363e-002
  1.1231511e-002
  1.0928193e-002
  1.0583520e-002
  1.0312298e-002
  9.7085297e-003
  9.1018122e-003
  7.4362543e-003
  5.3133326e-003
 -2.5818547e-003
  1.0268074e-003
  5.5647416e-003
  7.7447117e-003
  8.9401423e-003
  9.6976293e-003
  1.0167229e-002
  1.0507158e-002
  1.0774849e-002
  1.1005533e-002
  1.1220496e-002
  1.1433867e-002
  1.1654349e-002
  1.1890522e-002
  1.2146678e-002
  1.2479845e-002
  1.2800913e-002
  1.3160193e-002
  1.3561252e-002
  1.4010687e-002
  1.4644865e-002
  1.5235557e-002
  1.5904637e-002
  1.6660880e-002
  1.7810649e-002
  1.8849691e-002
  2.0044705e-002
  2.1996919e-002
  2.3725506e-002
  2.5749034e-002
  2.9401729e-002
  3.2560141e-002
  3.8846380e-002
  4.4164328e-002
  5.6098814e-002
  7.5599817e-002
  1.0996196e-001
  1.7216066e-001
  2.3598482e-001
  3.3472399e-001
  4.1093117e-001
  3.0932090e-001
  1.6756727e-001
  1.1885944e-001
  8.7074217e-002
  6.3489354e-002
  5.1692129e-002
  4.3282827e-002
  3.7109208e-002
  3.2442984e-002
  2.8831842e-002
  2.5977584e-002
  2.3678512e-002
  2.1800290e-002
  2.0241776e-002
  1.8934199e-002
  1.7829655e-002
  1.6740679e-002
  1.5934033e-002
  1.5239071e-002
  1.4632187e-002
  1.4102739e-002
  1.3533634e-002
  1.3131747e-002
  1.2776860e-002
  1.2461601e-002
  1.2099851e-002
  1.1850831e-002
  1.1623391e-002
  1.1341123e-002
  1.1135979e-002
  1.0926916e-002
  1.0604473e-002
  1.0314370e-002
  9.7420148e-003
  9.1123790e-003
  8.1299262e-003
  5.3596449e-003
  1.1186307e-003
 -2.7486330e-003
  5.4128471e-003
  7.3345242e-003
  9.0819957e-003
  9.9545824e-003
  1.0287327e-002
  1.0702233e-002
  1.1027017e-002
  1.1209013e-002
  1.1506441e-002
  1.1700495e-002
  1.2039553e-002
  1.2423586e-002
  1.2701998e-002
  1.3189475e-002
  1.3555024e-002
  1.4187562e-002
  1.4678278e-002
  1.5237473e-002
  1.6176689e-002
  1.6948712e-002
  1.8219857e-002
  1.9309882e-002
  2.0592392e-002
  2.2664417e-002
  2.4590907e-002
  2.6946881e-002
  2.9888822e-002
  3.4474571e-002
  3.9455534e-002
  4.6091992e-002
  5.5229719e-002
  6.8309554e-002
  8.7776833e-002
  1.1758276e-001
