




0
0
0
0
0
0
0
0
0
0
0
0
0
0
0
0
0
0
0
0
0
0
-0.0157778657372
-0.0315557314744
-0.031625189045295
-0.03169464661619
-0.031766478044295
-0.0318383094724
-0.031864431158595
-0.03189055284479
-0.031963276876595
-0.0320360009084
-0.03218605133558
-0.03226326810616
-0.03234048487674
-0.03235998770538
-0.03237949053402
-0.032456804969395
-0.03253411940477
-0.032613525131105
-0.03269293085744
-0.032774137647035
-0.03285534443663
-0.03293839449355
-0.03302144455047
-0.03319097094978
-0.03327731150541
-0.03336365206104
-0.03345142813836
-0.03353920421568
-0.03362808813168
-0.03371697204768
-0.033806984358075
-0.03389699666847
-0.03398797514043
-0.03407895361239
-0.034170358049895
-0.0342617624874
-0.03444579371164
-0.03453804579661
-0.03463029788158
-0.03472258678971
-0.03481487569784
-0.034877271133645
-0.03493966656945
-0.034994363984805
-0.03504906140016
-0.03514399335313
-0.0352389253061
-0.03542689485198
-0.03551088248625
-0.03559487012052
-0.03564118250411
-0.0356874948877
-0.0357824714315
-0.0358774479753
-0.03597097709823
-0.03606450622116
-0.036110605690635
-0.03615670516011
-0.03625149095582
-0.03634627675153
-0.0365315263361
-0.03658666567841
-0.03664180502072
-0.03673487537119
-0.03682794572166
-0.036899503734875
-0.03697106174809
-0.037053837153395
-0.0371366125587
-0.037226503626985
-0.03731639469527
-0.0373869876258
-0.03745758055633
-0.03763467784319
-0.03771188955196
-0.03778910126073
-0.03787581531281
-0.03796252936489
-0.03804614129137
-0.03812975321785
-0.038213873342335
-0.03829799346682
-0.038388231900275
-0.03847847033373
-0.03855942525904
-0.03864038018435
-0.03883267103758
-0.038909607246215
-0.03898654345485
-0.039088542996515
-0.03919054253818
-0.03929483966855
-0.03939913679892
-0.03947463429391
-0.0395501317889
-0.03966359502846
-0.03977705826802
-0.03984294754976
-0.0399088368315
-0.04014448662594
-0.04026860195126
-0.04039271727658
-0.040456777241305
-0.04052083720603
-0.040641788957015
-0.040762740708
-0.04089603142761
-0.04102932214722
-0.041168944219925
-0.04130856629263
-0.041352013982885
-0.04139546167314
-0.04167753453948
-0.041824118946945
-0.04197070335441
-0.04212246579832
-0.04227422824223
-0.042431062914885
-0.04258789758754
-0.042749691311075
-0.04291148503461
-0.042925151600985
-0.04293881816736
-0.043097982071685
-0.04325714597601
-0.04358262520257
-0.043748440196435
-0.0439142551903
-0.044077051305755
-0.04423984742121
-0.0442608696061
-0.04428189179099
-0.044460004938465
-0.04463811808594
-0.044817521446085
-0.04499692480623
-0.04517696188579
-0.04535699896535
-0.04571694279877
-0.04589610729621
-0.04607527179365
-0.046136067852565
-0.04619686391148
-0.046382560772225
-0.04656825763297
-0.046751400197825
-0.04693454276268
-0.04704701040124
-0.0471594780398
-0.047318470756615
-0.04747746347343
-0.04784306880071
-0.047951191430495
-0.04805931406028
-0.04824404973947
-0.04842878541866
-0.048606989874925
-0.04878519433119
-0.048916970900345
-0.0490487474695
-0.049225395738975
-0.04940204400845
-0.04955198531684
-0.04970192662523
-0.0500473300448
-0.050215235931225
-0.05038314181765
-0.050549661924575
-0.0507161820315
-0.050901378950695
-0.05108657586989
-0.05124444385207
-0.05140231183425
-0.051603998991525
-0.0518056861488
-0.05211753676329
-0.05232576652097
-0.05253399627865
-0.052767722726505
-0.05300144917436
-0.05313195859981
-0.05326246802526
-0.053508673657075
-0.05375487928889
-0.054019153851865
-0.05428342841484
-0.054391723131975
-0.05450001784911
-0.05504052028954
-0.055329354397665
-0.05561818850579
-0.05592361827564
-0.05622904804549
-0.056550950644565
-0.05687285324364
-0.056920392616705
-0.05696793198977
-0.057287395930595
-0.05760685987142
-0.05793892307022
-0.05827098626902
-0.05895607848751
-0.0593078933022
-0.05965970811689
-0.060018291552955
-0.06037687498902
-0.060432186183
-0.06048749737698
-0.06087390712326
-0.06126031686954
-0.06164882706408
-0.06203733725862
-0.06242523854912
-0.06281313983962
-0.0635078904891
-0.063711517484875
-0.06391514448065
-0.06431512726187
-0.06471511004309
-0.06510423596055
-0.06549336187801
-0.06573190849134
-0.06597045510467
-0.066365061944445
-0.06675966878422
-0.0670525684191
-0.06734546805398
-0.06813000956769
-0.06848137572626
-0.06883274188483
-0.06921280315038
-0.06959286441593
-0.07000250829299
-0.07041215217005
-0.07076999828343
-0.07112784439681
-0.071594307350245
-0.07206077030368
-0.07238554524039
-0.0727103201771
-0.07374203018112
-0.074316014553465
-0.07488999892581
-0.07515456185504
-0.07541912478427
-0.076030815669555
-0.07664250655484
-0.07731267416294
-0.07798284177104
-0.078712639764745
-0.07944243775845
-0.079570237950595
-0.07969803814274
-0.08116489232085
-0.08194197240412
-0.08271905248739
-0.083536535410325
-0.08435401833326
-0.08520092897907
-0.08604783962488
-0.086353525392125
-0.08665921115937
-0.087448887787325
-0.08823856441528
-0.089196764680795
-0.09015496494631
-0.09205470846639
-0.092525701950625
-0.09299669543486
-0.09400655876192
-0.09501642208898
-0.095979047606125
-0.09694167312327
-0.09769074660321
-0.09843982008315
-0.099400580516925
-0.1003613409507
-0.101328943931
-0.1022965469113
-0.1041092170224
-0.10529539958655
-0.1064815821507
-0.1075886230968
-0.1086956640429
-0.1097662839184
-0.1108369037939
-0.1124482489911
-0.1140595941883
-0.1159329495803
-0.1178063049723
-0.11871421171715
-0.119622118462
-0.1224790456795
-0.1246184832411
-0.1267579208027
-0.12906277028955
-0.1313676197764
-0.1318052731263
-0.1322429264762
-0.1350319742322
-0.1378210219882
-0.1406471284209
-0.1434732348536
-0.1486695527772
-0.1508275252117
-0.1529854976462
-0.15586622542175
-0.1587469531973
-0.1618310281814
-0.1649151031655
-0.1675862809782
-0.1702574587909
-0.1744608212254
-0.1786641836599
-0.1842328104483
-0.1898014372367
-0.2043745901005
-0.2134854777828
-0.2225963654651
-0.2330421671683
-0.2434879688715
-0.2541229577273
-0.2647579465831
-0.27468903838625
-0.2846201301894
-0.296060941684
-0.3075017531786
-0.3272057798893
-0.3469098066
-0.4155169155665
-0.4671464872009
-0.5187760588353
-0.59300511833215
-0.667234177829
-0.74002491319545
-0.8128156485619
-1.06873744927195
-1.324659249982
-91.149464277441
-180.9742693049
-89.8249136858615
1.324441933177
0.8129352954163
0.74012525372475
0.6673152120332
0.59302863733405
0.5187420626349
0.46711853177765
0.4154950009204
0.38119474093995
0.3468944809595
0.3272068624255
0.3075192438915
0.2960771873574
0.2846351308233
0.2647709385592
0.25412566038335
0.2434803822075
0.2330352005736
0.2225900189397
0.21347962741325
0.2043692358868
0.1970830262207
0.1897968165546
0.1842334693169
0.1786701220792
0.17446192992755
0.1702537377759
0.1649201654944
0.16183194118015
0.1587437168659
0.1558631040906
0.1529824913153
0.1508246022711
0.1486667132269
0.14606865152935
0.1434705898318
0.1406475754566
0.1378245610814
0.1350326197591
0.1322406784368
0.1313654013312
0.1290606281627
0.1267558549942
0.12461884856895
0.1224818421437
0.12105331418885
0.119624786234
0.1187146531727
0.1178045201114
0.11593122048295
0.1140579208545
0.11244662218925
0.110835323524
0.1086978674654
0.1075907821638
0.1064836968622
0.1052974677788
0.1041112386954
0.1032032195695
0.1022952004436
0.10132762265785
0.1003600448721
0.0993993089811
0.0984385730901
0.09768951841792
0.09694046374574
0.09501526020795
0.09400542128497
0.09299558236199
0.092524600081205
0.09205361780042
0.091103768289445
0.09015391877847
0.089196968055145
0.08824001733182
0.08745031496006
0.0866606125883
0.08635374954489
0.08604688650148
0.0843531023243
0.08353671591355
0.0827203295028
0.081942186849585
0.08116404419637
0.08043063228171
0.07969722036705
0.07956942279085
0.07944162521465
0.078711841998745
0.07798205878284
0.07664175022628
0.07603007130666
0.07541839238704
0.075153834573645
0.07488927676025
0.07431530336356
0.07374132996687
0.07322548468478
0.07270963940269
0.07238487051547
0.07206010162825
0.071594445242215
0.07112878885618
0.07041307773334
0.0700034231576
0.06959376858186
0.06921295015657
0.06883213173128
0.06848150394024
0.0681308761492
0.06773859547793
0.06734631480666
0.067052704805305
0.06675909480395
0.06636518123057
0.06597126765719
0.06549280945096
0.06510435071865
0.06471589198634
0.06431589960528
0.06391590722422
0.063712275387015
0.06350864354981
0.063160637611675
0.06281263167354
0.06242534377155
0.06203805586956
0.06164953673617
0.06126101760278
0.06048702612159
0.06043171578816
0.06037640545473
0.06001782755949
0.05965924966425
0.059307988595495
0.05895672752674
0.058613638213005
0.05827054889927
0.05793901422952
0.05760747955977
0.057287496755765
0.05696751395176
0.05687243659912
0.05655103752993
0.05622963846074
0.055924202314845
0.05561876616895
0.055329448107525
0.0550401300461
0.054770351287985
0.05450057252987
0.054391810678945
0.05428304882802
0.054019233870545
0.05375541891307
0.0532621025759
0.053132038180335
0.05300197378477
0.052767807268785
0.0525336407528
0.052325413801065
0.05211718684933
0.051961687107305
0.05180618736528
0.05160407940967
0.05140197145406
0.0512441055553
0.05108623965654
0.05071585067365
0.050549332734585
0.05038281479552
0.050214911080555
0.05004700736559
0.04987430787417
0.04970160838275
0.049552054097535
0.04940249981232
0.04922584829615
0.04904919677998
0.048917042247695
0.04878488771541
0.04842848326479
0.048244114348995
0.0480597454332
0.047951259670855
0.04784277390851
0.047659973488885
0.04747717306926
0.047318182290195
0.04715919151113
0.04704672523544
0.04693425895975
0.04675111860027
0.04656797824079
0.04619658895635
0.046136128626875
0.0460756682974
0.04589650072942
0.04571733316144
0.045537358184455
0.04535738320747
0.045177343090695
0.04499730297392
0.04481758217005
0.04463786136618
0.04445975025854
0.0442816391509
0.04423959526047
0.044076800993395
0.04391400672632
0.04374819360109
0.04358238047586
0.0434196426828
0.04325690488974
0.04309774275246
0.04293858061518
0.042924914199925
0.04291124778467
0.04258823635902
0.04243139920119
0.04227456204336
0.042122519216725
0.04197047639009
0.041824167688455
0.04167785898682
0.04153682036587
0.04139578174492
0.041352333383695
0.04130888502247
0.04116926080307
0.04102963658367
0.04076252661646
0.040641576131845
0.04052062564723
0.040456566350165
0.0403925070531
0.04026839301536
0.04014427897762
0.040026455295385
0.03990863161315
0.039842743007725
0.0397768544023
0.03966339232215
0.039549930242
0.03939942675182
0.039295128090805
0.03919082942979
0.03908882839904
0.03898682736829
0.03890989004161
0.03883295271493
0.038736570257735
0.03864018780054
0.03855923367945
0.03847827955836
0.038388273500605
0.03829826744285
0.03813002479266
0.03804618423131
0.03796234366996
0.037875630464055
0.03778891725815
0.037711929835715
0.03763494241328
0.03754617109027
0.03745739976726
0.037387027288795
0.03731665481033
0.03722676249219
0.03713687017405
0.03697088562375
0.03689932829083
0.03682777095791
0.036734913388195
0.03664205581848
0.03658670509605
0.03653135437362
0.03643873045093
0.03634610652824
0.036251527945485
0.03615694936273
0.03611084927148
0.03606474918023
0.03587768842113
0.035782509599435
0.03568733077774
0.035641218786125
0.03559510679451
0.035511118046235
0.03542712929796
0.035332947296385
0.03523876529481
0.03514402808394
0.03504929087307
0.034994400068405
0.03493950926374
0.03481471951356
0.034722620709255
0.03463052190495
0.034538268629855
0.03444601535476
0.03435399856189
0.03426198176902
0.034170392864425
0.03407880395983
0.033988007633285
0.03389721130674
0.03380701843175
0.03371682555676
0.03353905926508
0.03345128394433
0.03336350862358
0.03327716880827
0.03319082899296
0.03310606651637
0.03302130403978
0.032938254687725
0.03285520533567
0.032773999231855
0.03269279312804
0.032613388068995
0.03253398300995
0.03237935543239
0.032360017845825
0.03234068025926
0.03226346255808
0.0321862448569
0.03211121874339
0.03203619262988
0.031963467729765
0.03189074282965
0.03186462083253
0.03183849883541
0.03176650800172
0.03169451716803
0.03155560315828
0.031502191259535
0.03144877936079
0.031403484221055
0.03135818908132
0.031292503201525
0.03122681732173
0.03117542793399
0.03112403854625
0.0310769365476
0.03102983454895
0.03090722326235
0.03086947143985
0.03083171961735
0.03077223475524
0.03071274989313
0.030655938685755
0.03059912747838
0.03055874167683
0.03051835587528
0.03046371952046
0.03040908316564
0.030366728909375
0.03032437465311
0.03021994302805
0.030175963294665
0.03013198356128
0.03008213509527
0.03003228662926
0.029986727765335
0.02994116890141
0.02989405747442
0.02984694604743
0.02980013015564
0.02975331426385
0.02970887425714
0.02966443425043
0.02956862977204
0.029526934065545
0.02948523835905
0.029436548795705
0.02938785923236
0.0293489757757
0.02931009231904
0.029260631495915
0.02921117067279
0.02917516464064
0.02913915860849
0.02908934016023
0.02903952171197
0.02893739133754
0.028905081877915
0.02887277241829
0.02882163760512
0.02877050279195
0.028732973581645
0.02869544437134
0.02865242374447
0.0286094031176
0.02855739937905
0.0285053956405
0.02847417015758
0.02844294467466
0.0283507944469
0.02829846536383
0.02824613628076
0.02820332355435
0.02816051082794
0.028129786194615
0.02809906156129
0.02804691357183
0.02799476558237
0.02794202098935
0.02788927639633
0.02785755111055
0.02782582582477
0.02775244769817
0.027700369110455
0.02764829052274
0.027596122314015
0.02754395410529
0.027491465027075
0.02743897594886
0.02740542680933
0.0273718776698
0.027344143269115
0.02731640886843
0.027265366187555
0.02721432350668
0.02711253409567
0.027061788315625
0.02701104253558
0.026960560903
0.02691007927042
0.026859746667145
0.02680941406387
0.02675968178969
0.02670994951551
0.02666047307204
0.02661099662857
0.02656210728595
0.02651321794333
0.02641659567443
0.02636896339767
0.02632133112091
0.026274258259945
0.02622718539898
0.02618087925999
0.026134573121
0.026089556363955
0.02604453960691
0.026035658982495
0.02602677835808
0.025981069692395
0.02593536102671
0.02584563791596
0.025801609239485
0.02575758056301
0.02571457897617
0.02567157738933
0.025658898954825
0.02564622052032
0.025603279912605
0.02556033930489
0.02551840239714
0.02547646548939
0.025435617167425
0.02539476884546
0.02536345514334
0.02532296779488
0.02528248044642
0.025243052847115
0.02520362524781
0.02517960704136
0.02515558883491
0.025123110351215
0.02509063186752
0.02505288578809
0.02501513970866
0.02496585049427
0.024934055192065
0.02490225988986
0.024866342577695
0.02483042526553
0.024809342709835
0.02478826015414
0.024753152619415
0.02471804508469
0.02468419081461
0.02465033654453
0.024627838015815
0.0246053394871
0.02453938665927
0.024515858931135
0.024492331203
0.024460410082175
0.02442848896135
0.024400483193465
0.02437247742558
0.02434506647121
0.02431765551684
0.02428785915921
0.02425806280158
0.024232757969465
0.02420745313735
0.02415005557779
0.02412405860962
0.02409806164145
0.02407053370881
0.02404300577617
0.02401623917479
0.02398947257341
0.023963186648555
0.0239369007237
0.02390964927199
0.02388239782028
0.023857242197
0.02383208657372
0.02377663149291
0.023752764366515
0.02372889724012
0.023700701301575
0.02367250536303
0.023645411593685
0.02361831782434
0.023594328638475
0.02357033945261
0.02354112226635
0.02351190508009
0.02349099997464
0.02347009486919
0.02341129064257
0.023391253605785
0.023371216569
0.023342061340275
0.02331290611155
0.0232828717276
0.02325283734365
0.02323494193402
0.02321704652439
0.023186919701085
0.02315679287778
0.023127074631405
0.02309735638503
0.02306355343899
0.02303307136523
0.02300258929147
0.02297368047304
0.02294477165461
0.022928506882955
0.0229122421113
0.022881581138065
0.02285092016483
0.02281984900251
0.02278877784019
0.022776412997075
0.02276404815396
0.02270253945053
0.022671546255245
0.02264055305996
0.022612062819135
0.02258357257831
0.02257086697417
0.02255816137003
0.02252740078198
0.02249664019393
0.022465649663315
0.0224346591327
0.02240352284441
0.02237238655612
0.02234571392183
0.02232094096671
0.02229616801159
0.02226549242673
0.02223481684187
0.022204154375035
0.0221734919082
0.02214276655555
0.0221120412029
0.022081332161445
0.02205062311999
0.0220199315333
0.02198923994661
0.02196667105609
0.021944854257555
0.02192303745902
0.02189322764008
0.02186341782114
0.02183376968351
0.02180412154588
0.021774559138725
0.02174499673157
0.02171559420166
0.02168619167175
0.021657021561895
0.02162785145204
0.02156997113977
0.02154125850673
0.02151254587369
0.02148413103385
0.02145571619401
0.02144736609523
0.02143901599645
0.021416065918165
0.02139311583988
0.02136472773655
0.02133633963322
0.02128029285378
0.021252629621505
0.02122496638923
0.021197658849005
0.02117035130878
0.021143535858465
0.02111672040815
0.02110441682211
0.02109211323607
0.021071367733775
0.02105062223148
0.02102410882856
0.02099759542564
0.02094552757087
0.02091996698549
0.02089440640011
0.02088628086419
0.02087815532827
0.02085262175594
0.02082708818361
0.020802088043065
0.02077708790252
0.02075254659544
0.02072800528836
0.020718383663755
0.02070876203915
0.02066013606199
0.02063627229693
0.02061240853187
0.020601822892855
0.02059123725384
0.020567665437025
0.02054409362021
0.020521027412025
0.02049796120384
0.020485441285705
0.02047292136757
0.010236460683785
0
0
0
0
0
0
0
0
0
0
0
0
0
0
0
0
0
0
0
0
0
