




0.024431504
0.0243757935
0.024320083
0.024209118
0.024098795
0.0240442245
0.023989654
0.023881678
0.023775204
0.0237228815
0.023670559
0.023625012
0.023567709
0.02351725
0.023466791
0.023368113
0.023308789
0.023260536
0.023212283
0.023151715
0.023057845
0.023027211
0.022996577
0.02290578
0.022844163
0.0228005075
0.022756852
0.022695057
0.022632626
0.0225912985
0.022549971
0.022488016
0.022425765
0.0223870005
0.022348236
0.022286756
0.022225144
0.022194353
0.022163562
0.022101858
0.02204019
0.0220063255
0.021972461
0.02191227
0.021852407
0.021822639
0.021792871
0.021733508
0.021674617
0.0216454045
0.021616192
0.02155808
0.021500572
0.021472116
0.02144366
0.021380553
0.0213237
0.0212956385
0.021267577
0.021212174
0.021157625
0.021130701
0.021103777
0.02103748
0.020984519
0.020932378
0.020898528
0.020864678
0.020813677
0.020744974
0.020720103
0.020695232
0.020646669
0.020577593
0.0205540525
0.020530512
0
0
0
0
0
0
0
0
0
0
0
0
0
0
0
0
0
0
-0.01585589
-0.03171178
-0.031852395
-0.031997495
-0.0320943895
-0.032191284
-0.032341806
-0.032496407
-0.032590621
-0.032684835
-0.032842741
-0.033004243
-0.03308666
-0.033169077
-0.033336618
-0.033507277
-0.0335936635
-0.03368005
-0.033854614
-0.034031362
-0.034120294
-0.034209226
-0.034387839
-0.034601174
-0.034694071
-0.034786968
-0.034972452
-0.035213465
-0.035308303
-0.035403141
-0.035591271
-0.035856738
-0.0359513895
-0.036046041
-0.03623155
-0.036516788
-0.0366661615
-0.036815535
-0.036998263
-0.037308924
-0.0374697895
-0.037630655
-0.03796162
-0.038300771
-0.0384736395
-0.038646508
-0.038997101
-0.039349713
-0.0394583195
-0.039566926
-0.039929962
-0.040168918
-0.040352395
-0.040535872
-0.040794232
-0.041159914
-0.041297448
-0.041434982
-0.041720891
-0.042018016
-0.042197293
-0.04237657
-0.042682563
-0.04299709
-0.0431584645
-0.043319839
-0.043649272
-0.043984362
-0.044154809
-0.044325256
-0.044668955
-0.045082718
-0.0452644225
-0.045446127
-0.045809479
-0.04617061
-0.046420879
-0.046671148
-0.047039059
-0.047589416
-0.047773085
-0.047956754
-0.048548992
-0.04917587
-0.049505341
-0.049834812
-0.050520503
-0.051227803
-0.0515885105
-0.051949218
-0.052678093
-0.053405192
-0.053653641
-0.05390209
-0.054639092
-0.055187174
-0.055476575
-0.055765976
-0.056378096
-0.057107545
-0.057745416
-0.058075857
-0.058406298
-0.059087982
-0.059785757
-0.060140668
-0.060495579
-0.061377767
-0.062145599
-0.0625279935
-0.062910388
-0.063666076
-0.064787864
-0.0654066435
-0.066025423
-0.06680047
-0.068147586
-0.0688656425
-0.069583699
-0.071087968
-0.072637016
-0.073139846
-0.073642676
-0.075286591
-0.076476119
-0.0773034665
-0.078130814
-0.079464339
-0.08089363
-0.0816515545
-0.082409479
-0.084003184
-0.085659675
-0.086507966
-0.087356257
-0.089647835
-0.091518147
-0.0929548395
-0.094391532
-0.096305941
-0.099655138
-0.101500669
-0.1033462
-0.10728445
-0.10997267
-0.11214349
-0.11431431
-0.11773639
-0.12160171
-0.123752555
-0.1259034
-0.13057356
-0.13550431
-0.13919837
-0.14289243
-0.15271349
-0.16522363
-0.172489065
-0.1797545
-0.19179158
-0.20767983
-0.217625355
-0.22757088
-0.24997439
-0.29548532
-0.32788245
-0.36027958
-0.4305883
-0.52706686
-0.65113228
-0.7751977
8.7518874
-3.0643032
-1.277964005
0.50837519
0.39889379
0.33353491
0.30410569
0.27467647
0.23767448
0.21823041
0.20984522
0.20146003
0.18804729
0.17264762
0.16864298
0.16463834
0.15323329
0.14717243
0.14285316
0.13853389
0.13309419
0.12788415
0.125479775
0.1230754
0.11876099
0.11497521
0.11261836
0.11026151
0.10733741
0.10310302
0.101137004
0.099170988
0.095659991
0.093621431
0.092150596
0.090679761
0.088728837
0.086788684
0.085837343
0.084886002
0.083056169
0.081320164
0.080508692
0.07969722
0.078193615
0.076814442
0.0759200915
0.075025741
0.07384439
0.072125682
0.0716479955
0.071170309
0.069602937
0.068111845
0.06671694
0.0663152945
0.065913649
0.064640662
0.063827096
0.06327077
0.062714444
0.061927748
0.061140475
0.0607492415
0.060358008
0.059530378
0.058822133
0.058477932
0.058133731
0.057466458
0.056722798
0.056401093
0.056079388
0.055468843
0.054893305
0.0545121425
0.05413098
0.053607193
0.052851695
0.0526205805
0.052389466
0.051662601
0.05094579
0.050595995
0.0502462
0.049570207
0.048923483
0.0486165455
0.048309608
0.047940495
0.047366455
0.0471795925
0.04699273
0.046466905
0.04609779
0.0458621365
0.045626483
0.045269896
0.044913108
0.044735309
0.04455751
0.044205648
0.043857475
0.0436864075
0.04351534
0.043179677
0.042852049
0.0426926995
0.04253335
0.042223857
0.04192438
0.0417407125
0.041557045
0.041269605
0.040994598
0.0408085275
0.040622457
0.040365232
0.039993267
0.039875327
0.039757387
0.039391589
0.039178229
0.03900107
0.038823911
0.038473607
0.038129107
0.03796059
0.037792073
0.037463601
0.037146014
0.036992888
0.036839762
0.036656047
0.036362376
0.036268746
0.036175116
0.035897609
0.035709455
0.0356139695
0.035518484
0.035263869
0.035076067
0.034981432
0.034886797
0.034697277
0.034476004
0.03438457
0.034293136
0.034111095
0.033930249
0.03384078
0.033751311
0.033573893
0.033399035
0.0333130345
0.033227034
0.033058175
0.0328685
0.032784865
0.03270123
0.032538327
0.032379355
0.032301953
0.032224551
0.0320268
0.031877586
0.0318055775
0.031733569
0.031534243
0.03139735
0.031297476
0.031197602
0.031069093
0.03087108
0.030771545
0.03067201
0.03055692
0.030362741
0.0302663025
0.030169864
0.029978855
0.029790248
0.02960483
0.029514087
0.029423344
0.02924596
0.029073103
0.029022185
0.028971267
0.028803203
0.028640961
0.028588971
0.028536981
0.028381021
0.02827614
0.0282230835
0.028170027
0.028022998
0.027917296
0.027863988
0.02781068
0.027674619
0.027569604
0.0275168985
0.027464193
0.027358875
0.02725319
0.0271942425
0.027135295
0.027033172
0.026931356
0.0268808305
0.026830305
0.026730009
0.02663046
0.026581166
0.026531872
0.026434452
0.026338402
0.0262910505
0.026243699
0.026136083
0.026042184
0.0259959965
0.025949809
0.025859352
0.025747113
0.025702795
0.025658477
0.025571895
0.02548733
0.0254304715
0.025373613
0.025291968
0.025212452
0.0251556175
0.025098783
0.025022649
0.024908918
0.0248726895
0.024836461
0.024723447
0.024609736
0.0245765575
0.024543379
0.024431504
