




0
0
0
0
0
0
0
0
-0.0315557314744
-0.031625189045295
-0.03169464661619
-0.03189055284479
-0.0320360009084
-0.03211102612199
-0.03218605133558
-0.03234048487674
-0.03253411940477
-0.032613525131105
-0.03269293085744
-0.03285534443663
-0.03302144455047
-0.03319097094978
-0.03327731150541
-0.03336365206104
-0.03353920421568
-0.03371697204768
-0.033806984358075
-0.03389699666847
-0.03407895361239
-0.0342617624874
-0.03435377809952
-0.03444579371164
-0.03463029788158
-0.03481487569784
-0.034931968549
-0.03504906140016
-0.0352389253061
-0.03542689485198
-0.03555719486984
-0.0356874948877
-0.0358774479753
-0.03606450622116
-0.036205391486345
-0.03634627675153
-0.03664180502072
-0.03682794572166
-0.03698227914018
-0.0371366125587
-0.03745758055633
-0.03763467784319
-0.03779860360404
-0.03796252936489
-0.03829799346682
-0.03847847033373
-0.038655570685655
-0.03883267103758
-0.03919054253818
-0.0395501317889
-0.03966359502846
-0.03977705826802
-0.04014448662594
-0.04039271727658
-0.04057772899229
-0.040762740708
-0.04102932214722
-0.04139546167314
-0.04167753453948
-0.041824118946945
-0.04197070335441
-0.04227422824223
-0.04258789758754
-0.04276335787745
-0.04293881816736
-0.04325714597601
-0.04358262520257
-0.043748440196435
-0.0439142551903
-0.04428189179099
-0.04463811808594
-0.044817521446085
-0.04499692480623
-0.04535699896535
-0.04571694279877
-0.045956903355125
-0.04619686391148
-0.04656825763297
-0.04693454276268
-0.047206003118055
-0.04747746347343
-0.04784306880071
-0.04842878541866
-0.04873876644408
-0.0490487474695
-0.04940204400845
-0.0500473300448
-0.05038175603815
-0.0507161820315
-0.05108657586989
-0.0518056861488
-0.052169841213725
-0.05253399627865
-0.05300144917436
-0.05375487928889
-0.054019153851865
-0.05428342841484
-0.05504052028954
-0.05561818850579
-0.05622904804549
-0.05659849001763
-0.05696793198977
-0.05760685987142
-0.05827098626902
-0.058613532378265
-0.05895607848751
-0.05965970811689
-0.06037687498902
-0.06081859592928
-0.06126031686954
-0.06203733725862
-0.06281313983962
-0.063364142160135
-0.06391514448065
-0.06471511004309
-0.06597045510467
-0.066365061944445
-0.06675966878422
-0.06813000956769
-0.06959286441593
-0.07036035440637
-0.07112784439681
-0.0727103201771
-0.07374203018112
-0.074580577482695
-0.07541912478427
-0.07664250655484
-0.07798284177104
-0.07884043995689
-0.07969803814274
-0.08116489232085
-0.08271905248739
-0.083536535410325
-0.08435401833326
-0.08604783962488
-0.08823856441528
-0.089196764680795
-0.09015496494631
-0.09205470846639
-0.09501642208898
-0.09843982008315
-0.100368183497225
-0.1022965469113
-0.1064815821507
-0.1108369037939
-0.1124482489911
-0.1140595941883
-0.1178063049723
-0.1224790456795
-0.1246184832411
-0.1267579208027
-0.1322429264762
-0.1378210219882
-0.1406471284209
-0.1434732348536
-0.1529854976462
-0.1649151031655
-0.1717896434127
-0.1786641836599
-0.1898014372367
-0.2043745901005
-0.2134854777828
-0.2225963654651
-0.2434879688715
-0.2846201301894
-0.3157649683947
-0.3469098066
-0.4155169155665
-0.5187760588353
-0.6657958536986
-0.8128156485619
-180.9742693049
0.8129352954163
0.6658386790256
0.5187420626349
0.4154950009204
0.3468944809595
0.3157648058914
0.2846351308233
0.2434803822075
0.2225900189397
0.21347962741325
0.2043692358868
0.1897968165546
0.1786701220792
0.1649201654944
0.15895132840485
0.1529824913153
0.1434705898318
0.1378245610814
0.1350326197591
0.1322406784368
0.1267558549942
0.1224818421437
0.12014318112755
0.1178045201114
0.1140579208545
0.110835323524
0.1086595101931
0.1064836968622
0.1022952004436
0.0984385730901
0.096726916649025
0.09501526020795
0.09205361780042
0.09015391877847
0.089196968055145
0.08824001733182
0.08604688650148
0.0843531023243
0.08353671591355
0.0827203295028
0.08116404419637
0.07969722036705
0.078839639574945
0.07798205878284
0.07664175022628
0.07541839238704
0.074579861176955
0.07374132996687
0.07270963940269
0.07112878885618
0.07036127871902
0.06959376858186
0.0681308761492
0.06675909480395
0.06597126765719
0.065343579821765
0.06471589198634
0.06391590722422
0.06281263167354
0.06242534377155
0.06203805586956
0.06126101760278
0.06037640545473
0.06001782755949
0.05965924966425
0.05895672752674
0.05827054889927
0.05793901422952
0.05760747955977
0.05696751395176
0.05622963846074
0.055924202314845
0.05561876616895
0.0550401300461
0.05428304882802
0.054019233870545
0.05375541891307
0.05300197378477
0.0525336407528
0.05216991405904
0.05180618736528
0.05108623965654
0.05071585067365
0.05038142901962
0.05004700736559
0.04940249981232
0.04904919677998
0.048738840022385
0.04842848326479
0.04784277390851
0.04747717306926
0.047205716014505
0.04693425895975
0.04656797824079
0.04619658895635
0.045956961058895
0.04571733316144
0.04535738320747
0.04499730297392
0.04463786136618
0.04445975025854
0.0442816391509
0.04391400672632
0.04358238047586
0.0434196426828
0.04325690488974
0.04293858061518
0.04258823635902
0.04243139920119
0.04227456204336
0.04197047639009
0.04167785898682
0.04153682036587
0.04139578174492
0.04102963658367
0.04076252661646
0.04057751683478
0.0403925070531
0.04014427897762
0.0397768544023
0.03966339232215
0.039549930242
0.03919082942979
0.03883295271493
0.038655616136645
0.03847827955836
0.03829826744285
0.03796234366996
0.03779864304162
0.03763494241328
0.03745739976726
0.03713687017405
0.03698232056598
0.03682777095791
0.03664205581848
0.03634610652824
0.036205427854235
0.03606474918023
0.03587768842113
0.03568733077774
0.03542712929796
0.035332947296385
0.03523876529481
0.03504929087307
0.03481471951356
0.034722620709255
0.03463052190495
0.03444601535476
0.03426198176902
0.034170392864425
0.03407880395983
0.03389721130674
0.03371682555676
0.03362794241092
0.03353905926508
0.03336350862358
0.03319082899296
0.03310606651637
0.03302130403978
0.03285520533567
0.03269279312804
0.032613388068995
0.03253398300995
0.03234068025926
0.0321862448569
0.03211121874339
0.03203619262988
0.03189074282965
0.03169451716803
0.031625060163155
0.03155560315828
0.03135818908132
0.03122681732173
0.03112832593534
0.03102983454895
0.03090722326235
0.03071274989313
0.030615552884205
0.03051835587528
0.03040908316564
0.03021994302805
0.030126114828655
0.03003228662926
0.02984694604743
0.02966443425043
0.02948523835905
0.029397665339045
0.02931009231904
0.02921117067279
0.02903952171197
0.02895614706513
0.02887277241829
0.02877050279195
0.0286094031176
0.02855739937905
0.0285053956405
0.0283507944469
0.02824613628076
0.028172598921025
0.02809906156129
0.02799476558237
0.02788927639633
0.02782086204725
0.02775244769817
0.02764829052274
0.02754395410529
0.027491465027075
0.02743897594886
0.02731640886843
0.02721432350668
0.027163428801175
0.02711253409567
0.02701104253558
0.02691007927042
0.026859746667145
0.02680941406387
0.02670994951551
0.02661099662857
0.02656210728595
0.02651321794333
0.02641659567443
0.02632133112091
0.026274258259945
0.02622718539898
0.026134573121
0.02602677835808
0.02593536102671
0.025890499471335
0.02584563791596
0.02575758056301
0.02567157738933
0.02561595834711
0.02556033930489
0.02547646548939
0.02539476884546
0.02533862464594
0.02528248044642
0.02520362524781
0.02509063186752
0.02505288578809
0.02501513970866
0.02490225988986
0.02483042526553
0.02477423517511
0.02471804508469
0.0246053394871
0.02453938665927
0.02448393781031
0.02442848896135
0.02431765551684
0.02420745313735
0.0241527573894
0.02409806164145
0.02398947257341
0.02388239782028
0.023829514656595
0.02377663149291
0.02367250536303
0.02357033945261
0.0235202171609
0.02347009486919
0.02341129064257
0.02331290611155
0.02326497631797
0.02321704652439
0.02315679287778
0.02306355343899
0.02300258929147
0.022957415701385
0.0229122421113
0.02285092016483
0.02276404815396
0.022733293802245
0.02270253945053
0.02264055305996
0.02255816137003
0.02252740078198
0.02249664019393
0.0224346591327
0.02237238655612
0.022334277283855
0.02229616801159
0.02223481684187
0.0221734919082
0.02214276655555
0.0221120412029
0.02205062311999
0.02198923994661
0.021956138702815
0.02192303745902
0.02186341782114
0.02180412154588
0.021774559138725
0.02174499673157
0.02168619167175
0.02162785145204
0.021598911295905
0.02156997113977
0.02151254587369
0.02145571619401
0.021424416016945
0.02139311583988
0.02133633963322
0.02128029285378
0.021252629621505
0.02122496638923
0.02117035130878
0.02111672040815
0.021083671319815
0.02105062223148
0.02099759542564
0.02094552757087
0.02087815532827
0.02085262175594
0.02082708818361
0.02077708790252
0.02070876203915
0.02068444905057
0.02066013606199
0.02061240853187
0.02054409362021
0.020521027412025
0.02049796120384
0
0
0
0
0
0
0
0
0
