




0.023300559
0.023253105
0.023205651
0.023145964
0.02305365
0.0230234445
0.022993239
0.022903959
0.02284301
0.022812288
0.022781566
0.022696195
0.022634729
0.0226037595
0.02257279
0.022492167
0.022430846
0.0223999575
0.022369069
0.022293657
0.022232944
0.022172095
0.022141682
0.022111269
0.02205047
0.021989698
0.021959403
0.021929108
0.02186855
0.021808475
0.0217785275
0.02174858
0.021689013
0.021629919
0.021600606
0.021571293
0.02151313
0.021455571
0.0214270895
0.021398608
0.021342234
0.021286585
0.0212542115
0.021221838
0.021166673
0.021112357
0.021085548
0.021058739
0.02099189
0.020939158
0.0209133375
0.020887517
0.020819285
0.020768778
0.020743985
0.020719192
0.020650573
0.020602487
0.0205678965
0.020533306
0.020486825
0
0
0
0
0
0
0
0
0
0
0
0
0
0
0
0
0
-0.031526839
-0.0316258195
-0.0317248
-0.031867455
-0.032062913
-0.032137246
-0.032211579
-0.032364604
-0.032555517
-0.032634014
-0.032712511
-0.032873414
-0.03303763
-0.0331212585
-0.033204887
-0.033375603
-0.033548794
-0.0336364725
-0.033724151
-0.033901712
-0.034081153
-0.0341714575
-0.034261762
-0.034443172
-0.034624999
-0.034715921
-0.034806843
-0.035037432
-0.035224428
-0.035475691
-0.035570745
-0.035665799
-0.035853086
-0.03612743
-0.0362208135
-0.036314197
-0.036604972
-0.036908608
-0.0370002185
-0.037091829
-0.037407161
-0.037732842
-0.0379003715
-0.038067901
-0.038410825
-0.038759983
-0.0389363145
-0.039112646
-0.03946736
-0.03968886
-0.0398704905
-0.040052121
-0.040294595
-0.04066125
-0.04079229
-0.04092333
-0.041196842
-0.041482723
-0.0416673905
-0.041852058
-0.042151059
-0.042460052
-0.0426194285
-0.042778805
-0.043106483
-0.043442792
-0.043614195
-0.043785598
-0.044135085
-0.044488944
-0.044845983
-0.045025455
-0.045204927
-0.045660942
-0.046036444
-0.046222548
-0.046408652
-0.046936629
-0.047314404
-0.047603685
-0.047892966
-0.048266491
-0.048885297
-0.0492120235
-0.04953875
-0.049891307
-0.050563229
-0.0509091885
-0.051255148
-0.051960292
-0.05239415
-0.052763562
-0.053132974
-0.053866356
-0.054383107
-0.054658859
-0.054934611
-0.055680731
-0.056274979
-0.05658668
-0.056898381
-0.057549324
-0.058228161
-0.058578417
-0.058928673
-0.05964848
-0.060383777
-0.0607558805
-0.061127984
-0.061876254
-0.062886672
-0.0632808505
-0.063675029
-0.064846186
-0.06564392
-0.066952858
-0.067661197
-0.068369536
-0.06988129
-0.071464577
-0.0722777205
-0.073090864
-0.074169892
-0.07588487
-0.076522025
-0.07715918
-0.078552806
-0.080281223
-0.0810360585
-0.081790894
-0.083386866
-0.085055417
-0.086096623
-0.087137829
-0.089058754
-0.090979967
-0.092437065
-0.093894163
-0.095886726
-0.099336842
-0.101257496
-0.10317815
-0.10729896
-0.11012915
-0.112415905
-0.11470266
-0.11835098
-0.1224885
-0.12479574
-0.12710298
-0.13211089
-0.13736207
-0.14144287
-0.14552367
-0.15634199
-0.16987547
-0.18503382
-0.191526645
-0.19801947
-0.21459126
-0.23434555
-0.25332165
-0.27229775
-0.33645663
-0.4134867
1.60673795
3.6269626
1.0586887
0.71621703
0.64979045
0.58336387
0.41689536
0.35547137
0.32586972
0.29626807
0.25295843
0.22659366
0.218784665
0.21097567
0.19749852
0.18267116
0.177936755
0.17320235
0.16078316
0.15019866
0.147281215
0.14436377
0.13655647
0.13144697
0.12902055
0.12659413
0.12212374
0.11810698
0.11633359
0.1145602
0.1100932
0.10732288
0.105301895
0.10328091
0.099503825
0.096094688
0.093102042
0.0921687115
0.091235381
0.089333679
0.087429933
0.086380678
0.085331423
0.083667595
0.082071592
0.08131469
0.080557788
0.078841101
0.077435437
0.0767910095
0.076146582
0.074974287
0.073333644
0.0725151545
0.071696665
0.070809435
0.06931983
0.068611513
0.067903196
0.066576807
0.065805542
0.065198074
0.064590606
0.063811676
0.062742999
0.0623656535
0.061988308
0.061230246
0.060477792
0.0601056275
0.059733463
0.059003926
0.058293057
0.0579497445
0.057606432
0.056946017
0.056313571
0.055712635
0.0553353375
0.05495804
0.054400464
0.053876972
0.0535065735
0.053136175
0.052669855
0.051950574
0.051594404
0.051238234
0.050540319
0.050200826
0.050031382
0.049861938
0.049210689
0.048589635
0.0482955675
0.0480015
0.047639209
0.047091906
0.0469096055
0.046727305
0.046228267
0.045870885
0.0456906845
0.045510484
0.045149266
0.044734918
0.044563807
0.044392696
0.044053219
0.043718892
0.043554543
0.043390194
0.043068157
0.04275317
0.0426002375
0.042447305
0.042091473
0.041793864
0.0416501385
0.041506413
0.041230399
0.040866106
0.040605796
0.040422455
0.040239114
0.039998316
0.039635033
0.0395253175
0.039415602
0.039061815
0.038710062
0.0385363955
0.038362729
0.038021571
0.03768822
0.0375264235
0.037364627
0.037051309
0.036868486
0.03671763
0.036566774
0.03627868
0.036092278
0.035956384
0.03582049
0.035633943
0.035444966
0.0353203335
0.035195701
0.035009783
0.034823139
0.034729481
0.034635823
0.034419818
0.034239763
0.0341501235
0.034060484
0.033882347
0.033706063
0.0336188335
0.033531604
0.033359644
0.033190481
0.033004791
0.032920803
0.032836815
0.032672562
0.03251228
0.0324340775
0.032355875
0.032160105
0.032008678
0.031935437
0.031862196
0.031663788
0.031523888
0.0314565745
0.031389261
0.03119238
0.030993404
0.030931941
0.030870478
0.030674386
0.030478423
0.0304237835
0.030369144
0.030179061
0.029990207
0.0298972345
0.029804262
0.029621162
0.029441393
0.0293536735
0.029265954
0.029094999
0.028994336
0.028911089
0.028827842
0.028666879
0.028564
0.028511777
0.028459554
0.028305449
0.028200371
0.028054268
0.028001916
0.027949564
0.027843925
0.027708267
0.027656113
0.027603959
0.027499479
0.027394839
0.0273342215
0.027273604
0.027171838
0.027070134
0.0270195465
0.026968959
0.02686831
0.026768182
0.0267186025
0.026669023
0.026570818
0.026473555
0.0264256075
0.02637766
0.026282894
0.026189456
0.0261434975
0.026097539
0.025989836
0.025899101
0.0258545745
0.025810048
0.025723068
0.025611799
0.0255693845
0.02552697
0.025444133
0.025331408
0.0252914255
0.025251443
0.025173581
0.025061253
0.025023989
0.024986725
0.024874297
0.024761133
0.024692033
0.024636085
0.024580137
0.024515077
0.024405151
0.0243502125
0.024295274
0.024186197
0.024077729
0.0240239795
0.02397023
0.023864225
0.023759511
0.023707964
0.023656417
0.023555266
0.023456191
0.0234076715
0.023359152
0.023300559
