000000000000
000000000000
000000000000
000000000000
000000000000
000000000000
-3.155573147440e-002
-3.169464661619e-002
-3.189055284479e-002
-3.203600090840e-002
-3.218605133558e-002
-3.234048487674e-002
-3.253411940477e-002
-3.269293085744e-002
-3.285534443663e-002
-3.302144455047e-002
-3.319097094978e-002
-3.336365206104e-002
-3.353920421568e-002
-3.371697204768e-002
-3.389699666847e-002
-3.407895361239e-002
-3.426176248740e-002
-3.444579371164e-002
-3.463029788158e-002
-3.481487569784e-002
-3.504906140016e-002
-3.523892530610e-002
-3.542689485198e-002
-3.568749488770e-002
-3.587744797530e-002
-3.606450622116e-002
-3.634627675153e-002
-3.664180502072e-002
-3.682794572166e-002
-3.713661255870e-002
-3.745758055633e-002
-3.763467784319e-002
-3.796252936489e-002
-3.829799346682e-002
-3.847847033373e-002
-3.883267103758e-002
-3.919054253818e-002
-3.955013178890e-002
-3.977705826802e-002
-4.014448662594e-002
-4.039271727658e-002
-4.076274070800e-002
-4.102932214722e-002
-4.139546167314e-002
-4.167753453948e-002
-4.197070335441e-002
-4.227422824223e-002
-4.258789758754e-002
-4.293881816736e-002
-4.325714597601e-002
-4.358262520257e-002
-4.391425519030e-002
-4.428189179099e-002
-4.463811808594e-002
-4.499692480623e-002
-4.535699896535e-002
-4.571694279877e-002
-4.619686391148e-002
-4.656825763297e-002
-4.693454276268e-002
-4.747746347343e-002
-4.784306880071e-002
-4.842878541866e-002
-4.904874746950e-002
-4.940204400845e-002
-5.004733004480e-002
-5.071618203150e-002
-5.108657586989e-002
-5.180568614880e-002
-5.253399627865e-002
-5.300144917436e-002
-5.375487928889e-002
-5.428342841484e-002
-5.504052028954e-002
-5.561818850579e-002
-5.622904804549e-002
-5.696793198977e-002
-5.760685987142e-002
-5.827098626902e-002
-5.895607848751e-002
-5.965970811689e-002
-6.037687498902e-002
-6.126031686954e-002
-6.203733725862e-002
-6.281313983962e-002
-6.391514448065e-002
-6.471511004309e-002
-6.597045510467e-002
-6.675966878422e-002
-6.813000956769e-002
-6.959286441593e-002
-7.112784439681e-002
-7.271032017710e-002
-7.374203018112e-002
-7.541912478427e-002
-7.664250655484e-002
-7.798284177104e-002
-7.969803814274e-002
-8.116489232085e-002
-8.271905248739e-002
-8.435401833326e-002
-8.604783962488e-002
-8.823856441528e-002
-9.015496494631e-002
-9.205470846639e-002
-9.501642208898e-002
-9.843982008315e-002
-1.022965469113e-001
-1.064815821507e-001
-1.108369037939e-001
-1.140595941883e-001
-1.178063049723e-001
-1.224790456795e-001
-1.267579208027e-001
-1.322429264762e-001
-1.378210219882e-001
-1.434732348536e-001
-1.529854976462e-001
-1.649151031655e-001
-1.786641836599e-001
-1.898014372367e-001
-2.043745901005e-001
-2.225963654651e-001
-2.434879688715e-001
-2.846201301894e-001
-3.469098066000e-001
-4.155169155665e-001
-5.187760588353e-001
-8.128156485619e-001
-1.809742693049e+002
8.129352954163e-001
5.187420626349e-001
4.154950009204e-001
3.468944809595e-001
2.846351308233e-001
2.434803822075e-001
2.225900189397e-001
2.043692358868e-001
1.897968165546e-001
1.786701220792e-001
1.649201654944e-001
1.529824913153e-001
1.434705898318e-001
1.378245610814e-001
1.322406784368e-001
1.267558549942e-001
1.224818421437e-001
1.178045201114e-001
1.140579208545e-001
1.108353235240e-001
1.064836968622e-001
1.022952004436e-001
9.843857309010e-002
9.501526020795e-002
9.205361780042e-002
9.015391877847e-002
8.824001733182e-002
8.604688650148e-002
8.435310232430e-002
8.272032950280e-002
8.116404419637e-002
7.969722036705e-002
7.798205878284e-002
7.664175022628e-002
7.541839238704e-002
7.374132996687e-002
7.270963940269e-002
7.112878885618e-002
6.959376858186e-002
6.813087614920e-002
6.675909480395e-002
6.597126765719e-002
6.471589198634e-002
6.391590722422e-002
6.281263167354e-002
6.203805586956e-002
6.126101760278e-002
6.037640545473e-002
5.965924966425e-002
5.895672752674e-002
5.827054889927e-002
5.760747955977e-002
5.696751395176e-002
5.622963846074e-002
5.561876616895e-002
5.504013004610e-002
5.428304882802e-002
5.375541891307e-002
5.300197378477e-002
5.253364075280e-002
5.180618736528e-002
5.108623965654e-002
5.071585067365e-002
5.004700736559e-002
4.940249981232e-002
4.904919677998e-002
4.842848326479e-002
4.784277390851e-002
4.747717306926e-002
4.693425895975e-002
4.656797824079e-002
4.619658895635e-002
4.571733316144e-002
4.535738320747e-002
4.499730297392e-002
4.463786136618e-002
4.428163915090e-002
4.391400672632e-002
4.358238047586e-002
4.325690488974e-002
4.293858061518e-002
4.258823635902e-002
4.227456204336e-002
4.197047639009e-002
4.167785898682e-002
4.139578174492e-002
4.102963658367e-002
4.076252661646e-002
4.039250705310e-002
4.014427897762e-002
3.977685440230e-002
3.954993024200e-002
3.919082942979e-002
3.883295271493e-002
3.847827955836e-002
3.829826744285e-002
3.796234366996e-002
3.763494241328e-002
3.745739976726e-002
3.713687017405e-002
3.682777095791e-002
3.664205581848e-002
3.634610652824e-002
3.606474918023e-002
3.587768842113e-002
3.568733077774e-002
3.542712929796e-002
3.523876529481e-002
3.504929087307e-002
3.481471951356e-002
3.463052190495e-002
3.444601535476e-002
3.426198176902e-002
3.407880395983e-002
3.389721130674e-002
3.371682555676e-002
3.353905926508e-002
3.336350862358e-002
3.319082899296e-002
3.302130403978e-002
3.285520533567e-002
3.269279312804e-002
3.253398300995e-002
3.234068025926e-002
3.218624485690e-002
3.203619262988e-002
3.189074282965e-002
3.169451716803e-002
3.155560315828e-002
3.135818908132e-002
3.122681732173e-002
3.102983454895e-002
3.090722326235e-002
3.071274989313e-002
3.051835587528e-002
3.040908316564e-002
3.021994302805e-002
3.003228662926e-002
2.984694604743e-002
2.966443425043e-002
2.948523835905e-002
2.931009231904e-002
2.921117067279e-002
2.903952171197e-002
2.887277241829e-002
2.877050279195e-002
2.860940311760e-002
2.850539564050e-002
2.835079444690e-002
2.824613628076e-002
2.809906156129e-002
2.799476558237e-002
2.788927639633e-002
2.775244769817e-002
2.764829052274e-002
2.754395410529e-002
2.743897594886e-002
2.731640886843e-002
2.721432350668e-002
2.711253409567e-002
2.701104253558e-002
2.691007927042e-002
2.680941406387e-002
2.670994951551e-002
2.661099662857e-002
2.651321794333e-002
2.641659567443e-002
2.632133112091e-002
2.622718539898e-002
2.613457312100e-002
2.602677835808e-002
2.593536102671e-002
2.584563791596e-002
2.575758056301e-002
2.567157738933e-002
2.556033930489e-002
2.547646548939e-002
2.539476884546e-002
2.528248044642e-002
2.520362524781e-002
2.509063186752e-002
2.501513970866e-002
2.490225988986e-002
2.483042526553e-002
2.471804508469e-002
2.460533948710e-002
2.453938665927e-002
2.442848896135e-002
2.431765551684e-002
2.420745313735e-002
2.409806164145e-002
2.398947257341e-002
2.388239782028e-002
2.377663149291e-002
2.367250536303e-002
2.357033945261e-002
2.347009486919e-002
2.341129064257e-002
2.331290611155e-002
2.321704652439e-002
2.315679287778e-002
2.306355343899e-002
2.300258929147e-002
2.291224211130e-002
2.285092016483e-002
2.276404815396e-002
2.270253945053e-002
2.264055305996e-002
2.255816137003e-002
2.249664019393e-002
2.243465913270e-002
2.237238655612e-002
2.229616801159e-002
2.223481684187e-002
2.217349190820e-002
2.211204120290e-002
2.205062311999e-002
2.198923994661e-002
2.192303745902e-002
2.186341782114e-002
2.180412154588e-002
2.174499673157e-002
2.168619167175e-002
2.162785145204e-002
2.156997113977e-002
2.151254587369e-002
2.145571619401e-002
2.139311583988e-002
2.133633963322e-002
2.128029285378e-002
2.122496638923e-002
2.117035130878e-002
2.111672040815e-002
2.105062223148e-002
2.099759542564e-002
2.094552757087e-002
2.087815532827e-002
2.082708818361e-002
2.077708790252e-002
2.070876203915e-002
2.066013606199e-002
2.061240853187e-002
2.054409362021e-002
2.049796120384e-002
000000000000
000000000000
000000000000
000000000000
000000000000
000000000000
000000000000
