  2.4431504e-002
  2.4320083e-002
  2.4209118e-002
  2.4098795e-002
  2.3989654e-002
  2.3881678e-002
  2.3775204e-002
  2.3670559e-002
  2.3625012e-002
  2.3567709e-002
  2.3466791e-002
  2.3368113e-002
  2.3308789e-002
  2.3212283e-002
  2.3151715e-002
  2.3057845e-002
  2.2996577e-002
  2.2905780e-002
  2.2844163e-002
  2.2756852e-002
  2.2695057e-002
  2.2632626e-002
  2.2549971e-002
  2.2488016e-002
  2.2425765e-002
  2.2348236e-002
  2.2286756e-002
  2.2225144e-002
  2.2163562e-002
  2.2101858e-002
  2.2040190e-002
  2.1972461e-002
  2.1912270e-002
  2.1852407e-002
  2.1792871e-002
  2.1733508e-002
  2.1674617e-002
  2.1616192e-002
  2.1558080e-002
  2.1500572e-002
  2.1443660e-002
  2.1380553e-002
  2.1323700e-002
  2.1267577e-002
  2.1212174e-002
  2.1157625e-002
  2.1103777e-002
  2.1037480e-002
  2.0984519e-002
  2.0932378e-002
  2.0864678e-002
  2.0813677e-002
  2.0744974e-002
  2.0695232e-002
  2.0646669e-002
  2.0577593e-002
  2.0530512e-002
  0.0000000e+000
  0.0000000e+000
  0.0000000e+000
  0.0000000e+000
  0.0000000e+000
  0.0000000e+000
  0.0000000e+000
  0.0000000e+000
  0.0000000e+000
  0.0000000e+000
  0.0000000e+000
  0.0000000e+000
  0.0000000e+000
  0.0000000e+000
 -3.1711780e-002
 -3.1852395e-002
 -3.1997495e-002
 -3.2191284e-002
 -3.2341806e-002
 -3.2496407e-002
 -3.2684835e-002
 -3.2842741e-002
 -3.3004243e-002
 -3.3169077e-002
 -3.3336618e-002
 -3.3507277e-002
 -3.3680050e-002
 -3.3854614e-002
 -3.4031362e-002
 -3.4209226e-002
 -3.4387839e-002
 -3.4601174e-002
 -3.4786968e-002
 -3.4972452e-002
 -3.5213465e-002
 -3.5403141e-002
 -3.5591271e-002
 -3.5856738e-002
 -3.6046041e-002
 -3.6231550e-002
 -3.6516788e-002
 -3.6815535e-002
 -3.6998263e-002
 -3.7308924e-002
 -3.7630655e-002
 -3.7961620e-002
 -3.8300771e-002
 -3.8646508e-002
 -3.8997101e-002
 -3.9349713e-002
 -3.9566926e-002
 -3.9929962e-002
 -4.0168918e-002
 -4.0535872e-002
 -4.0794232e-002
 -4.1159914e-002
 -4.1434982e-002
 -4.1720891e-002
 -4.2018016e-002
 -4.2376570e-002
 -4.2682563e-002
 -4.2997090e-002
 -4.3319839e-002
 -4.3649272e-002
 -4.3984362e-002
 -4.4325256e-002
 -4.4668955e-002
 -4.5082718e-002
 -4.5446127e-002
 -4.5809479e-002
 -4.6170610e-002
 -4.6671148e-002
 -4.7039059e-002
 -4.7589416e-002
 -4.7956754e-002
 -4.8548992e-002
 -4.9175870e-002
 -4.9834812e-002
 -5.0520503e-002
 -5.1227803e-002
 -5.1949218e-002
 -5.2678093e-002
 -5.3405192e-002
 -5.3902090e-002
 -5.4639092e-002
 -5.5187174e-002
 -5.5765976e-002
 -5.6378096e-002
 -5.7107545e-002
 -5.7745416e-002
 -5.8406298e-002
 -5.9087982e-002
 -5.9785757e-002
 -6.0495579e-002
 -6.1377767e-002
 -6.2145599e-002
 -6.2910388e-002
 -6.3666076e-002
 -6.4787864e-002
 -6.6025423e-002
 -6.6800470e-002
 -6.8147586e-002
 -6.9583699e-002
 -7.1087968e-002
 -7.2637016e-002
 -7.3642676e-002
 -7.5286591e-002
 -7.6476119e-002
 -7.8130814e-002
 -7.9464339e-002
 -8.0893630e-002
 -8.2409479e-002
 -8.4003184e-002
 -8.5659675e-002
 -8.7356257e-002
 -8.9647835e-002
 -9.1518147e-002
 -9.4391532e-002
 -9.6305941e-002
 -9.9655138e-002
 -1.0334620e-001
 -1.0728445e-001
 -1.0997267e-001
 -1.1431431e-001
 -1.1773639e-001
 -1.2160171e-001
 -1.2590340e-001
 -1.3057356e-001
 -1.3550431e-001
 -1.4289243e-001
 -1.5271349e-001
 -1.6522363e-001
 -1.7975450e-001
 -1.9179158e-001
 -2.0767983e-001
 -2.2757088e-001
 -2.4997439e-001
 -2.9548532e-001
 -3.6027958e-001
 -4.3058830e-001
 -5.2706686e-001
 -7.7519770e-001
  8.7518874e+000
 -3.0643032e+000
  5.0837519e-001
  3.9889379e-001
  3.3353491e-001
  2.7467647e-001
  2.3767448e-001
  2.1823041e-001
  2.0146003e-001
  1.8804729e-001
  1.7264762e-001
  1.6463834e-001
  1.5323329e-001
  1.4717243e-001
  1.3853389e-001
  1.3309419e-001
  1.2788415e-001
  1.2307540e-001
  1.1876099e-001
  1.1497521e-001
  1.1026151e-001
  1.0733741e-001
  1.0310302e-001
  9.9170988e-002
  9.5659991e-002
  9.3621431e-002
  9.0679761e-002
  8.8728837e-002
  8.6788684e-002
  8.4886002e-002
  8.3056169e-002
  8.1320164e-002
  7.9697220e-002
  7.8193615e-002
  7.6814442e-002
  7.5025741e-002
  7.3844390e-002
  7.2125682e-002
  7.1170309e-002
  6.9602937e-002
  6.8111845e-002
  6.6716940e-002
  6.5913649e-002
  6.4640662e-002
  6.3827096e-002
  6.2714444e-002
  6.1927748e-002
  6.1140475e-002
  6.0358008e-002
  5.9530378e-002
  5.8822133e-002
  5.8133731e-002
  5.7466458e-002
  5.6722798e-002
  5.6079388e-002
  5.5468843e-002
  5.4893305e-002
  5.4130980e-002
  5.3607193e-002
  5.2851695e-002
  5.2389466e-002
  5.1662601e-002
  5.0945790e-002
  5.0246200e-002
  4.9570207e-002
  4.8923483e-002
  4.8309608e-002
  4.7940495e-002
  4.7366455e-002
  4.6992730e-002
  4.6466905e-002
  4.6097790e-002
  4.5626483e-002
  4.5269896e-002
  4.4913108e-002
  4.4557510e-002
  4.4205648e-002
  4.3857475e-002
  4.3515340e-002
  4.3179677e-002
  4.2852049e-002
  4.2533350e-002
  4.2223857e-002
  4.1924380e-002
  4.1557045e-002
  4.1269605e-002
  4.0994598e-002
  4.0622457e-002
  4.0365232e-002
  3.9993267e-002
  3.9757387e-002
  3.9391589e-002
  3.9178229e-002
  3.8823911e-002
  3.8473607e-002
  3.8129107e-002
  3.7792073e-002
  3.7463601e-002
  3.7146014e-002
  3.6839762e-002
  3.6656047e-002
  3.6362376e-002
  3.6175116e-002
  3.5897609e-002
  3.5709455e-002
  3.5518484e-002
  3.5263869e-002
  3.5076067e-002
  3.4886797e-002
  3.4697277e-002
  3.4476004e-002
  3.4293136e-002
  3.4111095e-002
  3.3930249e-002
  3.3751311e-002
  3.3573893e-002
  3.3399035e-002
  3.3227034e-002
  3.3058175e-002
  3.2868500e-002
  3.2701230e-002
  3.2538327e-002
  3.2379355e-002
  3.2224551e-002
  3.2026800e-002
  3.1877586e-002
  3.1733569e-002
  3.1534243e-002
  3.1397350e-002
  3.1197602e-002
  3.1069093e-002
  3.0871080e-002
  3.0672010e-002
  3.0556920e-002
  3.0362741e-002
  3.0169864e-002
  2.9978855e-002
  2.9790248e-002
  2.9604830e-002
  2.9423344e-002
  2.9245960e-002
  2.9073103e-002
  2.8971267e-002
  2.8803203e-002
  2.8640961e-002
  2.8536981e-002
  2.8381021e-002
  2.8276140e-002
  2.8170027e-002
  2.8022998e-002
  2.7917296e-002
  2.7810680e-002
  2.7674619e-002
  2.7569604e-002
  2.7464193e-002
  2.7358875e-002
  2.7253190e-002
  2.7135295e-002
  2.7033172e-002
  2.6931356e-002
  2.6830305e-002
  2.6730009e-002
  2.6630460e-002
  2.6531872e-002
  2.6434452e-002
  2.6338402e-002
  2.6243699e-002
  2.6136083e-002
  2.6042184e-002
  2.5949809e-002
  2.5859352e-002
  2.5747113e-002
  2.5658477e-002
  2.5571895e-002
  2.5487330e-002
  2.5373613e-002
  2.5291968e-002
  2.5212452e-002
  2.5098783e-002
  2.5022649e-002
  2.4908918e-002
  2.4836461e-002
  2.4723447e-002
  2.4609736e-002
  2.4543379e-002
  2.4431504e-002
