  2.3300559e-002
  2.3205651e-002
  2.3145964e-002
  2.3053650e-002
  2.2993239e-002
  2.2903959e-002
  2.2843010e-002
  2.2781566e-002
  2.2696195e-002
  2.2634729e-002
  2.2572790e-002
  2.2492167e-002
  2.2430846e-002
  2.2369069e-002
  2.2293657e-002
  2.2232944e-002
  2.2172095e-002
  2.2111269e-002
  2.2050470e-002
  2.1989698e-002
  2.1929108e-002
  2.1868550e-002
  2.1808475e-002
  2.1748580e-002
  2.1689013e-002
  2.1629919e-002
  2.1571293e-002
  2.1513130e-002
  2.1455571e-002
  2.1398608e-002
  2.1342234e-002
  2.1286585e-002
  2.1221838e-002
  2.1166673e-002
  2.1112357e-002
  2.1058739e-002
  2.0991890e-002
  2.0939158e-002
  2.0887517e-002
  2.0819285e-002
  2.0768778e-002
  2.0719192e-002
  2.0650573e-002
  2.0602487e-002
  2.0533306e-002
  2.0486825e-002
  0.0000000e+000
  0.0000000e+000
  0.0000000e+000
  0.0000000e+000
  0.0000000e+000
  0.0000000e+000
  0.0000000e+000
  0.0000000e+000
  0.0000000e+000
  0.0000000e+000
  0.0000000e+000
  0.0000000e+000
  0.0000000e+000
 -3.1526839e-002
 -3.1724800e-002
 -3.1867455e-002
 -3.2062913e-002
 -3.2211579e-002
 -3.2364604e-002
 -3.2555517e-002
 -3.2712511e-002
 -3.2873414e-002
 -3.3037630e-002
 -3.3204887e-002
 -3.3375603e-002
 -3.3548794e-002
 -3.3724151e-002
 -3.3901712e-002
 -3.4081153e-002
 -3.4261762e-002
 -3.4443172e-002
 -3.4624999e-002
 -3.4806843e-002
 -3.5037432e-002
 -3.5224428e-002
 -3.5475691e-002
 -3.5665799e-002
 -3.5853086e-002
 -3.6127430e-002
 -3.6314197e-002
 -3.6604972e-002
 -3.6908608e-002
 -3.7091829e-002
 -3.7407161e-002
 -3.7732842e-002
 -3.8067901e-002
 -3.8410825e-002
 -3.8759983e-002
 -3.9112646e-002
 -3.9467360e-002
 -3.9688860e-002
 -4.0052121e-002
 -4.0294595e-002
 -4.0661250e-002
 -4.0923330e-002
 -4.1196842e-002
 -4.1482723e-002
 -4.1852058e-002
 -4.2151059e-002
 -4.2460052e-002
 -4.2778805e-002
 -4.3106483e-002
 -4.3442792e-002
 -4.3785598e-002
 -4.4135085e-002
 -4.4488944e-002
 -4.4845983e-002
 -4.5204927e-002
 -4.5660942e-002
 -4.6036444e-002
 -4.6408652e-002
 -4.6936629e-002
 -4.7314404e-002
 -4.7892966e-002
 -4.8266491e-002
 -4.8885297e-002
 -4.9538750e-002
 -4.9891307e-002
 -5.0563229e-002
 -5.1255148e-002
 -5.1960292e-002
 -5.2394150e-002
 -5.3132974e-002
 -5.3866356e-002
 -5.4383107e-002
 -5.4934611e-002
 -5.5680731e-002
 -5.6274979e-002
 -5.6898381e-002
 -5.7549324e-002
 -5.8228161e-002
 -5.8928673e-002
 -5.9648480e-002
 -6.0383777e-002
 -6.1127984e-002
 -6.1876254e-002
 -6.2886672e-002
 -6.3675029e-002
 -6.4846186e-002
 -6.5643920e-002
 -6.6952858e-002
 -6.8369536e-002
 -6.9881290e-002
 -7.1464577e-002
 -7.3090864e-002
 -7.4169892e-002
 -7.5884870e-002
 -7.7159180e-002
 -7.8552806e-002
 -8.0281223e-002
 -8.1790894e-002
 -8.3386866e-002
 -8.5055417e-002
 -8.7137829e-002
 -8.9058754e-002
 -9.0979967e-002
 -9.3894163e-002
 -9.5886726e-002
 -9.9336842e-002
 -1.0317815e-001
 -1.0729896e-001
 -1.1012915e-001
 -1.1470266e-001
 -1.1835098e-001
 -1.2248850e-001
 -1.2710298e-001
 -1.3211089e-001
 -1.3736207e-001
 -1.4552367e-001
 -1.5634199e-001
 -1.6987547e-001
 -1.8503382e-001
 -1.9801947e-001
 -2.1459126e-001
 -2.3434555e-001
 -2.7229775e-001
 -3.3645663e-001
 -4.1348670e-001
  3.6269626e+000
  1.0586887e+000
  7.1621703e-001
  5.8336387e-001
  4.1689536e-001
  3.5547137e-001
  2.9626807e-001
  2.5295843e-001
  2.2659366e-001
  2.1097567e-001
  1.9749852e-001
  1.8267116e-001
  1.7320235e-001
  1.6078316e-001
  1.5019866e-001
  1.4436377e-001
  1.3655647e-001
  1.3144697e-001
  1.2659413e-001
  1.2212374e-001
  1.1810698e-001
  1.1456020e-001
  1.1009320e-001
  1.0732288e-001
  1.0328091e-001
  9.9503825e-002
  9.6094688e-002
  9.3102042e-002
  9.1235381e-002
  8.9333679e-002
  8.7429933e-002
  8.5331423e-002
  8.3667595e-002
  8.2071592e-002
  8.0557788e-002
  7.8841101e-002
  7.7435437e-002
  7.6146582e-002
  7.4974287e-002
  7.3333644e-002
  7.1696665e-002
  7.0809435e-002
  6.9319830e-002
  6.7903196e-002
  6.6576807e-002
  6.5805542e-002
  6.4590606e-002
  6.3811676e-002
  6.2742999e-002
  6.1988308e-002
  6.1230246e-002
  6.0477792e-002
  5.9733463e-002
  5.9003926e-002
  5.8293057e-002
  5.7606432e-002
  5.6946017e-002
  5.6313571e-002
  5.5712635e-002
  5.4958040e-002
  5.4400464e-002
  5.3876972e-002
  5.3136175e-002
  5.2669855e-002
  5.1950574e-002
  5.1238234e-002
  5.0540319e-002
  5.0200826e-002
  4.9861938e-002
  4.9210689e-002
  4.8589635e-002
  4.8001500e-002
  4.7639209e-002
  4.7091906e-002
  4.6727305e-002
  4.6228267e-002
  4.5870885e-002
  4.5510484e-002
  4.5149266e-002
  4.4734918e-002
  4.4392696e-002
  4.4053219e-002
  4.3718892e-002
  4.3390194e-002
  4.3068157e-002
  4.2753170e-002
  4.2447305e-002
  4.2091473e-002
  4.1793864e-002
  4.1506413e-002
  4.1230399e-002
  4.0866106e-002
  4.0605796e-002
  4.0239114e-002
  3.9998316e-002
  3.9635033e-002
  3.9415602e-002
  3.9061815e-002
  3.8710062e-002
  3.8362729e-002
  3.8021571e-002
  3.7688220e-002
  3.7364627e-002
  3.7051309e-002
  3.6868486e-002
  3.6566774e-002
  3.6278680e-002
  3.6092278e-002
  3.5820490e-002
  3.5633943e-002
  3.5444966e-002
  3.5195701e-002
  3.5009783e-002
  3.4823139e-002
  3.4635823e-002
  3.4419818e-002
  3.4239763e-002
  3.4060484e-002
  3.3882347e-002
  3.3706063e-002
  3.3531604e-002
  3.3359644e-002
  3.3190481e-002
  3.3004791e-002
  3.2836815e-002
  3.2672562e-002
  3.2512280e-002
  3.2355875e-002
  3.2160105e-002
  3.2008678e-002
  3.1862196e-002
  3.1663788e-002
  3.1523888e-002
  3.1389261e-002
  3.1192380e-002
  3.0993404e-002
  3.0870478e-002
  3.0674386e-002
  3.0478423e-002
  3.0369144e-002
  3.0179061e-002
  2.9990207e-002
  2.9804262e-002
  2.9621162e-002
  2.9441393e-002
  2.9265954e-002
  2.9094999e-002
  2.8994336e-002
  2.8827842e-002
  2.8666879e-002
  2.8564000e-002
  2.8459554e-002
  2.8305449e-002
  2.8200371e-002
  2.8054268e-002
  2.7949564e-002
  2.7843925e-002
  2.7708267e-002
  2.7603959e-002
  2.7499479e-002
  2.7394839e-002
  2.7273604e-002
  2.7171838e-002
  2.7070134e-002
  2.6968959e-002
  2.6868310e-002
  2.6768182e-002
  2.6669023e-002
  2.6570818e-002
  2.6473555e-002
  2.6377660e-002
  2.6282894e-002
  2.6189456e-002
  2.6097539e-002
  2.5989836e-002
  2.5899101e-002
  2.5810048e-002
  2.5723068e-002
  2.5611799e-002
  2.5526970e-002
  2.5444133e-002
  2.5331408e-002
  2.5251443e-002
  2.5173581e-002
  2.5061253e-002
  2.4986725e-002
  2.4874297e-002
  2.4761133e-002
  2.4692033e-002
  2.4580137e-002
  2.4515077e-002
  2.4405151e-002
  2.4295274e-002
  2.4186197e-002
  2.4077729e-002
  2.3970230e-002
  2.3864225e-002
  2.3759511e-002
  2.3656417e-002
  2.3555266e-002
  2.3456191e-002
  2.3359152e-002
  2.3300559e-002
