




-0.04333570310236
-0.03173148082443
-0.023537662505155
-0.01534384418588
0.01118788746692
0.02027768428572
0.02936748110452
0.043552055295585
0.05773662948665
0.066308159650965
0.07487968981528
0.08862373749829
0.1023677851813
0.1152924824839
0.1282171797865
0.1422713883752
0.1528245143501
0.163377640325
0.16968385117275
0.1759900620205
0.18158952379785
0.1871889855752
0.1915097019778
0.1958304183804
0.2013342787853
0.2031265300594
0.2049187813335
0.20402754579485
0.2031363102562
0.19995217787185
0.1967680454875
0.19325595092615
0.1897438563648
0.1802833945153
0.1747415868646
0.1691997792139
0.1633188042939
0.1574378293739
0.148168313693
0.1388987980121
0.12795984481845
0.1170208916248
0.10559713445183
0.09417337727886
0.07239781234453
0.065820802993235
0.05924379364194
0.04970867286032
0.0401735520787
0.03430808274692
0.02844261341514
0.0211259541008
0.01380929478646
0.004963813429988
8.33483429785002E-5
-0.004797116744031
-0.0074347642849255
-0.01007241182582
-0.011934165819165
-0.01379591981251
-0.01516236001524
-0.01652880021797
-0.0166676093252
-0.01680641843243
-0.01506411733922
-0.013835971214775
-0.01260782509033
-0.0100457778552755
-0.007483730620221
-0.0054015063456995
-0.003319282071178
0.0001076096978095
0.003534501466797
0.008256148693988
0.011632608654394
0.0150090686148
0.017056989365305
0.01910491011581
0.021551702115545
0.02399849411528
0.025207664151815
0.02641683418835
0.027153499971995
0.02789016575564
0.02805370817764
0.027375375393905
0.02669704261017
0.02533781135663
0.02397858010309
0.021305389229035
0.01863219835498
0.01576006947204
0.0128879405891
0.005889416668291
0.001820520776348
-0.002248375115595
-0.0067621531279275
-0.01127593114026
-0.01735271732421
-0.02342950350816
-0.02859601142869
-0.03376251934922
-0.04407141788353
-0.050937187231195
-0.05780295657886
-0.062540928356185
-0.06727890013351
-0.071494617383825
-0.07571033463414
-0.081310896309685
-0.08691145798523
-0.091432136302505
-0.09595281461978
-0.1016482727535
-0.1024818550403
-0.1033154373271
-0.10276839122945
-0.1022213451318
-0.099783757082415
-0.09734616903303
-0.094352524437725
-0.09135887984242
-0.08293260727629
-0.07754421574761
-0.07215582421893
-0.065671431269315
-0.0591870383197
-0.051792230070315
-0.04439742182093
-0.036270329499815
-0.0281432371787
-0.01944695202827
-0.01075066687784
0.007527808160525
0.0169385299769975
0.02634925179347
0.035948736434415
0.04554822107536
0.05515727709898
0.0647663331226
0.074110795221015
0.08345525731943
0.1011838866332
0.10922080145055
0.1172577162679
0.1269962116314
0.1367347069949
0.14258609938515
0.1484374917754
0.15594680012335
0.1634561084713
0.16880569232835
0.1741552761854
0.1785728594444
0.179948897461
0.1813249354776
0.18106885134115
0.1808127672047
0.17944855392815
0.1780843406516
0.1747057031757
0.1713270656998
0.1639752470443
0.156760881147
0.1495465152497
0.1404056843989
0.1312648535481
0.1213995751276
0.1115342967071
0.10444079596951
0.09734729523192
0.0815619643894
0.0715461069325
0.0615302494756
0.053528422916345
0.04552659635709
0.03762517713034
0.02972375790359
0.02215279417154
0.01458183043949
0.0074825404549608
0.0003832504704316
-0.0125559170048
-0.018243149264795
-0.02393038152479
-0.02882363794044
-0.03371689435609
-0.038296365009455
-0.04287583566282
-0.045929453327205
-0.04898307099159
-0.05321202358589
-0.054447505724735
-0.05568298786358
-0.056140758008085
-0.05659852815259
-0.05614135093664
-0.05568417372069
-0.053966536544795
-0.0522488993689
-0.05063077269714
-0.04901264602538
-0.04247753798017
-0.03865964475404
-0.03484175152791
-0.03083996877625
-0.02683818602459
-0.02483355177651
-0.02282891752843
-0.019404583684615
-0.0159802498408
-0.01066036141188
-0.009033291998555
-0.00740622258523
-0.007026264433878
-0.006646306282526
-0.0076281890081795
-0.008610071733833
-0.0096805445403615
-0.01075101734689
-0.013854795616215
-0.01695857388554
-0.02571237866573
-0.03112092027113
-0.03652946187653
-0.04263199439256
-0.04873452690859
-0.05267904641225
-0.05662356591591
-0.063136725116595
-0.06964988431728
-0.0783115914435
-0.083984676294395
-0.08965776114529
-0.093474711857895
-0.0972916625705
-0.10072943264875
-0.104167202727
-0.10697577528215
-0.1097843478373
-0.1137267944515
-0.11474959392865
-0.1157723934058
-0.1158524681617
-0.1159325429176
-0.11448965879055
-0.1130467746635
-0.10929009286645
-0.1055334110694
-0.10251204141622
-0.09949067176304
-0.08538870102879
-0.0805068375975
-0.07562497416621
-0.06528244977325
-0.05493992538029
-0.04333570310236
-0.03173148082443
-0.02353766250516
-0.01534384418589
0.01118788746691
0.020277684285715
0.02936748110452
0.043552055295585
0.05773662948665
0.066308159650965
0.07487968981528
0.08862373749829
0.1023677851813
0.1152924824839
0.1282171797865
0.1422713883752
0.1528245143501
0.163377640325
0.16968385117275
0.1759900620205
0.18158952379785
0.1871889855752
0.1915097019778
0.1958304183804
0.2013342787853
0.2031265300594
0.2049187813335
0.20402754579485
0.2031363102562
0.19995217787185
0.1967680454875
0.19325595092615
0.1897438563648
0.1802833945153
0.1747415868646
0.1691997792139
0.1633188042939
0.1574378293739
0.148168313693
0.1388987980121
0.12795984481845
0.1170208916248
0.10559713445183
0.09417337727886
0.07239781234453
0.065820802993235
0.05924379364194
0.04970867286032
0.0401735520787
0.03430808274692
0.02844261341514
0.0211259541008
0.01380929478646
0.004963813429988
8.33483429785002E-5
-0.004797116744031
-0.0074347642849255
-0.01007241182582
-0.011934165819165
-0.01379591981251
-0.01516236001524
-0.01652880021797
-0.0166676093252
-0.01680641843243
-0.01506411733922
-0.013835971214775
-0.01260782509033
-0.0100457778552755
-0.007483730620221
-0.0054015063456995
-0.003319282071178
0.0001076096978095
0.003534501466797
0.008256148693987
0.0116326086543935
0.0150090686148
0.017056989365305
0.01910491011581
0.021551702115545
0.02399849411528
0.025207664151815
0.02641683418835
0.027153499971995
0.02789016575564
0.02805370817764
0.027375375393905
0.02669704261017
0.02533781135663
0.02397858010309
0.021305389229035
0.01863219835498
0.01576006947204
0.0128879405891
0.005889416668291
0.001820520776348
-0.002248375115595
-0.0067621531279275
-0.01127593114026
-0.01735271732421
-0.02342950350816
-0.02859601142869
-0.03376251934922
-0.04407141788353
-0.050937187231195
-0.05780295657886
-0.062540928356185
-0.06727890013351
-0.071494617383825
-0.07571033463414
-0.081310896309685
-0.08691145798523
-0.091432136302505
-0.09595281461978
-0.1016482727535
-0.1024818550403
-0.1033154373271
-0.10276839122945
-0.1022213451318
-0.099783757082415
-0.09734616903303
-0.094352524437725
-0.09135887984242
-0.08293260727629
-0.07754421574761
-0.07215582421893
-0.065671431269315
-0.0591870383197
-0.051792230070315
-0.04439742182093
-0.036270329499815
-0.0281432371787
-0.01944695202827
-0.01075066687784
0.007527808160524
0.016938529976997
0.02634925179347
0.035948736434415
0.04554822107536
0.05515727709898
0.0647663331226
0.074110795221015
0.08345525731943
0.1011838866332
0.10922080145055
0.1172577162679
0.1269962116314
0.1367347069949
0.14258609938515
0.1484374917754
0.15594680012335
0.1634561084713
0.16880569232835
0.1741552761854
0.1785728594444
0.179948897461
0.1813249354776
0.18106885134115
0.1808127672047
0.17944855392815
0.1780843406516
0.1747057031757
0.1713270656998
0.1639752470443
0.156760881147
0.1495465152497
0.1404056843989
0.1312648535481
0.1213995751276
0.1115342967071
0.10444079596951
0.09734729523192
0.08156196438939
0.071546106932495
0.0615302494756
0.053528422916345
0.04552659635709
0.03762517713034
0.02972375790359
0.02215279417154
0.01458183043949
0.00748254045496075
0.0003832504704315
-0.0125559170048
-0.018243149264795
-0.02393038152479
-0.02882363794044
-0.03371689435609
-0.038296365009455
-0.04287583566282
-0.045929453327205
-0.04898307099159
-0.05321202358589
-0.054447505724735
-0.05568298786358
-0.056140758008085
-0.05659852815259
-0.05614135093664
-0.05568417372069
-0.053966536544795
-0.0522488993689
-0.05063077269714
-0.04901264602538
-0.04247753798017
-0.03865964475404
-0.03484175152791
-0.03083996877625
-0.02683818602459
-0.02483355177651
-0.02282891752843
-0.019404583684615
-0.0159802498408
-0.01066036141188
-0.0090332919985545
-0.007406222585229
-0.007026264433877
-0.006646306282525
-0.007628189008179
-0.008610071733833
-0.0096805445403615
-0.01075101734689
-0.013854795616215
-0.01695857388554
-0.02571237866573
-0.03112092027113
-0.03652946187653
-0.04263199439256
-0.04873452690859
-0.05267904641225
-0.05662356591591
-0.063136725116595
-0.06964988431728
-0.0783115914435
-0.083984676294395
-0.08965776114529
-0.093474711857895
-0.0972916625705
-0.10072943264875
-0.104167202727
-0.10697577528215
-0.1097843478373
-0.1137267944515
-0.11474959392865
-0.1157723934058
-0.1158524681617
-0.1159325429176
-0.11448965879055
-0.1130467746635
-0.10929009286645
-0.1055334110694
-0.10251204141622
-0.09949067176304
-0.08538870102879
-0.0805068375975
-0.07562497416621
-0.06528244977325
-0.05493992538029
