




-0.03173148082443
-0.023537662505155
-0.01534384418588
-0.001559121838607
0.01118788746692
0.02936748110452
0.035923964779275
0.04248044845403
0.05773662948665
0.07487968981528
0.08694935690905
0.094658571045175
0.1023677851813
0.1158498339926
0.1282171797865
0.1422713883752
0.14636244785755
0.1504535073399
0.163377640325
0.1759900620205
0.18158952379785
0.1871889855752
0.1958304183804
0.2013342787853
0.2040981960697
0.2045084887016
0.2049187813335
0.2047646954014
0.2031363102562
0.2008092960977
0.1987886707926
0.1967680454875
0.1897438563648
0.1802833945153
0.1691997792139
0.1633188042939
0.1574378293739
0.1519344715654
0.1388987980121
0.13291772605645
0.1269366541008
0.1170208916248
0.1060453833712
0.09417337727886
0.0895525368234
0.08493169636794
0.07239781234453
0.05924379364194
0.05247919882266
0.04632637545068
0.0401735520787
0.02844261341514
0.02391906097752
0.01380929478646
0.009386554108224
0.004963813429988
-0.00231104037478
-0.004797116744031
-0.0074347642849255
-0.01007241182582
-0.01379591981251
-0.0152712336563
-0.01652880021797
-0.0166676093252
-0.01680641843243
-0.01597825663903
-0.01506411733922
-0.01260782509033
-0.0109779232036995
-0.009348021317069
-0.007483730620221
-0.003319282071178
-0.001064616702635
0.001190048665908
0.003534501466797
0.008256148693988
0.01288265500024
0.01394586180752
0.0150090686148
0.01910491011581
0.02268859838126
0.02399849411528
0.025207664151815
0.02641683418835
0.02789016575564
0.0282514379601
0.02805370817764
0.027375375393905
0.02669704261017
0.02397858010309
0.019860597399
0.01924639787699
0.01863219835498
0.0128879405891
0.005889416668291
-0.002248375115595
-0.0067621531279275
-0.01127593114026
-0.01593078723521
-0.02342950350816
-0.03376251934922
-0.038916968616375
-0.04407141788353
-0.05404802627435
-0.05780295657886
-0.06727890013351
-0.071494617383825
-0.07571033463414
-0.08001270963236
-0.08691145798523
-0.089442135257755
-0.09197281253028
-0.09595281461978
-0.09923627124947
-0.1016482727535
-0.10234229285305
-0.1030363129526
-0.1033154373271
-0.1022213451318
-0.1008420928337
-0.099094130933365
-0.09734616903303
-0.09135887984242
-0.08293260727629
-0.07215582421893
-0.065671431269315
-0.0591870383197
-0.04439742182093
-0.0281432371787
-0.01944695202827
-0.01075066687784
0.007527808160525
0.02634925179347
0.04554822107536
0.05515727709898
0.0647663331226
0.08345525731943
0.1011838866332
0.1172577162679
0.12185393158185
0.1264501468958
0.1367347069949
0.1484374917754
0.1553694561392
0.15941278230525
0.1634561084713
0.1701170572148
0.1741552761854
0.1763640678149
0.1785728594444
0.1808568918871
0.1813249354776
0.1808127672047
0.17944855392815
0.1780843406516
0.1755799878318
0.1713270656998
0.1639752470443
0.16053925066615
0.157103254288
0.1495465152497
0.1412937372157
0.1312648535481
0.1250142184919
0.1187635834357
0.1115342967071
0.09734729523192
0.08945462981066
0.0815619643894
0.07303590501981
0.0615302494756
0.04552659635709
0.03762517713034
0.02972375790359
0.01458183043949
0.0003832504704316
-0.0125559170048
-0.018243149264795
-0.02393038152479
-0.03371689435609
-0.03999325032021
-0.04287583566282
-0.045929453327205
-0.04898307099159
-0.05321202358589
-0.05568298786358
-0.056091154468345
-0.05649932107311
-0.05659852815259
-0.05568417372069
-0.05372570219565
-0.052987300782275
-0.0522488993689
-0.04901264602538
-0.04632150970567
-0.04247753798017
-0.040371855376975
-0.03826617277378
-0.03484175152791
-0.03049831157429
-0.02866824879944
-0.02683818602459
-0.02282891752843
-0.01934648859345
-0.0159802498408
-0.01454539863768
-0.01311054743456
-0.01066036141188
-0.008726592883989
-0.00740622258523
-0.007047528215686
-0.006688833846142
-0.006646306282526
-0.007307720029303
-0.008610071733833
-0.0096805445403615
-0.01075101734689
-0.01334995511571
-0.01695857388554
-0.018835236059435
-0.02071189823333
-0.02571237866573
-0.03029644224028
-0.03652946187653
-0.04003773987815
-0.04354601787977
-0.04873452690859
-0.05662356591591
-0.06139954455633
-0.065524714436805
-0.06964988431728
-0.0783115914435
-0.0836626794103
-0.08965776114529
-0.093474711857895
-0.0972916625705
-0.104167202727
-0.1097843478373
-0.1117555711444
-0.1137267944515
-0.1157723934058
-0.1159325429176
-0.115499821416
-0.11427329803975
-0.1130467746635
-0.1091457072101
-0.1055334110694
-0.09949067176304
-0.096190386046425
-0.09289010032981
-0.08538870102879
-0.07562497416621
-0.06753473875719
-0.06123733206874
-0.05493992538029
-0.04142191033499
-0.03173148082443
-0.02353766250516
-0.01534384418589
-0.001559121838607
0.01118788746691
0.02936748110452
0.035923964779275
0.04248044845403
0.05773662948665
0.07487968981528
0.08694935690905
0.094658571045175
0.1023677851813
0.1158498339926
0.1282171797865
0.1422713883752
0.14636244785755
0.1504535073399
0.163377640325
0.1759900620205
0.18158952379785
0.1871889855752
0.1958304183804
0.2013342787853
0.2040981960697
0.2045084887016
0.2049187813335
0.2047646954014
0.2031363102562
0.2008092960977
0.1987886707926
0.1967680454875
0.1897438563648
0.1802833945153
0.1691997792139
0.1633188042939
0.1574378293739
0.1519344715654
0.1388987980121
0.13291772605645
0.1269366541008
0.1170208916248
0.1060453833712
0.09417337727886
0.0895525368234
0.08493169636794
0.07239781234453
0.05924379364194
0.05247919882266
0.04632637545068
0.0401735520787
0.02844261341514
0.02391906097752
0.01380929478646
0.009386554108224
0.004963813429988
-0.00231104037478
-0.004797116744031
-0.0074347642849255
-0.01007241182582
-0.01379591981251
-0.0152712336563
-0.01652880021797
-0.0166676093252
-0.01680641843243
-0.01597825663903
-0.01506411733922
-0.01260782509033
-0.0109779232036995
-0.009348021317069
-0.007483730620221
-0.003319282071178
-0.0010646167026355
0.001190048665907
0.003534501466797
0.008256148693987
0.01288265500024
0.01394586180752
0.0150090686148
0.01910491011581
0.02268859838126
0.02399849411528
0.025207664151815
0.02641683418835
0.02789016575564
0.0282514379601
0.02805370817764
0.027375375393905
0.02669704261017
0.02397858010309
0.019860597399
0.01924639787699
0.01863219835498
0.0128879405891
0.005889416668291
-0.002248375115595
-0.0067621531279275
-0.01127593114026
-0.01593078723521
-0.02342950350816
-0.03376251934922
-0.038916968616375
-0.04407141788353
-0.05404802627435
-0.05780295657886
-0.06727890013351
-0.071494617383825
-0.07571033463414
-0.08001270963236
-0.08691145798523
-0.089442135257755
-0.09197281253028
-0.09595281461978
-0.09923627124947
-0.1016482727535
-0.10234229285305
-0.1030363129526
-0.1033154373271
-0.1022213451318
-0.1008420928337
-0.099094130933365
-0.09734616903303
-0.09135887984242
-0.08293260727629
-0.07215582421893
-0.065671431269315
-0.0591870383197
-0.04439742182093
-0.0281432371787
-0.01944695202827
-0.01075066687784
0.007527808160524
0.02634925179347
0.04554822107536
0.05515727709898
0.0647663331226
0.08345525731943
0.1011838866332
0.1172577162679
0.12185393158185
0.1264501468958
0.1367347069949
0.1484374917754
0.1553694561392
0.15941278230525
0.1634561084713
0.1701170572148
0.1741552761854
0.1763640678149
0.1785728594444
0.1808568918871
0.1813249354776
0.1808127672047
0.17944855392815
0.1780843406516
0.1755799878318
0.1713270656998
0.1639752470443
0.16053925066615
0.157103254288
0.1495465152497
0.1412937372157
0.1312648535481
0.1250142184919
0.1187635834357
0.1115342967071
0.09734729523192
0.089454629810655
0.08156196438939
0.07303590501981
0.0615302494756
0.04552659635709
0.03762517713034
0.02972375790359
0.01458183043949
0.0003832504704315
-0.0125559170048
-0.018243149264795
-0.02393038152479
-0.03371689435609
-0.03999325032021
-0.04287583566282
-0.045929453327205
-0.04898307099159
-0.05321202358589
-0.05568298786358
-0.056091154468345
-0.05649932107311
-0.05659852815259
-0.05568417372069
-0.05372570219565
-0.052987300782275
-0.0522488993689
-0.04901264602538
-0.04632150970567
-0.04247753798017
-0.040371855376975
-0.03826617277378
-0.03484175152791
-0.03049831157429
-0.02866824879944
-0.02683818602459
-0.02282891752843
-0.01934648859345
-0.0159802498408
-0.01454539863768
-0.01311054743456
-0.01066036141188
-0.008726592883989
-0.007406222585229
-0.007047528215685
-0.006688833846141
-0.006646306282525
-0.007307720029303
-0.008610071733833
-0.0096805445403615
-0.01075101734689
-0.01334995511571
-0.01695857388554
-0.018835236059435
-0.02071189823333
-0.02571237866573
-0.03029644224028
-0.03652946187653
-0.04003773987815
-0.04354601787977
-0.04873452690859
-0.05662356591591
-0.06139954455633
-0.065524714436805
-0.06964988431728
-0.0783115914435
-0.0836626794103
-0.08965776114529
-0.093474711857895
-0.0972916625705
-0.104167202727
-0.1097843478373
-0.1117555711444
-0.1137267944515
-0.1157723934058
-0.1159325429176
-0.115499821416
-0.11427329803975
-0.1130467746635
-0.1091457072101
-0.1055334110694
-0.09949067176304
-0.096190386046425
-0.09289010032981
-0.08538870102879
-0.07562497416621
-0.06753473875719
-0.06123733206874
-0.05493992538029
-0.04142191033499
