




-0.010951051
-0.010951051
-0.014109622
-0.017268193
-0.026118524
-0.0290459185
-0.031973313
-0.038017161
-0.044061009
-0.0505938125
-0.057126616
-0.0636407005
-0.070154785
-0.0744557895
-0.078756794
-0.089982478
-0.093781586
-0.097580694
-0.100964577
-0.10434846
-0.107123635
-0.10989881
-0.111841755
-0.1137847
-0.114783955
-0.11578321
-0.11592863
-0.11449653
-0.11306443
-0.109348725
-0.10563302
-0.0993843655
-0.093135711
-0.0846041405
-0.07607257
-0.055552764
-0.044032362
-0.03251196
-0.0199250394
-0.0073381188
0.0015344871
0.010407093
0.024487787
0.038568481
0.04775161
0.056934739
0.0862683
0.100832825
0.11539735
0.1287543
0.14211125
0.152778275
0.1634453
0.16980404
0.17616278
0.18746335
0.191779055
0.19609476
0.198808545
0.20152233
0.203241135
0.20495994
0.203941175
0.20292241
0.199645475
0.19636854
0.18921442
0.18444787
0.17968132
0.174120485
0.16855965
0.159979935
0.15140022
0.144865
0.13832978
0.127449595
0.11656941
0.093945324
0.0893631265
0.084780929
0.0785157255
0.072250522
0.0623648605
0.052479199
0.0463263755
0.040173552
0.023919061
0.0188888055
0.01385855
0.0079546486
0.0020507472
-0.0013575929
-0.004765933
-0.008232447
-0.011698961
-0.0132811865
-0.014863412
-0.01652388
-0.0165243515
-0.016524823
-0.01579447
-0.015064117
-0.013084838
-0.011105559
-0.0092841155
-0.007462672
-0.0042622147
-0.0010617574
0.0035598587
0.00705970085
0.010559543
0.012784306
0.015009069
0.017897051
0.020785033
0.0223917635
0.023998494
0.026416834
0.0272803835
0.028143933
0.0281006175
0.028057302
0.0270650815
0.026072861
0.0245611385
0.023049416
0.020866158
0.0186829
0.012982897
0.00863719055
0.0042914841
0.00011811575
-0.0040552526
-0.0086769968
-0.013298741
-0.0182887435
-0.023278746
-0.036618998
-0.0420093225
-0.047399647
-0.0525761155
-0.057752584
-0.0646899895
-0.071627395
-0.075861326
-0.080095257
-0.0857058315
-0.091316406
-0.096054461
-0.0988889905
-0.10172352
-0.102513455
-0.10330339
-0.10271316
-0.10212293
-0.099608016
-0.097093102
-0.0940296925
-0.090966283
-0.082377805
-0.076900229
-0.071422653
-0.064844198
-0.058265743
-0.0511838125
-0.044101882
-0.0355963485
-0.027090815
-0.0096278518
-0.0004636744
0.008700503
0.018125373
0.027550243
0.0371063585
0.046662474
0.0562638045
0.065865135
0.0751914425
0.08451775
0.10219044
0.112490585
0.12279073
0.130067745
0.13734476
0.146544825
0.15574489
0.159713465
0.16368204
0.17421375
0.17697902
0.17974429
0.18052975
0.18131521
0.18108462
0.18085403
0.17952766
0.17820129
0.175963245
0.1737252
0.16444827
0.15733314
0.15021801
0.141207835
0.13219766
0.12234688
0.1124961
0.105424139
0.098352178
0.0882867155
0.078221253
0.062567889
0.0545573265
0.046546764
0.038626932
0.0307071
0.0231086655
0.015510231
0.00837521975
0.0012402085
-0.011784422
-0.018089375
-0.024394328
-0.029359301
-0.034324274
-0.038378023
-0.042431772
-0.045542387
-0.048653002
-0.050814419
-0.052975836
-0.056088073
-0.056352274
-0.056616475
-0.0562008005
-0.055785126
-0.054128284
-0.052471442
-0.049674993
-0.046878544
-0.0448512665
-0.042823989
-0.035192909
-0.031188713
-0.027184517
-0.023419533
-0.019654549
-0.016502518
-0.013350487
-0.0111119871
-0.0088734872
-0.0067216665
-0.0069747851
-0.0072279037
-0.00888372885
-0.010539554
-0.0135837615
-0.016627969
-0.0209522065
-0.025276444
-0.030663152
-0.03604986
-0.043033047
-0.049554283
-0.056075519
-0.062632998
-0.069190477
-0.073527919
-0.077865361
-0.0822737565
-0.086682152
-0.097000994
-0.100477642
-0.10395429
-0.10680002
-0.10964575
-0.111656975
-0.1136682
-0.114714795
-0.11576139
-0.115634425
-0.11550746
-0.11302907
-0.109231195
-0.10543332
-0.0990135035
-0.092593687
-0.08882167
-0.085049653
-0.076048172
-0.067046691
-0.0606856185
-0.054324546
-0.031035586
-0.01838554035
-0.0057354947
0.00316596015
0.012067415
0.026170272
0.040273129
0.0494056945
0.05853826
0.087532491
0.1019170505
0.11630161
0.12936649
0.14243137
0.15287065
0.16330993
0.169563405
0.17581688
0.18138784
0.1869588
0.19556229
0.198340935
0.20111958
0.20299565
0.20487172
0.204105315
0.20333891
0.20136362
0.19938833
0.19482673
0.19026513
0.18092873
0.175382135
0.16983554
0.1639255
0.15801546
0.14870556
0.13939566
0.13338736
0.12737906
0.10634949
0.095753696
0.085157902
0.075058553
0.064959204
0.058753565
0.052547926
0.046360739
0.040173552
0.032018332
0.023863112
0.013809295
0.00791051305
0.0020117311
-0.00140826425
-0.0048282596
-0.0082736798
-0.0117191
-0.013297416
-0.014875732
-0.0165288
-0.0165268115
-0.016524823
-0.01579447
-0.015064117
-0.0130935935
-0.01112307
-0.0093139215
-0.007504773
-0.0042954783
-0.0010861836
0.0035345015
0.00703462425
0.010534747
0.0127603325
0.014985918
0.017045414
0.01910491
0.021551702
0.023998494
0.0252128005
0.026427107
0.028149114
0.028099598
0.028050082
0.0273633315
0.026676581
0.0248253695
0.022974158
0.0207650305
0.018555903
0.012792712
0.00928477555
0.0057768391
0.00075194195
-0.0042729552
-0.0089282271
-0.013583499
-0.018556781
-0.023530063
-0.028698123
-0.033866183
-0.04750343
-0.0526531935
-0.057802957
-0.0625409285
-0.0672789
-0.073625148
-0.079971396
-0.08553274
-0.091094084
-0.095850529
-0.0987109445
-0.10157136
-0.102447345
-0.10332333
-0.102819435
-0.10231554
-0.099942483
-0.097569426
-0.094657317
-0.091745208
-0.083480249
-0.0777056575
-0.071931066
-0.065885577
-0.059840088
-0.0528897655
-0.045939443
-0.038206071
-0.030472699
-0.02117118
-0.011869661
0.0063576251
0.01575351155
0.025149398
0.0347451195
0.044340841
0.0539575755
0.06357431
0.072982204
0.082390098
0.10025787
0.110688605
0.12111934
0.128620285
0.13612123
0.14203953
0.14795783
0.15559333
0.16322883
0.1686627
0.17409657
0.17857286
0.17995349
0.18133412
0.181052075
0.18077003
0.17935767
0.17794531
0.175580495
0.17321568
0.168377905
0.16354013
0.15578474
0.148168385
0.14055203
0.131720535
0.12288904
0.11672899
0.11056894
0.1007634395
0.090957939
0.076148892
0.0683210215
0.060493151
0.052500678
0.044508205
0.036625787
0.028743369
0.0205991115
0.012454854
0.0054722276
-0.0015103988
-0.014314166
-0.0200157245
-0.025717283
-0.030574197
-0.035431111
-0.0393886005
-0.04334609
-0.0463383045
-0.049330519
-0.054298609
-0.0552759135
-0.056253218
-0.0564134
-0.056573582
-0.055607345
-0.054641108
-0.0533312575
-0.052021407
-0.0491376785
-0.04625395
-0.038897443
-0.0348471435
-0.030796844
-0.0286448475
-0.026492851
-0.022766841
-0.019040831
-0.0159575285
-0.012874226
-0.01072925095
-0.0085842759
-0.0066582881
-0.0070288922
-0.0073994963
-0.00917527365
-0.010951051
