




-0.024887658
-0.024887658
-0.0212977845
-0.017707911
-0.014794932
-0.011881953
-0.0080243861
-0.0073058514
-0.0065873167
-0.0072181406
-0.0078489645
-0.00987868075
-0.011908397
-0.015297271
-0.018686145
-0.023267434
-0.027848723
-0.0333664995
-0.038884276
-0.051051924
-0.054983322
-0.05891472
-0.0652447535
-0.071574787
-0.0757420265
-0.079909266
-0.085288808
-0.09066835
-0.0942861135
-0.097903877
-0.1011562485
-0.10440862
-0.10971522
-0.111624545
-0.11353387
-0.11458425
-0.11563463
-0.115697385
-0.11576014
-0.11478247
-0.1138048
-0.110634955
-0.10746511
-0.101907
-0.09634889
-0.0806637
-0.070991264
-0.061318828
-0.054475828
-0.047632828
-0.035532567
-0.023432306
-0.0104363956
0.0025595148
0.0115926329
0.020625751
0.0348161975
0.049006644
0.066834745
0.0809934705
0.095152196
0.108851158
0.12255012
0.134659435
0.14676875
0.153735475
0.1607022
0.167676265
0.17465033
0.18709708
0.191790625
0.19648417
0.19929893
0.20211369
0.20356654
0.20501939
0.20328259
0.20154579
0.19864119
0.19573659
0.19091458
0.18609257
0.17327976
0.166285065
0.15929037
0.148203455
0.13711654
0.130211425
0.12330631
0.1114031845
0.099500059
0.088058404
0.076616749
0.0662095865
0.055802424
0.043087821
0.03697832
0.030868819
0.0232877165
0.015706614
0.01112323085
0.0065398477
0.00146184745
-0.0036161528
-0.00640072705
-0.0091853013
-0.01118361565
-0.01318193
-0.016296452
-0.016575832
-0.016855212
-0.016177329
-0.015499446
-0.014389165
-0.013278884
-0.01086678955
-0.0084546951
-0.0064459281
-0.0044371611
-0.0010457141
0.0023457329
0.0070666451
0.01049964005
0.013932635
0.01605984
0.018187045
0.0207746375
0.02336223
0.0246788105
0.025995391
0.0268451755
0.02769496
0.0279249765
0.028154993
0.02698772
0.025714346
0.024440972
0.0218364985
0.019232025
0.016420497
0.013608969
0.0101582556
0.0067075422
0.00269484455
-0.0013178531
-0.00683589005
-0.012353927
-0.022176243
-0.0272705945
-0.032364946
-0.0374364875
-0.042508029
-0.049194708
-0.055881387
-0.060572633
-0.065263879
-0.071525436
-0.077786993
-0.081296043
-0.084805093
-0.094100091
-0.0972937255
-0.10048736
-0.101863235
-0.10323911
-0.10274616
-0.10225321
-0.100890321
-0.099527432
-0.096295848
-0.093064264
-0.089544908
-0.086025552
-0.076858699
-0.071253199
-0.065647699
-0.059108588
-0.052569477
-0.045167159
-0.037764841
-0.02963575
-0.021506659
-0.012732958
-0.003959257
0.0053197065
0.01459867
0.034125673
0.044426345
0.054727017
0.064660649
0.074594281
0.0845728665
0.094551452
0.103852026
0.1131526
0.121297675
0.12944275
0.14979961
0.158435685
0.16707176
0.172356745
0.17764173
0.17945012
0.18125851
0.18103564
0.18081277
0.17925663
0.17770049
0.17369571
0.16969093
0.16138473
0.153153765
0.1449228
0.1349902
0.1250576
0.11811051
0.11116342
0.100196952
0.089230484
0.0810932575
0.072956031
0.064494909
0.056033787
0.039290658
0.0305197045
0.021748751
0.01438971965
0.0070306883
0.0002461008
-0.0065384867
-0.01261046635
-0.018682446
-0.0239635335
-0.029244621
-0.033660786
-0.038076951
-0.045113342
-0.0477409065
-0.050368471
-0.052534677
-0.054700883
-0.0555221275
-0.056343372
-0.056453179
-0.056562986
-0.055663292
-0.054763598
-0.052687649
-0.0506117
-0.047120191
-0.0436976565
-0.040275122
-0.0364055935
-0.032536065
-0.0286206565
-0.024705248
-0.0211167175
-0.017528187
-0.01463837
-0.011748553
-0.0098545536
-0.0079605542
-0.0065849
-0.0072490883
-0.0079132766
-0.0087318385
-0.0095504004
-0.0122542607
-0.014958121
-0.016918814
-0.018879507
-0.023487624
-0.028095741
-0.0336340935
-0.039172446
-0.051365851
-0.055278108
-0.059190365
-0.0655197185
-0.071849072
-0.0760116055
-0.080174139
-0.085501519
-0.090828899
-0.094437868
-0.098046837
-0.1012727285
-0.10449862
-0.10976134
-0.11165515
-0.11354896
-0.114591795
-0.11563463
-0.115700215
-0.1157658
-0.114800525
-0.11383525
-0.110695135
-0.10755502
-0.1020427545
-0.096530489
-0.080964545
-0.0713246685
-0.061684792
-0.0506771975
-0.039669603
-0.0275067235
-0.015343844
-0.00672859185
0.0018866603
0.01577666965
0.029666679
0.0390354075
0.048404136
0.078039035
0.0931914675
0.1083439
0.122666335
0.13698877
0.148810715
0.16063266
0.167641495
0.17465033
0.18091966
0.18718899
0.1966439
0.199434655
0.20222541
0.20361856
0.20501171
0.20317704
0.20134237
0.198361245
0.19538012
0.19049038
0.18560064
0.179190535
0.17278043
0.15878186
0.151926335
0.14507081
0.13400252
0.12293423
0.1111029375
0.099271645
0.0878326885
0.076393732
0.066028359
0.055662986
0.049310075
0.042957164
0.030809022
0.023232518
0.015656014
0.01109793085
0.0065398477
0.00144552175
-0.0036488042
-0.00641705275
-0.0091853013
-0.01119206615
-0.013198831
-0.0147508505
-0.01630287
-0.01685476
-0.0161724695
-0.015490179
-0.014377346
-0.013264513
-0.01083932995
-0.0084141469
-0.00640263275
-0.0043911186
-0.0010100827
0.0023709532
0.00473148245
0.0070920117
0.013979908
0.0160940775
0.018208247
0.020793223
0.023378199
0.0246924495
0.0260067
0.02685083
0.02769496
0.027923703
0.028152446
0.027570083
0.02698772
0.024440972
0.022442505
0.020444038
0.0170265035
0.013608969
0.0101582556
0.0067075422
0.00269484455
-0.0013178531
-0.00578574505
-0.010253637
-0.01621494
-0.022176243
-0.032313256
-0.0374106425
-0.042508029
-0.049194708
-0.055881387
-0.060596791
-0.065312195
-0.071592243
-0.077872291
-0.081376499
-0.084880707
-0.089532599
-0.094184491
-0.10056842
-0.101911065
-0.10325371
-0.10272136
-0.10218901
-0.100797954
-0.099406898
-0.0961201185
-0.092833339
-0.0892803405
-0.085727342
-0.0811104575
-0.076493573
-0.065157283
-0.0585498455
-0.051942408
-0.0445069405
-0.037071473
-0.0289147195
-0.020757966
-0.0120067886
-0.0032556112
0.0060819539
0.015419519
0.025839782
0.036260045
0.055559259
0.0654827835
0.075406308
0.0853653365
0.095324365
0.1045571175
0.11378987
0.121868535
0.1299472
0.140048995
0.15015079
0.15990729
0.166181975
0.17245666
0.17505978
0.1776629
0.179313855
0.18096481
0.18091346
0.18086211
0.178855335
0.17684856
0.17339524
0.16994192
0.15511428
0.150284875
0.14545547
0.13556884
0.12568221
0.118756415
0.11183062
0.100884198
0.089937776
0.081806294
0.073674812
0.065212118
0.056749424
0.03998828
0.031938242
0.023888204
0.0163201113
0.0087520186
0.00189180405
-0.0049684105
-0.01157560325
-0.018182796
-0.023498782
-0.028814768
-0.033267881
-0.037720994
-0.044864242
-0.0475250425
-0.050185843
-0.052393333
-0.054600823
-0.0554503385
-0.056299854
-0.056439684
-0.056579514
-0.0557203245
-0.054861135
-0.05368198
-0.052502825
-0.047294579
-0.0438877415
-0.040480904
-0.036617203
-0.032753502
-0.02882058
-0.024887658
