-3.173148082443e-002
-1.534384418588e-002
-1.559121838607e-003
1.118788746692e-002
2.936748110452e-002
4.248044845403e-002
5.773662948665e-002
7.487968981528e-002
8.694935690905e-002
1.023677851813e-001
1.158498339926e-001
1.282171797865e-001
1.422713883752e-001
1.504535073399e-001
1.633776403250e-001
1.759900620205e-001
1.871889855752e-001
1.958304183804e-001
2.013342787853e-001
2.040981960697e-001
2.049187813335e-001
2.047646954014e-001
2.031363102562e-001
2.008092960977e-001
1.967680454875e-001
1.897438563648e-001
1.802833945153e-001
1.691997792139e-001
1.574378293739e-001
1.519344715654e-001
1.388987980121e-001
1.269366541008e-001
1.170208916248e-001
1.060453833712e-001
9.417337727886e-002
8.493169636794e-002
7.239781234453e-002
5.924379364194e-002
5.247919882266e-002
4.017355207870e-002
2.844261341514e-002
2.391906097752e-002
1.380929478646e-002
4.963813429988e-003
-2.311040374780e-003
-4.797116744031e-003
-1.007241182582e-002
-1.379591981251e-002
-1.527123365630e-002
-1.652880021797e-002
-1.680641843243e-002
-1.597825663903e-002
-1.506411733922e-002
-1.260782509033e-002
-9.348021317069e-003
-7.483730620221e-003
-3.319282071178e-003
1.190048665908e-003
3.534501466797e-003
8.256148693988e-003
1.288265500024e-002
1.500906861480e-002
1.910491011581e-002
2.268859838126e-002
2.399849411528e-002
2.641683418835e-002
2.789016575564e-002
2.825143796010e-002
2.805370817764e-002
2.669704261017e-002
2.397858010309e-002
1.986059739900e-002
1.863219835498e-002
1.288794058910e-002
5.889416668291e-003
-2.248375115595e-003
-1.127593114026e-002
-1.593078723521e-002
-2.342950350816e-002
-3.376251934922e-002
-4.407141788353e-002
-5.404802627435e-002
-5.780295657886e-002
-6.727890013351e-002
-7.571033463414e-002
-8.001270963236e-002
-8.691145798523e-002
-9.197281253028e-002
-9.595281461978e-002
-9.923627124947e-002
-1.016482727535e-001
-1.030363129526e-001
-1.033154373271e-001
-1.022213451318e-001
-1.008420928337e-001
-9.734616903303e-002
-9.135887984242e-002
-8.293260727629e-002
-7.215582421893e-002
-5.918703831970e-002
-4.439742182093e-002
-2.814323717870e-002
-1.075066687784e-002
7.527808160525e-003
2.634925179347e-002
4.554822107536e-002
6.476633312260e-002
8.345525731943e-002
1.011838866332e-001
1.172577162679e-001
1.264501468958e-001
1.367347069949e-001
1.484374917754e-001
1.553694561392e-001
1.634561084713e-001
1.701170572148e-001
1.741552761854e-001
1.785728594444e-001
1.808568918871e-001
1.813249354776e-001
1.808127672047e-001
1.780843406516e-001
1.755799878318e-001
1.713270656998e-001
1.639752470443e-001
1.571032542880e-001
1.495465152497e-001
1.412937372157e-001
1.312648535481e-001
1.187635834357e-001
1.115342967071e-001
9.734729523192e-002
8.156196438940e-002
7.303590501981e-002
6.153024947560e-002
4.552659635709e-002
2.972375790359e-002
1.458183043949e-002
3.832504704316e-004
-1.255591700480e-002
-2.393038152479e-002
-3.371689435609e-002
-3.999325032021e-002
-4.287583566282e-002
-4.898307099159e-002
-5.321202358589e-002
-5.568298786358e-002
-5.649932107311e-002
-5.659852815259e-002
-5.568417372069e-002
-5.372570219565e-002
-5.224889936890e-002
-4.901264602538e-002
-4.632150970567e-002
-4.247753798017e-002
-3.826617277378e-002
-3.484175152791e-002
-3.049831157429e-002
-2.683818602459e-002
-2.282891752843e-002
-1.934648859345e-002
-1.598024984080e-002
-1.311054743456e-002
-1.066036141188e-002
-8.726592883989e-003
-7.406222585230e-003
-6.688833846142e-003
-6.646306282526e-003
-7.307720029303e-003
-8.610071733833e-003
-1.075101734689e-002
-1.334995511571e-002
-1.695857388554e-002
-2.071189823333e-002
-2.571237866573e-002
-3.029644224028e-002
-3.652946187653e-002
-4.354601787977e-002
-4.873452690859e-002
-5.662356591591e-002
-6.139954455633e-002
-6.964988431728e-002
-7.831159144350e-002
-8.366267941030e-002
-8.965776114529e-002
-9.729166257050e-002
-1.041672027270e-001
-1.097843478373e-001
-1.137267944515e-001
-1.157723934058e-001
-1.159325429176e-001
-1.154998214160e-001
-1.130467746635e-001
-1.091457072101e-001
-1.055334110694e-001
-9.949067176304e-002
-9.289010032981e-002
-8.538870102879e-002
-7.562497416621e-002
-6.753473875719e-002
-5.493992538029e-002
-4.142191033499e-002
-3.173148082443e-002
-1.534384418589e-002
-1.559121838607e-003
1.118788746691e-002
2.936748110452e-002
4.248044845403e-002
5.773662948665e-002
7.487968981528e-002
8.694935690905e-002
1.023677851813e-001
1.158498339926e-001
1.282171797865e-001
1.422713883752e-001
1.504535073399e-001
1.633776403250e-001
1.759900620205e-001
1.871889855752e-001
1.958304183804e-001
2.013342787853e-001
2.040981960697e-001
2.049187813335e-001
2.047646954014e-001
2.031363102562e-001
2.008092960977e-001
1.967680454875e-001
1.897438563648e-001
1.802833945153e-001
1.691997792139e-001
1.574378293739e-001
1.519344715654e-001
1.388987980121e-001
1.269366541008e-001
1.170208916248e-001
1.060453833712e-001
9.417337727886e-002
8.493169636794e-002
7.239781234453e-002
5.924379364194e-002
5.247919882266e-002
4.017355207870e-002
2.844261341514e-002
2.391906097752e-002
1.380929478646e-002
4.963813429988e-003
-2.311040374780e-003
-4.797116744031e-003
-1.007241182582e-002
-1.379591981251e-002
-1.527123365630e-002
-1.652880021797e-002
-1.680641843243e-002
-1.597825663903e-002
-1.506411733922e-002
-1.260782509033e-002
-9.348021317069e-003
-7.483730620221e-003
-3.319282071178e-003
1.190048665907e-003
3.534501466797e-003
8.256148693987e-003
1.288265500024e-002
1.500906861480e-002
1.910491011581e-002
2.268859838126e-002
2.399849411528e-002
2.641683418835e-002
2.789016575564e-002
2.825143796010e-002
2.805370817764e-002
2.669704261017e-002
2.397858010309e-002
1.986059739900e-002
1.863219835498e-002
1.288794058910e-002
5.889416668291e-003
-2.248375115595e-003
-1.127593114026e-002
-1.593078723521e-002
-2.342950350816e-002
-3.376251934922e-002
-4.407141788353e-002
-5.404802627435e-002
-5.780295657886e-002
-6.727890013351e-002
-7.571033463414e-002
-8.001270963236e-002
-8.691145798523e-002
-9.197281253028e-002
-9.595281461978e-002
-9.923627124947e-002
-1.016482727535e-001
-1.030363129526e-001
-1.033154373271e-001
-1.022213451318e-001
-1.008420928337e-001
-9.734616903303e-002
-9.135887984242e-002
-8.293260727629e-002
-7.215582421893e-002
-5.918703831970e-002
-4.439742182093e-002
-2.814323717870e-002
-1.075066687784e-002
7.527808160524e-003
2.634925179347e-002
4.554822107536e-002
6.476633312260e-002
8.345525731943e-002
1.011838866332e-001
1.172577162679e-001
1.264501468958e-001
1.367347069949e-001
1.484374917754e-001
1.553694561392e-001
1.634561084713e-001
1.701170572148e-001
1.741552761854e-001
1.785728594444e-001
1.808568918871e-001
1.813249354776e-001
1.808127672047e-001
1.780843406516e-001
1.755799878318e-001
1.713270656998e-001
1.639752470443e-001
1.571032542880e-001
1.495465152497e-001
1.412937372157e-001
1.312648535481e-001
1.187635834357e-001
1.115342967071e-001
9.734729523192e-002
8.156196438939e-002
7.303590501981e-002
6.153024947560e-002
4.552659635709e-002
2.972375790359e-002
1.458183043949e-002
3.832504704315e-004
-1.255591700480e-002
-2.393038152479e-002
-3.371689435609e-002
-3.999325032021e-002
-4.287583566282e-002
-4.898307099159e-002
-5.321202358589e-002
-5.568298786358e-002
-5.649932107311e-002
-5.659852815259e-002
-5.568417372069e-002
-5.372570219565e-002
-5.224889936890e-002
-4.901264602538e-002
-4.632150970567e-002
-4.247753798017e-002
-3.826617277378e-002
-3.484175152791e-002
-3.049831157429e-002
-2.683818602459e-002
-2.282891752843e-002
-1.934648859345e-002
-1.598024984080e-002
-1.311054743456e-002
-1.066036141188e-002
-8.726592883989e-003
-7.406222585229e-003
-6.688833846141e-003
-6.646306282525e-003
-7.307720029303e-003
-8.610071733833e-003
-1.075101734689e-002
-1.334995511571e-002
-1.695857388554e-002
-2.071189823333e-002
-2.571237866573e-002
-3.029644224028e-002
-3.652946187653e-002
-4.354601787977e-002
-4.873452690859e-002
-5.662356591591e-002
-6.139954455633e-002
-6.964988431728e-002
-7.831159144350e-002
-8.366267941030e-002
-8.965776114529e-002
-9.729166257050e-002
-1.041672027270e-001
-1.097843478373e-001
-1.137267944515e-001
-1.157723934058e-001
-1.159325429176e-001
-1.154998214160e-001
-1.130467746635e-001
-1.091457072101e-001
-1.055334110694e-001
-9.949067176304e-002
-9.289010032981e-002
-8.538870102879e-002
-7.562497416621e-002
-6.753473875719e-002
-5.493992538029e-002
-4.142191033499e-002
