 -2.4887658e-002
 -1.7707911e-002
 -1.1881953e-002
 -8.0243861e-003
 -6.5873167e-003
 -7.8489645e-003
 -1.1908397e-002
 -1.8686145e-002
 -2.7848723e-002
 -3.8884276e-002
 -5.1051924e-002
 -5.8914720e-002
 -7.1574787e-002
 -7.9909266e-002
 -9.0668350e-002
 -9.7903877e-002
 -1.0440862e-001
 -1.0971522e-001
 -1.1353387e-001
 -1.1563463e-001
 -1.1576014e-001
 -1.1380480e-001
 -1.0746511e-001
 -9.6348890e-002
 -8.0663700e-002
 -6.1318828e-002
 -4.7632828e-002
 -2.3432306e-002
  2.5595148e-003
  2.0625751e-002
  4.9006644e-002
  6.6834745e-002
  9.5152196e-002
  1.2255012e-001
  1.4676875e-001
  1.6070220e-001
  1.7465033e-001
  1.8709708e-001
  1.9648417e-001
  2.0211369e-001
  2.0501939e-001
  2.0154579e-001
  1.9573659e-001
  1.8609257e-001
  1.7327976e-001
  1.5929037e-001
  1.3711654e-001
  1.2330631e-001
  9.9500059e-002
  7.6616749e-002
  5.5802424e-002
  4.3087821e-002
  3.0868819e-002
  1.5706614e-002
  6.5398477e-003
 -3.6161528e-003
 -9.1853013e-003
 -1.3181930e-002
 -1.6296452e-002
 -1.6855212e-002
 -1.5499446e-002
 -1.3278884e-002
 -8.4546951e-003
 -4.4371611e-003
  2.3457329e-003
  7.0666451e-003
  1.3932635e-002
  1.8187045e-002
  2.3362230e-002
  2.5995391e-002
  2.7694960e-002
  2.8154993e-002
  2.6987720e-002
  2.4440972e-002
  1.9232025e-002
  1.3608969e-002
  6.7075422e-003
 -1.3178531e-003
 -1.2353927e-002
 -2.2176243e-002
 -3.2364946e-002
 -4.2508029e-002
 -5.5881387e-002
 -6.5263879e-002
 -7.7786993e-002
 -8.4805093e-002
 -9.4100091e-002
 -1.0048736e-001
 -1.0323911e-001
 -1.0225321e-001
 -9.9527432e-002
 -9.3064264e-002
 -8.6025552e-002
 -7.6858699e-002
 -6.5647699e-002
 -5.2569477e-002
 -3.7764841e-002
 -2.1506659e-002
 -3.9592570e-003
  1.4598670e-002
  3.4125673e-002
  5.4727017e-002
  7.4594281e-002
  9.4551452e-002
  1.1315260e-001
  1.2944275e-001
  1.4979961e-001
  1.6707176e-001
  1.7764173e-001
  1.8125851e-001
  1.8081277e-001
  1.7770049e-001
  1.6969093e-001
  1.6138473e-001
  1.4492280e-001
  1.2505760e-001
  1.1116342e-001
  8.9230484e-002
  7.2956031e-002
  5.6033787e-002
  3.9290658e-002
  2.1748751e-002
  7.0306883e-003
 -6.5384867e-003
 -1.8682446e-002
 -2.9244621e-002
 -3.8076951e-002
 -4.5113342e-002
 -5.0368471e-002
 -5.4700883e-002
 -5.6343372e-002
 -5.6562986e-002
 -5.4763598e-002
 -5.0611700e-002
 -4.7120191e-002
 -4.0275122e-002
 -3.2536065e-002
 -2.4705248e-002
 -1.7528187e-002
 -1.1748553e-002
 -7.9605542e-003
 -6.5849000e-003
 -7.9132766e-003
 -9.5504004e-003
 -1.4958121e-002
 -1.8879507e-002
 -2.8095741e-002
 -3.9172446e-002
 -5.1365851e-002
 -5.9190365e-002
 -7.1849072e-002
 -8.0174139e-002
 -9.0828899e-002
 -9.8046837e-002
 -1.0449862e-001
 -1.0976134e-001
 -1.1354896e-001
 -1.1563463e-001
 -1.1576580e-001
 -1.1383525e-001
 -1.0755502e-001
 -9.6530489e-002
 -8.0964545e-002
 -6.1684792e-002
 -3.9669603e-002
 -1.5343844e-002
  1.8866603e-003
  2.9666679e-002
  4.8404136e-002
  7.8039035e-002
  1.0834390e-001
  1.3698877e-001
  1.6063266e-001
  1.7465033e-001
  1.8718899e-001
  1.9664390e-001
  2.0222541e-001
  2.0501171e-001
  2.0134237e-001
  1.9538012e-001
  1.8560064e-001
  1.7278043e-001
  1.5878186e-001
  1.4507081e-001
  1.2293423e-001
  9.9271645e-002
  7.6393732e-002
  5.5662986e-002
  4.2957164e-002
  3.0809022e-002
  1.5656014e-002
  6.5398477e-003
 -3.6488042e-003
 -9.1853013e-003
 -1.3198831e-002
 -1.6302870e-002
 -1.6854760e-002
 -1.5490179e-002
 -1.3264513e-002
 -8.4141469e-003
 -4.3911186e-003
  2.3709532e-003
  7.0920117e-003
  1.3979908e-002
  1.8208247e-002
  2.3378199e-002
  2.6006700e-002
  2.7694960e-002
  2.8152446e-002
  2.6987720e-002
  2.4440972e-002
  2.0444038e-002
  1.3608969e-002
  6.7075422e-003
 -1.3178531e-003
 -1.0253637e-002
 -2.2176243e-002
 -3.2313256e-002
 -4.2508029e-002
 -5.5881387e-002
 -6.5312195e-002
 -7.7872291e-002
 -8.4880707e-002
 -9.4184491e-002
 -1.0056842e-001
 -1.0325371e-001
 -1.0218901e-001
 -9.9406898e-002
 -9.2833339e-002
 -8.5727342e-002
 -7.6493573e-002
 -6.5157283e-002
 -5.1942408e-002
 -3.7071473e-002
 -2.0757966e-002
 -3.2556112e-003
  1.5419519e-002
  3.6260045e-002
  5.5559259e-002
  7.5406308e-002
  9.5324365e-002
  1.1378987e-001
  1.2994720e-001
  1.5015079e-001
  1.5990729e-001
  1.7245666e-001
  1.7766290e-001
  1.8096481e-001
  1.8086211e-001
  1.7684856e-001
  1.6994192e-001
  1.5511428e-001
  1.4545547e-001
  1.2568221e-001
  1.1183062e-001
  8.9937776e-002
  7.3674812e-002
  5.6749424e-002
  3.9988280e-002
  2.3888204e-002
  8.7520186e-003
 -4.9684105e-003
 -1.8182796e-002
 -2.8814768e-002
 -3.7720994e-002
 -4.4864242e-002
 -5.0185843e-002
 -5.4600823e-002
 -5.6299854e-002
 -5.6579514e-002
 -5.4861135e-002
 -5.2502825e-002
 -4.7294579e-002
 -4.0480904e-002
 -3.2753502e-002
 -2.4887658e-002
