 -1.0951051e-002
 -1.7268193e-002
 -2.6118524e-002
 -3.1973313e-002
 -4.4061009e-002
 -5.7126616e-002
 -7.0154785e-002
 -7.8756794e-002
 -8.9982478e-002
 -9.7580694e-002
 -1.0434846e-001
 -1.0989881e-001
 -1.1378470e-001
 -1.1578321e-001
 -1.1592863e-001
 -1.1306443e-001
 -1.0563302e-001
 -9.3135711e-002
 -7.6072570e-002
 -5.5552764e-002
 -3.2511960e-002
 -7.3381188e-003
  1.0407093e-002
  3.8568481e-002
  5.6934739e-002
  8.6268300e-002
  1.1539735e-001
  1.4211125e-001
  1.6344530e-001
  1.7616278e-001
  1.8746335e-001
  1.9609476e-001
  2.0152233e-001
  2.0495994e-001
  2.0292241e-001
  1.9636854e-001
  1.8921442e-001
  1.7968132e-001
  1.6855965e-001
  1.5140022e-001
  1.3832978e-001
  1.1656941e-001
  9.3945324e-002
  8.4780929e-002
  7.2250522e-002
  5.2479199e-002
  4.0173552e-002
  2.3919061e-002
  1.3858550e-002
  2.0507472e-003
 -4.7659330e-003
 -1.1698961e-002
 -1.4863412e-002
 -1.6523880e-002
 -1.6524823e-002
 -1.5064117e-002
 -1.1105559e-002
 -7.4626720e-003
 -1.0617574e-003
  3.5598587e-003
  1.0559543e-002
  1.5009069e-002
  2.0785033e-002
  2.3998494e-002
  2.6416834e-002
  2.8143933e-002
  2.8057302e-002
  2.6072861e-002
  2.3049416e-002
  1.8682900e-002
  1.2982897e-002
  4.2914841e-003
 -4.0552526e-003
 -1.3298741e-002
 -2.3278746e-002
 -3.6618998e-002
 -4.7399647e-002
 -5.7752584e-002
 -7.1627395e-002
 -8.0095257e-002
 -9.1316406e-002
 -9.6054461e-002
 -1.0172352e-001
 -1.0330339e-001
 -1.0212293e-001
 -9.7093102e-002
 -9.0966283e-002
 -8.2377805e-002
 -7.1422653e-002
 -5.8265743e-002
 -4.4101882e-002
 -2.7090815e-002
 -9.6278518e-003
  8.7005030e-003
  2.7550243e-002
  4.6662474e-002
  6.5865135e-002
  8.4517750e-002
  1.0219044e-001
  1.2279073e-001
  1.3734476e-001
  1.5574489e-001
  1.6368204e-001
  1.7421375e-001
  1.7974429e-001
  1.8131521e-001
  1.8085403e-001
  1.7820129e-001
  1.7372520e-001
  1.6444827e-001
  1.5021801e-001
  1.3219766e-001
  1.1249610e-001
  9.8352178e-002
  7.8221253e-002
  6.2567889e-002
  4.6546764e-002
  3.0707100e-002
  1.5510231e-002
  1.2402085e-003
 -1.1784422e-002
 -2.4394328e-002
 -3.4324274e-002
 -4.2431772e-002
 -4.8653002e-002
 -5.2975836e-002
 -5.6088073e-002
 -5.6616475e-002
 -5.5785126e-002
 -5.2471442e-002
 -4.6878544e-002
 -4.2823989e-002
 -3.5192909e-002
 -2.7184517e-002
 -1.9654549e-002
 -1.3350487e-002
 -8.8734872e-003
 -6.7216665e-003
 -7.2279037e-003
 -1.0539554e-002
 -1.6627969e-002
 -2.5276444e-002
 -3.6049860e-002
 -4.3033047e-002
 -5.6075519e-002
 -6.9190477e-002
 -7.7865361e-002
 -8.6682152e-002
 -9.7000994e-002
 -1.0395429e-001
 -1.0964575e-001
 -1.1366820e-001
 -1.1576139e-001
 -1.1550746e-001
 -1.1302907e-001
 -1.0543332e-001
 -9.2593687e-002
 -8.5049653e-002
 -6.7046691e-002
 -5.4324546e-002
 -3.1035586e-002
 -5.7354947e-003
  1.2067415e-002
  4.0273129e-002
  5.8538260e-002
  8.7532491e-002
  1.1630161e-001
  1.4243137e-001
  1.6330993e-001
  1.7581688e-001
  1.8695880e-001
  1.9556229e-001
  2.0111958e-001
  2.0487172e-001
  2.0333891e-001
  1.9938833e-001
  1.9026513e-001
  1.8092873e-001
  1.6983554e-001
  1.5801546e-001
  1.3939566e-001
  1.2737906e-001
  1.0634949e-001
  8.5157902e-002
  6.4959204e-002
  5.2547926e-002
  4.0173552e-002
  2.3863112e-002
  1.3809295e-002
  2.0117311e-003
 -4.8282596e-003
 -1.1719100e-002
 -1.4875732e-002
 -1.6528800e-002
 -1.6524823e-002
 -1.5064117e-002
 -1.1123070e-002
 -7.5047730e-003
 -1.0861836e-003
  3.5345015e-003
  1.0534747e-002
  1.4985918e-002
  1.9104910e-002
  2.3998494e-002
  2.6427107e-002
  2.8149114e-002
  2.8050082e-002
  2.6676581e-002
  2.2974158e-002
  1.8555903e-002
  1.2792712e-002
  5.7768391e-003
 -4.2729552e-003
 -1.3583499e-002
 -2.3530063e-002
 -3.3866183e-002
 -4.7503430e-002
 -5.7802957e-002
 -6.7278900e-002
 -7.9971396e-002
 -9.1094084e-002
 -9.5850529e-002
 -1.0157136e-001
 -1.0332333e-001
 -1.0231554e-001
 -9.7569426e-002
 -9.1745208e-002
 -8.3480249e-002
 -7.1931066e-002
 -5.9840088e-002
 -4.5939443e-002
 -3.0472699e-002
 -1.1869661e-002
  6.3576251e-003
  2.5149398e-002
  4.4340841e-002
  6.3574310e-002
  8.2390098e-002
  1.0025787e-001
  1.2111934e-001
  1.3612123e-001
  1.4795783e-001
  1.6322883e-001
  1.7409657e-001
  1.7857286e-001
  1.8133412e-001
  1.8077003e-001
  1.7794531e-001
  1.7321568e-001
  1.6354013e-001
  1.5578474e-001
  1.4055203e-001
  1.2288904e-001
  1.1056894e-001
  9.0957939e-002
  7.6148892e-002
  6.0493151e-002
  4.4508205e-002
  2.8743369e-002
  1.2454854e-002
 -1.5103988e-003
 -1.4314166e-002
 -2.5717283e-002
 -3.5431111e-002
 -4.3346090e-002
 -4.9330519e-002
 -5.4298609e-002
 -5.6253218e-002
 -5.6573582e-002
 -5.4641108e-002
 -5.2021407e-002
 -4.6253950e-002
 -3.8897443e-002
 -3.0796844e-002
 -2.6492851e-002
 -1.9040831e-002
 -1.2874226e-002
 -8.5842759e-003
 -6.6582881e-003
 -7.3994963e-003
 -1.0951051e-002
