




0
0
-0.02152591763617
-0.02154210593779
-0.02155141687026
-0.02156798998774
-0.02158458920667
-0.02159428416395
-0.02161092484284
-0.02162724429465
-0.02163767416314
-0.02165403501032
-0.02166484007708
-0.02168089376257
-0.02169172629764
-0.02170326989242
-0.02171903144952
-0.02173060483388
-0.02174605567874
-0.02175801039131
-0.0217696263782
-0.021775793317735
-0.02178196025727
-0.02179677982653
-0.02180879176281
-0.02182117117062
-0.02183356498941
-0.02184632797972
-0.02185875111378
-0.02187261110623
-0.02188506491105
-0.02189788971673
-0.0219103730616
-0.02192322830832
-0.02193609903363
-0.02194862710644
-0.02196152844554
-0.02197552246356
-0.02198845626651
-0.02200176562788
-0.02201473115336
-0.02202771236822
-0.02204034806407
-0.02205336031015
-0.02206928559789
-0.02208197030952
-0.02209466999882
-0.0221117474773
-0.02212448236716
-0.02213686783475
-0.02215437746428
-0.02216716284791
-0.02218508787149
-0.02219754315392
-0.02221588586972
-0.02222800913456
-0.02224677185628
-0.02225856117412
-0.02227774623108
-0.02229733524628
-0.02230843907334
-0.02232808364874
-0.02234776383357
-0.02236785207256
-0.02238797749325
-0.02240851394122
-0.022418614344785
-0.02242871474835
-0.02244932820778
-0.02246960485196
-0.02248991923493
-0.02250159828998
-0.02252197230378
-0.02254238434577
-0.02255525593282
-0.02257535068884
-0.02259548236368
-0.02260879715887
-0.02262860902432
-0.02264234590552
-0.02265648229063
-0.02267599742908
-0.02269056066765
-0.02270475920681
-0.02272436022718
-0.02273898761506
-0.02275402014382
-0.0227725498869
-0.02278801513996
-0.02280311464338
-0.02281862277836
-0.02283415269833
-0.02285009352635
-0.02286722633533
-0.0228832148896
-0.02289883574315
-0.02291486999113
-0.02293053552602
-0.02294661567739
-0.02296271914419
-0.0229788459807
-0.02299657313274
-0.02301274916579
-0.0230293441439
-0.02304556788618
-0.0230618152791
-0.02307768923955
-0.02309796134546
-0.0231142852594
-0.02313023404774
-0.023138219835475
-0.02314620562321
-0.02316780348903
-0.02318382882084
-0.02319947562838
-0.02322157883419
-0.02323727845884
-0.02326026364785
-0.02327561328905
-0.02329908219076
-0.02331407936569
-0.02333803520957
-0.02336244946911
-0.0233771234571
-0.02340162261967
-0.02342658474945
-0.02345201275824
-0.02347749809842
-0.02350345343383
-0.02352946840163
-0.02355554322373
-0.02358167812328
-0.02360745705564
-0.02363329460572
-0.02364874180676
-0.02367509214083
-0.02370066418464
-0.02371704364411
-0.02374313130298
-0.02375999375166
-0.02378575701212
-0.02380352946912
-0.02382132958663
-0.02384680644729
-0.0238650997908
-0.02389024757219
-0.02390903781117
-0.0239282869757
-0.02394756846047
-0.0239716084673
-0.02399139328228
-0.02401121217321
-0.02403106523584
-0.02405138528089
-0.02407217469815
-0.024082588171815
-0.02409300164548
-0.02411386623354
-0.02413476857352
-0.02415570877707
-0.02417712440637
-0.02419814146875
-0.02421963579349
-0.02424073017687
-0.02426186299442
-0.02428347584172
-0.02430424439137
-0.02432549320175
-0.02435122075369
-0.02437255561553
-0.02439392963212
-0.02441489640985
-0.02444261249729
-0.02446366702783
-0.02448431040846
-0.02451354270578
-0.02453382333499
-0.02456408419354
-0.02458445262452
-0.02461529888544
-0.02464713732347
-0.02466673810787
-0.02469917391398
-0.02473215815747
-0.02475052274834
-0.02478365131656
-0.02481733529056
-0.02485157907597
-0.0248854576269
-0.02491989959654
-0.02495444205125
-0.02498908547714
-0.02500879306544
-0.02504406676294
-0.02507850068489
-0.02510025009085
-0.02513484723655
-0.02516954514774
-0.02519241535968
-0.025204111346935
-0.02521580733419
-0.02525026255899
-0.02527472858397
-0.02530887267123
-0.02533345894727
-0.02535906296743
-0.02539247864341
-0.0254182090984
-0.02544448185996
-0.02547130033023
-0.02550307218219
-0.02553002172087
-0.02555752334192
-0.02558508785125
-0.02561320941573
-0.02564139663985
-0.02566964978076
-0.02569796909718
-0.02572685343956
-0.02575530706179
-0.02578432861014
-0.0258129176105
-0.02584157411285
-0.02587029838548
-0.02590516093329
-0.02593454316568
-0.02596348805601
-0.02599250186925
-0.0260297610118
-0.02605893305672
-0.02608766132081
-0.02612778852839
-0.02615616268123
-0.02619807014073
-0.02622608826585
-0.02626927831332
-0.02629693719443
-0.02634090182152
-0.0263860765993
-0.02641294478798
-0.0264589143705
-0.02650558724668
-0.02655350399737
-0.0266016071498
-0.026625752546045
-0.02664989794229
-0.02669891735489
-0.02674813118623
-0.02679699672587
-0.02684605501693
-0.0268755830542
-0.02692550211431
-0.02695687217125
-0.02700656488391
-0.02705590053822
-0.02708927067003
-0.02712384682899
-0.02717308704448
-0.02720845767345
-0.02725690281087
-0.02729307660544
-0.02733105784618
-0.02736915403498
-0.02741593653271
-0.02745429051718
-0.02749391159601
-0.02753365733969
-0.02757410719561
-0.02761526742497
-0.02765656186347
-0.02769857575251
-0.02774072924127
-0.02778302313763
-0.0278254582568
-0.02786862777485
-0.02791134980495
-0.0279542155596
-0.02799662752459
-0.0280493907958
-0.02809272341164
-0.02813620336192
-0.02817922455943
-0.02823701505001
-0.02828037654557
-0.02834108391822
-0.02838479883355
-0.02842680641601
-0.02849131965035
-0.028524363614615
-0.02855740757888
-0.0285993554553
-0.0286672610953
-0.02870830286414
-0.02877805610509
-0.02884946561972
-0.02892191338225
-0.02899606071499
-0.02907063327325
-0.02914628949464
-0.02922238732741
-0.02929893137893
-0.02934467546225
-0.02942194087522
-0.02947079956479
-0.0295494891238
-0.0296279746884
-0.02968033296452
-0.0297356370461
-0.02981386812383
-0.0298711194259
-0.02994807481816
-0.0300073093227
-0.03006821372133
-0.03013080968722
-0.03020575027989
-0.03026900093332
-0.03033398618555
-0.03039929094704
-0.03046636406637
-0.03053377695942
-0.03060299366041
-0.03067257155761
-0.03074251408512
-0.03081282472734
-0.03088350701996
-0.03095531453361
-0.03104108883007
-0.0311145066657
-0.03118756505945
-0.03126102279327
-0.03135882166591
-0.03143322258778
-0.03150647353058
-0.031559424160825
-0.03161237479107
-0.03168581492739
-0.03179792580261
-0.03187157978856
-0.03198848337391
-0.03211048702494
-0.03218175423896
-0.03230716986824
-0.03243626083581
-0.03256911945215
-0.03270413573129
-0.03284222109515
-0.03298171160434
-0.03306293752957
-0.03320824003415
-0.03335330345844
-0.03344666354673
-0.03359518049441
-0.03369661459279
-0.03384692800324
-0.03395490142553
-0.03406748939732
-0.03421904022835
-0.0343376383061
-0.03446016143647
-0.03458670349906
-0.03473612896342
-0.03486720087984
-0.03500051785949
-0.03513816485156
-0.03527922830316
-0.03542275812533
-0.03556881346807
-0.03571745569181
-0.03586767735528
-0.03604768557937
-0.03620804821075
-0.03636913102291
-0.03652981232288
-0.03674804728746
-0.03691653122452
-0.03708351986756
-0.03733057857827
-0.037415925957325
-0.03750127333638
-0.03777033198963
-0.03794261649776
-0.03823143226042
-0.03853769081451
-0.03885972249074
-0.03919840861413
-0.03955333265531
-0.03992119875707
-0.04030271645738
-0.04069417810052
-0.04094826462536
-0.04136634524495
-0.04165579248973
-0.04209880023905
-0.04242579790489
-0.04277685571554
-0.04324984653524
-0.04363975263212
-0.0440523424267
-0.044492851993
-0.04495928148375
-0.04545340026808
-0.04597716214898
-0.04652843343291
-0.04710916079973
-0.0477191810263
-0.04835581954285
-0.04902082393495
-0.04994075490473
-0.05070421570434
-0.05148809178105
-0.05272274143677
-0.05360745948629
-0.05513091678273
-0.05689880469111
-0.05895918553441
-0.06135479716248
-0.06412637304039
-0.06730713171197
-0.06961550295123
-0.07370841665412
-0.07706751783228
-0.08111715458874
-0.083967848324425
-0.08681854206011
-0.09231517883878
-0.09871736469224
-0.1059556777391
-0.1159635369963
-0.124833884042
-0.132702659415
-0.1417680842973
-0.1426604069263
-0.1313184754758
-0.1176998911105
-0.09929181472168
-0.07486741414993
-0.05618429838537
-0.03938936079031
-0.02529904130989
-0.01425038991651
-0.006334168520184
-0.001583439117749
9.485856372395E-12
0.001583929384299
0.00633514900486
0.01424486226453
0.0253009953828
0.03939177993789
0.05617365794404
0.07487053161731
0.09929497623012
0.1177026986081
0.1313206078091
0.1426610631045
0.1417712785612
0.1327008817546
0.124841700063
0.1159613411688
0.1059637793357
0.09871532167482
0.092322332759
0.08681678627667
0.08111556990947
0.07706606387034
0.07371346145769
0.06961430242525
0.06846015695737
0.06730601148949
0.06412536360196
0.06135388354301
0.05895835351794
0.05689804148533
0.05513021129203
0.05416139090188
0.05272211210262
0.05149031681445
0.05070364757394
0.04994280733627
0.04902030470612
0.04835531904181
0.0477186981222
0.04711091482414
0.04653012932479
0.04597672564397
0.04545499150999
0.04495887083923
0.04449245287674
0.04405195400811
0.04363937406355
0.04324947712258
0.04277649720869
0.04242544734858
0.0420984569773
0.04165704699687
0.04136601793092
0.04094794616991
0.04069535590776
0.04030241132981
0.03992090130585
0.03955304246476
0.03919812529776
0.03885944561428
0.03853741995316
0.03823242983
0.03794235647571
0.03777007503929
0.0375022219141
0.03733032933416
0.0370832748688
0.03691628906118
0.03674780795725
0.0366392533789
0.03653069880055
0.03636889796348
0.03620781777512
0.0360485425196
0.03586745238215
0.03571723309458
0.03556859320083
0.03542254012738
0.03527901251591
0.03513795121846
0.03500131349525
0.03486699133332
0.03473592136966
0.03458649811259
0.03445995790359
0.03433743655433
0.03421884018795
0.03406729152578
0.03395470515223
0.03384673325233
0.03369642194447
0.03359589974821
0.03344737510678
0.03335401021803
0.03320805408436
0.03306275353409
0.03298152869372
0.03284204003493
0.03270395648718
0.03256894196886
0.03243608507093
0.03230699575957
0.03218158172674
0.03211031541441
0.03198831329782
0.03187141117196
0.03179775810016
0.03168644044943
0.03161220937326
0.03150630940504
0.03143305935118
0.03135865932811
0.0312608616307
0.03118816788548
0.031151257568055
0.03111434725063
0.03104093028476
0.0309551569995
0.03088409633311
0.03081266886136
0.03074235903692
0.03067241731944
0.03060284022461
0.0305343510377
0.03046621219632
0.03039913984089
0.03033383582015
0.03026885130215
0.03020560136055
0.03013066160776
0.03006806634048
0.0300078610705
0.02994862409783
0.02987097422753
0.02981372355455
0.02973549333296
0.02968087119772
0.02962783214689
0.02955002202316
0.02947132927652
0.0294224686153
0.02934453596774
0.02929879237159
0.02922224913226
0.02914615210328
0.02907049667739
0.02899592489975
0.02892177833973
0.02884933132894
0.02877792255211
0.02870817002884
0.02866775910066
0.02859922373503
0.02855727628602
0.02849118902872
0.02842729522381
0.02838466928831
0.02834156947847
0.028310908763735
0.028280248049
0.028236886987
0.02817909707256
0.02813607630267
0.02809259678348
0.02804926459618
0.02799710019892
0.02795409029744
0.0279112249633
0.02786850335126
0.0278259246237
0.0277828995486
0.02774060606303
0.0276984529827
0.02765643949973
0.0276151454594
0.02757398562596
0.0275335361582
0.02749379079506
0.02745417009469
0.02741581647576
0.02736903442279
0.02733093859529
0.02729352375071
0.027256784261
0.02720833957993
0.02717296928335
0.02712372952946
0.02708915369385
0.0270557838735
0.02700644867859
0.02695675642734
0.026925386661
0.02687601553333
0.026846486472
0.02679742648336
0.02674801736627
0.0266988039852
0.02664978501985
0.02660149466672
0.02655339195077
0.02650600701762
0.02645880317869
0.02641283400994
0.026399663166075
0.02638649232221
0.0263413160214
0.02629682745579
0.0262691688215
0.02622597915866
0.02619796128256
0.02615657069313
0.02612768029313
0.0260875534401
0.02605882542936
0.02603016482677
0.02599239482614
0.02596338126739
0.02593443663053
0.02590505465502
0.02587069694819
0.02584197173444
0.02581281213594
0.02578422338382
0.02575520208708
0.02572674871113
0.02569786461836
0.02566954554628
0.02564129264874
0.02561310566705
0.02558498434405
0.02555742007105
0.02553040923153
0.02550345882649
0.02547168595481
0.0254448666252
0.02541810701644
0.02539237678002
0.02535896138744
0.02533384016868
0.0253087715159
0.02527462771687
0.02525064113908
0.02522670260212
0.02519231518516
0.02516944516509
0.02513522217259
0.02510015068808
0.02508951226921
0.02507887385034
0.02504396782868
0.0250086944246
0.02498898699997
0.02495434386138
0.02491980169257
0.02488582476801
0.02485148173589
0.02481723823231
0.02478401530637
0.02475088571651
0.02473206179794
0.02469907782414
0.02466664228276
0.02464704165811
0.02461520347919
0.02458435746888
0.02456398920315
0.02453372858976
0.02451344812463
0.0244842160635
0.02446357284943
0.02444251848856
0.0244148026242
0.02439383601498
0.02437290705866
0.02435157155339
0.02432540013333
0.02430459377698
0.02428338310917
0.02426221110737
0.02424063778522
0.02421954356977
0.02419804941596
0.02417703252051
0.0241556170611
0.02413511288769
0.02411377484895
0.02409291042584
0.02407208364299
0.02405172711711
0.02403140646991
0.02401112159839
0.02399130286327
0.02398141053347
0.02397151820367
0.02394747838542
0.02392819705171
0.02390894803783
0.02389015794576
0.02386543613173
0.02384671715993
0.02382887754491
0.02380344051874
0.02378566819989
0.02375990513947
0.02374304282157
0.02371737565721
0.0237009957211
0.02367500418587
0.02364865405516
0.0236336241862
0.02360736962207
0.02358159088793
0.02355545618906
0.02352938156688
0.02350336679827
0.023477823183
0.02345192651571
0.02342690837304
0.02340153676107
0.02337703778479
0.02336277125808
0.02333794983396
0.02331399417161
0.0232989971102
0.02327552838596
0.0232601788607
0.02323719384513
0.02322149433883
0.02319939129945
0.02318374460962
0.02316771939824
0.02314652127339
0.02313015023892
0.0231142015701
0.02309787777837
0.02307800295969
0.023069867470985
0.02306173198228
0.02304548471066
0.0230292610894
0.02301266623497
0.02299649032237
0.02297876330221
0.02296263658556
0.02294653323834
0.02293084512521
0.02291478778752
0.02289875365831
0.02288313292036
0.02286753417171
0.02285001180189
0.0228344596162
0.02281854128608
0.02280303326537
0.02278793387312
0.02277285509836
0.02275393912691
0.02273890670853
0.02272427942796
0.02270967154128
0.02269048011607
0.02267629997748
0.02265640198828
0.02264226570643
0.02262891027079
0.02260871720449
0.0225954025063
0.02257527097799
0.02255517636807
0.0225426832319
0.02252227063276
0.02250151911457
0.02248984014411
0.02246952590815
0.02244924941055
0.02242863609996
0.02240843543853
0.02238827218016
0.02236777386267
0.0223480574326
0.0223280057246
0.022318183507355
0.02230836129011
0.02229725754264
0.02227766866773
0.02225848374802
0.02224669451444
0.02222793192673
0.0222158087484
0.02219746616339
0.02218501096969
0.02216708607371
0.02215466586488
0.02213715576736
0.02212440589627
0.02211167109678
0.02209495680542
0.02208189414004
0.02206920951822
0.02205328434313
0.02204027218903
0.02202763658243
0.0220146554592
0.02200169002517
0.02198874025033
0.02197544704576
0.02196145312623
0.02194891003596
0.02193602389312
0.0219231532582
0.0219102981017
0.02189781484439
0.02188534616274
0.02187253641101
0.02185867651556
0.02184625346839
0.02183349056728
0.02182109683505
0.0218090710088
0.02179670566115
0.02178188619519
0.02176990459753
0.02175793649598
0.02174598186657
0.0217305311291
0.02172474447711
0.02171895782512
0.02170319637741
0.02169200248142
0.0216808204027
0.02166476682839
0.02165396183642
0.02163760110238
0.02162717130597
0.02161085196685
0.02159421140277
0.02158451651233
0.02156791740776
0.02155134440436
0.02154203353593
0.02152584534559
0.0215093383925
0.02149285731287
0.02147640204292
0.02146031453869
0.02144391016328
0.02142787237204
0.02141901093393
0.02140301117924
0.02138703583883
0.02137142398365
0.02136193251462
0.02134635807628
0.02133688933982
0.02132135217759
0.02130651216118
0.02129674277438
0.02128630975198
0.02127185541478
0.02126178286174
0.02124736251362
0.02123731363012
0.02122660551436
0.02121323586557
0.02120288620978
0.02119221350375
0.0211815517614
0.02116890515797
0.02115826733721
0.02114764042402
0.02114249820547
0.02113735598692
0.02112641925027
0.02111582495478
0.021105241497
0.02109466885957
0.02108377714171
0.02107322642981
0.02106268648587
0.02105215729268
0.02104163883308
0.02103113108994
0.02102063404617
0.02101014768474
0.02099999919287
0.02098986069472
0.02097973217491
0.02096765633719
0.02095754965158
0.02094745289537
0.02093769128072
0.02092501503983
0.02091527472801
0.020905867876
0.02089290705196
0.02088319717834
0.02087414292525
0.02086089933918
0.02085186477611
0.02083864997289
0.020829635033
0.02081644891498
0.02080777465907
0.02079429600181
0.02078051484155
0.02077251108992
0.02075907891593
0.02074534524664
0.02073163007257
0.02071793335487
0.02070425505482
0.02069059513378
0.02067695355328
0.02066333027491
0.02065668586193
0.02065004144895
0.02063677001169
0.02062351592768
0.02061563481629
0.02060272305703
0.02058982774807
0.02058165874385
0.0205687902469
0.02056063821786
0.02054810946588
0.02053997410499
0.02052747095547
0.02051904008072
0.02050718633381
0.02049846090542
0.02048974302686
0.02047823453571
0.02046953414436
0.02046084126915
0.02044967574315
0.02044100000976
0.02043202231728
0.0204230526407
0.0204128555038
0.02040390292736
0.02039526663355
0.0203863297335
0.02037740079277
0.02036847980035
0.02035956674523
0.02035096855802
0.02034207107185
0.02033318149049
0.02032429980304
0.02031542599861
0.02030686565719
0.02029800731529
0.020289461883
0.02028092375973
0.02027239293575
0.02026234810802
0.02025383315255
0.02024532546565
0.0202371284995
0.020231820666935
0.02022651283437
0.0202183313349
0.02021015655676
0.02020198849137
0.0201911081648
0.02018325755208
0.02017209621156
0.02016456186063
0.02015673219725
0.02014560062505
0.02013808635851
0.02012697568552
0.02011557767598
0.0201083856849
0.0200967098304
0.02008983052161
0.02007847517788
0.02006683455321
0.02005550557904
0.02004389196913
0.02003764414053
0
