




0.020709979
0.020696311
0.020682662
0.020669031
0.020655418
0.020641824
0.020628563
0.020620993
0.02060776
0.020594544
0.020586685
0.02057381
0.020560952
0.020552806
0.020544354
0.020531845
0.020523411
0.02051124
0.020502511
0.020496594
0.020490677
0.020481966
0.020473262
0.020462083
0.020453086
0.020444407
0.020435427
0.020426454
0.020415944
0.020406989
0.020398042
0.020389102
0.020380171
0.020371248
0.020362332
0.020353117
0.020344218
0.020335327
0.020326443
0.020317567
0.020308699
0.020299839
0.020290987
0.020282448
0.020273611
0.020263565
0.020255049
0.02024654
0.020238039
0.020229545
0.020218937
0.020210762
0.020202593
0.02019141
0.020183559
0.020175715
0.020164562
0.020156732
0.020151016
0.0201453
0.020137786
0.020126375
0.020119176
0.020107487
0.020095812
0.020088934
0.020077281
0.020065641
0.020054016
0.020047464
0
0
-0.02151491
-0.021531081
-0.021547623
-0.021556938
-0.021573174
-0.021589782
-0.021606069
-0.02161613
-0.02163211
-0.021642893
-0.021658913
-0.021669723
-0.021685435
-0.021696622
-0.021708171
-0.021723589
-0.021735168
-0.02174711
-0.021762233
-0.021774206
-0.021786192
-0.021801018
-0.021813035
-0.021825419
-0.021837463
-0.0218436695
-0.021849876
-0.021862659
-0.021876168
-0.021888626
-0.021901098
-0.021913942
-0.021926445
-0.021938961
-0.021951851
-0.021964398
-0.021976959
-0.021991333
-0.022004285
-0.022016894
-0.022029877
-0.022045407
-0.022058063
-0.022071097
-0.022083784
-0.022100481
-0.022113202
-0.022125575
-0.022143066
-0.022155473
-0.022173378
-0.02218582
-0.02219791
-0.022216253
-0.022228009
-0.022246772
-0.022265936
-0.022277377
-0.022296595
-0.022316219
-0.022335877
-0.022347021
-0.022366735
-0.022386485
-0.022406645
-0.022416744
-0.022426843
-0.02243733
-0.02245796
-0.022478253
-0.02249896
-0.022519329
-0.022539358
-0.022551847
-0.022571936
-0.022584842
-0.022604991
-0.022618318
-0.022638147
-0.022651896
-0.022671403
-0.022685576
-0.022700152
-0.022719361
-0.022733981
-0.022748621
-0.022763667
-0.022782213
-0.022797305
-0.022812805
-0.022828326
-0.02284387
-0.022859825
-0.022875413
-0.022892194
-0.022908219
-0.022923875
-0.022939945
-0.022955646
-0.022972943
-0.022989085
-0.02300525
-0.023021834
-0.023038047
-0.023046165
-0.023054283
-0.023070146
-0.023090007
-0.023106319
-0.023122257
-0.023138217
-0.023159399
-0.023175413
-0.023197468
-0.023213536
-0.02323607
-0.02325179
-0.023275209
-0.023290579
-0.023305565
-0.023329503
-0.023353898
-0.023368561
-0.023393042
-0.023417985
-0.023443394
-0.02346886
-0.023494795
-0.02352079
-0.023546845
-0.02357296
-0.023599135
-0.023624953
-0.023650831
-0.023676767
-0.023692693
-0.023718305
-0.02373513
-0.023760838
-0.023777726
-0.023803106
-0.023820905
-0.023845956
-0.023864248
-0.023873622
-0.023882996
-0.023907328
-0.023926147
-0.023945424
-0.023964735
-0.023984508
-0.024007763
-0.02402761
-0.024047924
-0.02406784
-0.024088225
-0.024109081
-0.024129539
-0.02415047
-0.024171439
-0.024192008
-0.024213052
-0.024234134
-0.024255255
-0.024275973
-0.024296728
-0.024321949
-0.02434323
-0.024364106
-0.024385019
-0.024412218
-0.024433217
-0.024453807
-0.024482514
-0.024503191
-0.024532921
-0.024553235
-0.024583547
-0.024603495
-0.024634847
-0.024654427
-0.024686372
-0.024718862
-0.0247353815
-0.024751901
-0.024785495
-0.024819646
-0.024837222
-0.024871059
-0.024905459
-0.024939492
-0.024974092
-0.024993306
-0.025028533
-0.025062922
-0.025084171
-0.025119195
-0.025153372
-0.025176211
-0.025210552
-0.02523398
-0.025268007
-0.025292029
-0.025317062
-0.025350361
-0.025375517
-0.025401696
-0.025433771
-0.025460078
-0.025486443
-0.025513355
-0.025540818
-0.025568345
-0.025596427
-0.025626059
-0.02565378
-0.025681566
-0.025709415
-0.025737828
-0.025767808
-0.025796859
-0.025825981
-0.0258405765
-0.025855172
-0.025883928
-0.025912753
-0.025941646
-0.025977732
-0.026006269
-0.026035385
-0.026073802
-0.026102565
-0.026130881
-0.026171667
-0.026213628
-0.026241682
-0.026284927
-0.026312621
-0.026357167
-0.026402401
-0.026428777
-0.026475336
-0.026522071
-0.026569518
-0.026617683
-0.026666037
-0.02671512
-0.026763856
-0.026813328
-0.026861904
-0.02689147
-0.026940902
-0.026989979
-0.027022065
-0.027070906
-0.027104316
-0.02715292
-0.027187111
-0.027223084
-0.027270456
-0.027307235
-0.027344691
-0.0273634745
-0.027382258
-0.027421082
-0.02746691
-0.027505995
-0.027545779
-0.027585688
-0.027626305
-0.027667635
-0.027709101
-0.027750703
-0.02779303
-0.027834908
-0.027876924
-0.027919674
-0.027961971
-0.028012793
-0.028056002
-0.028099357
-0.028142254
-0.028198662
-0.028241284
-0.028284048
-0.028344772
-0.028387266
-0.028450341
-0.028491942
-0.028557408
-0.028625092
-0.028666
-0.028735525
-0.028806063
-0.02884563
-0.028916771
-0.028952166
-0.028989596
-0.029063482
-0.02910319
-0.029179692
-0.0292178385
-0.029255985
-0.02933339
-0.029409921
-0.029458065
-0.029535331
-0.029586644
-0.029664672
-0.029718543
-0.029795985
-0.029851778
-0.029909888
-0.029986373
-0.03004648
-0.030107565
-0.030170348
-0.030234851
-0.03030824
-0.030373418
-0.030438917
-0.030506191
-0.030573806
-0.030642499
-0.030711547
-0.030781694
-0.030851468
-0.030933582
-0.031006412
-0.03107964
-0.031152508
-0.031225009
-0.031321004
-0.031395196
-0.03146824
-0.03157227
-0.031646281
-0.031756472
-0.0318299
-0.031946443
-0.032066439
-0.0321023665
-0.032138294
-0.032263308
-0.032391982
-0.032523567
-0.032658132
-0.032795751
-0.032935636
-0.03307696
-0.033218868
-0.033307751
-0.03345297
-0.033549731
-0.033697532
-0.03380157
-0.03395023
-0.034060897
-0.0341753
-0.034324198
-0.034444666
-0.034568137
-0.034714402
-0.034842282
-0.034972346
-0.03510667
-0.035243317
-0.035383374
-0.035525883
-0.035670903
-0.035817426
-0.03599247
-0.036147836
-0.036304921
-0.036508507
-0.036673042
-0.0368372
-0.037070695
-0.037240676
-0.037496471
-0.0375822035
-0.037667936
-0.037945093
-0.038240274
-0.038414415
-0.038727186
-0.039057455
-0.039402133
-0.039760626
-0.040133707
-0.040517792
-0.040759921
-0.041171249
-0.04144916
-0.041884569
-0.042202101
-0.042656137
-0.043008981
-0.043387625
-0.04379005
-0.044279538
-0.044718626
-0.045183676
-0.04567441
-0.046190476
-0.046733595
-0.047303408
-0.047901748
-0.048673138
-0.049357622
-0.050071108
-0.051111519
-0.051920924
-0.053217058
-0.054126772
-0.055719798
-0.057573434
-0.059727526
-0.062225661
-0.063664651
-0.065103641
-0.068397199
-0.070830905
-0.075026194
-0.078523881
-0.082710919
-0.088401426
-0.093953008
-0.10032419
-0.1074172
-0.11717466
-0.12552365
-0.13666137
-0.14351653
-0.13903881
-0.12245405
-0.10590117
-0.08194268
-0.063229938
-0.045797481
-0.030709534
-0.018461476
-0.0092627792
-0.0031931872
-0.00028029892
0.00053145944
0.0039536641
0.010553344
0.020339224
0.0332986
0.049224432
0.067580697
0.087119099
0.11210362
0.12791063
0.14190666
0.14207816
0.13250563
0.12405663
0.119339305
0.11462198
0.10538009
0.09711321
0.090083051
0.08428006
0.079519555
0.075622908
0.071055166
0.068423621
0.064924298
0.063175283
0.060510653
0.058220939
0.056249629
0.054563327
0.053619317
0.052248322
0.051408799
0.050593073
0.049572349
0.048862782
0.048179855
0.047526633
0.046903433
0.046287117
0.045753771
0.045248787
0.044725929
0.044258529
0.04381698
0.043405002
0.04301728
0.042537668
0.042191888
0.041868122
0.041425348
0.041141722
0.040722218
0.0405181275
0.040314037
0.040087512
0.039709983
0.039345883
0.038997177
0.038665643
0.038350352
0.038051704
0.037876895
0.03759861
0.037424378
0.037169849
0.036998379
0.03676605
0.036600447
0.036435627
0.036270488
0.036075689
0.035920032
0.035765002
0.035612706
0.035463075
0.035316045
0.035171555
0.035030553
0.034892953
0.034758671
0.034628607
0.03447644
0.03435089
0.03422932
0.034112583
0.033959378
0.033848588
0.033695505
0.033592258
0.033493392
0.033345066
0.033270808
0.03319655
0.033110138
0.032965863
0.03282395
0.032683491
0.032546147
0.03241184
0.032280497
0.032153686
0.032031296
0.031957579
0.031839339
0.031765063
0.031652433
0.031577603
0.031471193
0.031396583
0.031320842
0.031224083
0.031150065
0.031075697
0.031001738
0.030916214
0.030844615
0.030773398
0.030702558
0.030632092
0.030562724
0.030493716
0.030426505
0.030359632
0.030293808
0.030219079
0.030153947
0.030090538
0.030028832
0.02995071
0.029891036
0.02983232
0.029792807
0.029753294
0.029697234
0.029617657
0.029564196
0.029484748
0.029435168
0.029355831
0.029309385
0.029232122
0.029154658
0.029078303
0.029002392
0.028926923
0.028853168
0.028781102
0.028710067
0.02866902
0.028599851
0.028532298
0.028489945
0.02842482
0.028381586
0.02831946
0.028276578
0.02823262
0.028174242
0.028130633
0.02808657
0.028042057
0.027989324
0.02794634
0.027902907
0.027859621
0.027815892
0.027772901
0.027730055
0.027687353
0.027645376
0.027624457
0.027603538
0.027562415
0.027521427
0.027481145
0.027441564
0.027394686
0.027355375
0.027316753
0.02727938
0.027230286
0.02719373
0.027158401
0.027108661
0.027074126
0.027024165
0.026990968
0.026940787
0.026909457
0.026859602
0.026809401
0.026759402
0.026731772
0.026682622
0.026633667
0.026584905
0.026536866
0.026489545
0.026442932
0.026416526
0.026370189
0.026325072
0.02629735
0.026253541
0.02622494
0.026182423
0.026153472
0.026112746
0.026083445
0.026054215
0.026034782
0.026015349
0.025986281
0.025956774
0.025926831
0.025896962
0.025862123
0.025832412
0.025803275
0.025773708
0.025744711
0.025715286
0.025685933
0.025657146
0.025628427
0.025599777
0.025571687
0.025543662
0.025515702
0.025488295
0.025456075
0.025428804
0.02540208
0.0253759
0.025342047
0.025316479
0.025291447
0.025256873
0.025232443
0.025197562
0.025174206
0.025138545
0.025116252
0.025080764
0.025059521
0.025024202
0.024988987
0.024953876
0.024934726
0.0249174835
0.024900241
0.024865857
0.024831571
0.024797386
0.024763758
0.024730686
0.024711894
0.024678966
0.024647042
0.024627019
0.024595688
0.024575301
0.024544559
0.02452426
0.024494551
0.024473441
0.024452369
0.024424183
0.024402753
0.024381363
0.024354681
0.024333378
0.024312115
0.024290891
0.024269264
0.024247678
0.024226131
0.024204625
0.024182721
0.024161295
0.024139908
0.024118562
0.024097254
0.024076419
0.024055622
0.024034863
0.024014572
0.023994317
0.023984207
0.023974097
0.023954342
0.023930338
0.023910658
0.023891438
0.023866288
0.023847567
0.023829302
0.023803441
0.023785668
0.023759483
0.0237422
0.023716115
0.023699317
0.023672911
0.023657013
0.023631121
0.023604872
0.023578269
0.023551728
0.023538066
0.023512032
0.023486469
0.023460963
0.023435515
0.023421584
0.023396224
0.023371329
0.023356663
0.023331855
0.023307912
0.023292518
0.023268659
0.023253319
0.023229945
0.023214256
0.023191766
0.023175729
0.023159715
0.02315152
0.023143325
0.023122173
0.023105838
0.023089526
0.023069269
0.023053011
0.023036776
0.02302017
0.023003589
0.022987426
0.022970894
0.022954386
0.022937902
0.022921443
0.022905008
0.022888598
0.022872601
0.022856239
0.022840289
0.022824751
0.022808846
0.022790643
0.022774787
0.02275934
0.022744301
0.022729281
0.022710056
0.022695083
0.022680897
0.022660991
0.022646848
0.022626622
0.022612905
0.022592361
0.022579067
0.022558586
0.022545711
0.022525292
0.0225149135
0.022504535
0.022492476
0.022472157
0.0224515
0.022430883
0.022410304
0.022389764
0.022369263
0.022349173
0.022329119
0.022309102
0.022289492
0.022278038
0.022258852
0.022246695
0.022227564
0.022215442
0.022196733
0.022178423
0.02216599
0.022153571
0.022135698
0.02212295
0.022110217
0.022093142
0.022080444
0.022067399
0.022051115
0.022038105
0.022025111
0.022012133
0.021999171
0.021985865
0.021972575
0.02195966
0.021946403
0.021932805
0.021919938
0.021907087
0.021900669
0.021894251
0.021881786
0.021868981
0.021855126
0.021842352
0.021829594
0.021817205
0.02180483
0.021792469
0.021777303
0.021765327
0.021753364
0.021737903
0.02172597
0.021714402
0.021698298
0.021687109
0.021670697
0.021659537
0.021643168
0.021632385
0.021616058
0.021605649
0.021589017
0.02157241
0.021562736
0.021545826
0.021529288
0.021512431
0.021495946
0.021479143
0.021462709
0.021445959
0.021429577
0.021413561
0.02139723
0.021388055
0.021372102
0.0213643075
0.021356513
0.021346696
0.021331145
0.021321352
0.021306175
0.021295733
0.021280929
0.021270848
0.021256415
0.021246022
0.021235305
0.02122159
0.021210898
0.021200217
0.021189547
0.021178888
0.021167907
0.021155277
0.021144654
0.021133709
0.021122776
0.021112186
0.021101275
0.021090377
0.02107949
0.021068614
0.021058079
0.021047225
0.021036384
0.021025881
0.02101539
0.021004909
0.020994438
0.020983978
0.020971898
0.020961461
0.02095136
0.020941269
0.0209363915
0.020931514
0.02091852
0.020908786
0.020899061
0.020886109
0.020876406
0.020863159
0.0208538
0.020844772
0.020831244
0.020817735
0.020809059
0.020795258
0.020786922
0.020773151
0.020759079
0.020751411
0.020737688
0.020723983
0.020709979
