




0
0
0
0
-0.01075900238376
-0.02151800476752
-0.02152591763617
-0.02153039371291
-0.02153486978965
-0.02154210593779
-0.021546761404025
-0.02155141687026
-0.0215586644016
-0.02156332719467
-0.02156798998774
-0.02157732383254
-0.02158458920667
-0.02158943668531
-0.02159428416395
-0.02160086796236
-0.0216058964026
-0.02161092484284
-0.02162133860292
-0.021624291448785
-0.02162724429465
-0.02163767416314
-0.02164237200806
-0.02164706985298
-0.02165403501032
-0.0216594375437
-0.02166484007708
-0.02167460898551
-0.02168089376257
-0.021686310030105
-0.02169172629764
-0.02170326989242
-0.02170554535836
-0.0217078208243
-0.02171903144952
-0.0217248181417
-0.02173060483388
-0.02174219085806
-0.0217441232684
-0.02174605567874
-0.02175801039131
-0.021763818384755
-0.0217696263782
-0.02178196025727
-0.02178901461915
-0.02179289722284
-0.02179677982653
-0.02180879176281
-0.021814981466715
-0.02182117117062
-0.02183356498941
-0.021839946484565
-0.02184632797972
-0.02185875111378
-0.02186354784415
-0.02186834457452
-0.02187261110623
-0.02187883800864
-0.02188506491105
-0.02189788971673
-0.0219103730616
-0.02191680068496
-0.02192322830832
-0.02193609903363
-0.021942363070035
-0.02194862710644
-0.02196152844554
-0.021967268907665
-0.02197300936979
-0.02197552246356
-0.021981989365035
-0.02198845626651
-0.02200176562788
-0.02201473115336
-0.02202122176079
-0.02202771236822
-0.02204034806407
-0.02204685418711
-0.02205336031015
-0.02205625406216
-0.022062769830025
-0.02206928559789
-0.02208197030952
-0.02208832015417
-0.02209466999882
-0.02210556738906
-0.02210865743318
-0.0221117474773
-0.02212448236716
-0.02213686783475
-0.022145622649515
-0.02215437746428
-0.02216716284791
-0.022173197188545
-0.02217923152918
-0.02218508787149
-0.022191315512705
-0.02219754315392
-0.02220964585273
-0.022212765861225
-0.02221588586972
-0.02222800913456
-0.022233525611735
-0.02223904208891
-0.02224677185628
-0.02225856117412
-0.022262248597805
-0.02226593602149
-0.02227774623108
-0.022283472945235
-0.02228919965939
-0.02229733524628
-0.02230288715981
-0.02230843907334
-0.0223169597108
-0.02232252167977
-0.02232808364874
-0.0223373623116
-0.022342563072585
-0.02234776383357
-0.02235854734633
-0.02236785207256
-0.022373067450095
-0.02237828282763
-0.02238797749325
-0.022393202532055
-0.02239842757086
-0.02240851394122
-0.02241337476058
-0.02241823557994
-0.02242871474835
-0.02243358459196
-0.02243845443557
-0.02244932820778
-0.022454395013645
-0.02245946181951
-0.02246960485196
-0.02248088595401
-0.02248540259447
-0.02248991923493
-0.02250159828998
-0.022505934879355
-0.02251027146873
-0.02252197230378
-0.022527639964405
-0.02253330762503
-0.02254238434577
-0.022548820139295
-0.02255525593282
-0.02256283452928
-0.02256909260906
-0.02257535068884
-0.02258864104432
-0.02259548236368
-0.022602139761275
-0.02260879715887
-0.02262250925587
-0.022625559140095
-0.02262860902432
-0.02264234590552
-0.022649414098075
-0.02265648229063
-0.0226629834885
-0.02266949045879
-0.02267599742908
-0.02269056066765
-0.02269765993723
-0.02270475920681
-0.02270975223341
-0.02272436022718
-0.02273167392112
-0.02273898761506
-0.02275402014382
-0.02276328501536
-0.0227725498869
-0.02278801513996
-0.02279556489167
-0.02280311464338
-0.02281862277836
-0.022826387738345
-0.02283415269833
-0.02285009352635
-0.02285865993084
-0.02286722633533
-0.0228832148896
-0.02289883574315
-0.02290685286714
-0.02291486999113
-0.02293053552602
-0.022938575601705
-0.02294661567739
-0.02296271914419
-0.022970782562445
-0.0229788459807
-0.02299263132336
-0.02299460222805
-0.02299657313274
-0.02301274916579
-0.0230293441439
-0.02303745601504
-0.02304556788618
-0.0230618152791
-0.023069752259325
-0.02307768923955
-0.02309279044872
-0.02309537589709
-0.02309796134546
-0.0231142852594
-0.02312225965357
-0.02313023404774
-0.02314620562321
-0.02315040273158
-0.02315459983995
-0.02316780348903
-0.02318382882084
-0.02319165222461
-0.02319947562838
-0.02320590115782
-0.023213739996005
-0.02322157883419
-0.02323727845884
-0.023241509835035
-0.02324574121123
-0.02326026364785
-0.02326793846845
-0.02327561328905
-0.02328410499162
-0.02329159359119
-0.02329908219076
-0.02331407936569
-0.02332300609236
-0.023330520650965
-0.02333803520957
-0.02335145650359
-0.02335695298635
-0.02336244946911
-0.0233771234571
-0.023382224216175
-0.02338732497525
-0.02340162261967
-0.023407143621305
-0.02341266462294
-0.02342658474945
-0.023433553402
-0.02344052205455
-0.02345201275824
-0.02346557038621
-0.023471534242315
-0.02347749809842
-0.02349067432243
-0.02349706387813
-0.02350345343383
-0.0235162469838
-0.023522857692715
-0.02352946840163
-0.0235418775051
-0.023548710364415
-0.02355554322373
-0.0235675660984
-0.02357462211084
-0.02358167812328
-0.02359622355384
-0.02360745705564
-0.023614954704635
-0.02362245235363
-0.02363329460572
-0.02364101820624
-0.02364874180676
-0.02366044553661
-0.02366776883872
-0.02367509214083
-0.02369101552484
-0.02369583985474
-0.02370066418464
-0.02371704364411
-0.023725245153195
-0.02373344666228
-0.02374313130298
-0.02375999375166
-0.02376801496195
-0.02377603617224
-0.02378575701212
-0.02379464324062
-0.02380352946912
-0.02382132958663
-0.023824935931235
-0.02382854227584
-0.02384680644729
-0.023855953119045
-0.0238650997908
-0.02388214311119
-0.02388619534169
-0.02389024757219
-0.02390903781117
-0.0239282869757
-0.023937927718085
-0.02394756846047
-0.02395786516493
-0.023964736816115
-0.0239716084673
-0.02399139328228
-0.024001302727745
-0.02401121217321
-0.02403106523584
-0.024041225258365
-0.02405138528089
-0.02407217469815
-0.024082588171815
-0.02409300164548
-0.02411386623354
-0.02412126482232
-0.02412801669792
-0.02413476857352
-0.02415570877707
-0.024163136584165
-0.02417056439126
-0.02417712440637
-0.02418763293756
-0.02419814146875
-0.02421963579349
-0.02423018298518
-0.02424073017687
-0.02426186299442
-0.02428347584172
-0.024293860116545
-0.02430424439137
-0.02432549320175
-0.0243332524211
-0.02434101164045
-0.02435122075369
-0.02436188818461
-0.02437255561553
-0.02439392963212
-0.024404413020985
-0.02441489640985
-0.02442427674434
-0.024433444620815
-0.02444261249729
-0.02446366702783
-0.02448431040846
-0.0244885790424
-0.02449284767634
-0.02451354270578
-0.024523683020385
-0.02453382333499
-0.02454465405812
-0.02455436912583
-0.02456408419354
-0.02458445262452
-0.024589891451195
-0.02459533027787
-0.02461529888544
-0.024625072718255
-0.02463484655107
-0.02464713732347
-0.02466673810787
-0.024674727257145
-0.02468271640642
-0.02469917391398
-0.02470855959402
-0.02471794527406
-0.02473215815747
-0.024741340452905
-0.02475052274834
-0.02476569511766
-0.02477467321711
-0.02478365131656
-0.02479932777885
-0.024808331534705
-0.02481733529056
-0.02483444477184
-0.02485157907597
-0.02485992662451
-0.02486827417305
-0.0248854576269
-0.02490267861172
-0.02491989959654
-0.02493855868471
-0.02494650036798
-0.02495444205125
-0.02497362387667
-0.024981354676905
-0.02498908547714
-0.02500879306544
-0.025016076612685
-0.02502336015993
-0.02504406676294
-0.02506292231197
-0.02507071149843
-0.02507850068489
-0.02510025009085
-0.025106642337315
-0.02511303458378
-0.02513484723655
-0.025146249081175
-0.0251576509258
-0.02516954514774
-0.02518098025371
-0.02519241535968
-0.02521580733419
-0.02522130519989
-0.02522680306559
-0.02525026255899
-0.02527472858397
-0.02528193618131
-0.02528914377865
-0.02530887267123
-0.02532116580925
-0.02533345894727
-0.02535906296743
-0.025365595274535
-0.02537212758164
-0.02539247864341
-0.025405343870905
-0.0254182090984
-0.02544448185996
-0.025457891095095
-0.02547130033023
-0.02549133126446
-0.02550307218219
-0.02551654695153
-0.02553002172087
-0.02555752334192
-0.025571305596585
-0.02558508785125
-0.02561320941573
-0.02562730302779
-0.02564139663985
-0.02566964978076
-0.02568380943897
-0.02569796909718
-0.02572685343956
-0.025741080250675
-0.02575530706179
-0.02578432861014
-0.0258129176105
-0.025827245861675
-0.02584157411285
-0.02587029838548
-0.025873073937765
-0.02587584949005
-0.02590516093329
-0.025919852049485
-0.02593454316568
-0.02596348805601
-0.02597799496263
-0.02599250186925
-0.02600575920491
-0.0260297610118
-0.02604434703426
-0.02605893305672
-0.02608766132081
-0.02609408479699
-0.02610050827317
-0.02612778852839
-0.02614197560481
-0.02615616268123
-0.02617942690369
-0.02618874852221
-0.02619807014073
-0.02622608826585
-0.026238047203575
-0.0262500061413
-0.02626927831332
-0.02629693719443
-0.026306086940575
-0.02631523668672
-0.02634090182152
-0.02635454940164
-0.02636819698176
-0.0263860765993
-0.02639951069364
-0.02641294478798
-0.02643247412895
-0.026445694249725
-0.0264589143705
-0.02648435042463
-0.026494968835655
-0.02650558724668
-0.02653111972526
-0.02655350399737
-0.02656578534204
-0.02657806668671
-0.0266016071498
-0.02661339980539
-0.02662519246098
-0.02664989794229
-0.02666146737899
-0.02667303681569
-0.02669891735489
-0.02670999191556
-0.02672106647623
-0.02674813118623
-0.026760607045515
-0.0267730829048
-0.02679699672587
-0.02682586319264
-0.026835959104785
-0.02684605501693
-0.0268755830542
-0.02688626776002
-0.02689695246584
-0.02692550211431
-0.02694118714278
-0.02695687217125
-0.02697451804814
-0.026990541466025
-0.02700656488391
-0.02703980348735
-0.027047852012785
-0.02705590053822
-0.02708927067003
-0.02712384682899
-0.027131110892195
-0.0271383749554
-0.02717308704448
-0.027190772358965
-0.02720845767345
-0.02724392824047
-0.02725041552567
-0.02725690281087
-0.02729307660544
-0.02731206722581
-0.02733105784618
-0.02736915403498
-0.027381409350725
-0.02739366466647
-0.02741593653271
-0.02745429051718
-0.027474101056595
-0.02749391159601
-0.02753365733969
-0.02755388226765
-0.02757410719561
-0.02761526742497
-0.02763591464422
-0.02765656186347
-0.02769857575251
-0.02771965249689
-0.02774072924127
-0.02778302313763
-0.027804240697215
-0.0278254582568
-0.02786862777485
-0.02791134980495
-0.027932782682275
-0.0279542155596
-0.02799662752459
-0.02801190359874
-0.02802717967289
-0.0280493907958
-0.02807105710372
-0.02809272341164
-0.02813620336192
-0.028157713960675
-0.02817922455943
-0.02819987754204
-0.028218446296025
-0.02823701505001
-0.02828037654557
-0.02832327121378
-0.028332177566
-0.02834108391822
-0.02838479883355
-0.02840580262478
-0.02842680641601
-0.02844848153799
-0.02846990059417
-0.02849131965035
-0.02853305280547
-0.028545230192175
-0.02855740757888
-0.0285993554553
-0.02863640781708
-0.02865183445619
-0.0286672610953
-0.02870830286414
-0.02872286477707
-0.02873742669
-0.02877805610509
-0.028793971427095
-0.0288098867491
-0.02884946561972
-0.02886771256839
-0.02888595951706
-0.02892191338225
-0.028940907359785
-0.02895990133732
-0.02899606071499
-0.02903232092394
-0.029051477098595
-0.02907063327325
-0.02910775427675
-0.029127021885695
-0.02914628949464
-0.02918821960216
-0.029205303464785
-0.02922238732741
-0.02926654338284
-0.029282737380885
-0.02929893137893
-0.02934467546225
-0.029361632445785
-0.02937858942932
-0.02942194087522
-0.02947079956479
-0.029485232190075
-0.02949966481536
-0.0295494891238
-0.02957551202638
-0.02960153492896
-0.0296279746884
-0.02965415382646
-0.02968033296452
-0.0297356370461
-0.029746936090575
-0.02975823513505
-0.02981386812383
-0.029842493774865
-0.0298711194259
-0.02992931460533
-0.02994807481816
-0.02997769207043
-0.0300073093227
-0.03006821372133
-0.030099511704275
-0.03013080968722
-0.03019441129992
-0.030200080789905
-0.03020575027989
-0.03026900093332
-0.030301493559435
-0.03033398618555
-0.03039929094704
-0.030432827506705
-0.03046636406637
-0.03053377695942
-0.03060299366041
-0.03063778260901
-0.03067257155761
-0.03074251408512
-0.03077766940623
-0.03081282472734
-0.03088350701996
-0.030919410776785
-0.03095531453361
-0.03099437158803
-0.03101773020905
-0.03104108883007
-0.0311145066657
-0.031151035862575
-0.03118756505945
-0.03126102279327
-0.03130867835622
-0.031333750011065
-0.03135882166591
-0.03143322258778
-0.03146984805918
-0.03150647353058
-0.03153698200125
-0.03157467839616
-0.03161237479107
-0.03168581492739
-0.031708419746105
-0.03173102456482
-0.03179792580261
-0.031834752795585
-0.03187157978856
-0.03191499863459
-0.03198848337391
-0.03202420465056
-0.03205992592721
-0.03211048702494
-0.03214612063195
-0.03218175423896
-0.0322360691681
-0.03227161951817
-0.03230716986824
-0.03236615019926
-0.032401205517535
-0.03243626083581
-0.03250000618671
-0.03253456281943
-0.03256911945215
-0.03263688556119
-0.03270413573129
-0.032740500090235
-0.03277686444918
-0.03284222109515
-0.032880688239025
-0.0329191553829
-0.03298171160434
-0.033022324566955
-0.03306293752957
-0.03312263390882
-0.033165436971485
-0.03320824003415
-0.03329349113354
-0.03332339729599
-0.03335330345844
-0.03344666354673
-0.03351076455059
-0.0335529725225
-0.03359518049441
-0.03369661459279
-0.03373247737502
-0.03376834015725
-0.03384692800324
-0.033900914714385
-0.03395490142553
-0.03406748939732
-0.034085883650485
-0.03410427790365
-0.03421904022835
-0.0343376383061
-0.034398899871285
-0.03446016143647
-0.03458670349906
-0.03460040648579
-0.03461410947252
-0.03473612896342
-0.03480166492163
-0.03486720087984
-0.03500051785949
-0.035069341355525
-0.03513816485156
-0.03527922830316
-0.035350993214245
-0.03542275812533
-0.03556881346807
-0.03571745569181
-0.035792566523545
-0.03586767735528
-0.03601842712924
-0.036033056354305
-0.03604768557937
-0.03620804821075
-0.03628858961683
-0.03636913102291
-0.03652981232288
-0.036611068145365
-0.03669232396785
-0.03674804728746
-0.03683228925599
-0.03691653122452
-0.03708351986756
-0.03718888284121
-0.03725973070974
-0.03733057857827
-0.03750127333638
-0.037558535982655
-0.03761579862893
-0.03777033198963
-0.037856474243695
-0.03794261649776
-0.03805695615212
-0.03814419420627
-0.03823143226042
-0.03837737965206
-0.038457535233285
-0.03853769081451
-0.03871021312428
-0.03885972249074
-0.03894590762261
-0.03903209275448
-0.03919840861413
-0.039283878262775
-0.03936934791142
-0.03955333265531
-0.039636693008685
-0.03972005336206
-0.03992119875707
-0.04001955700596
-0.04011791525485
-0.04030271645738
-0.04041983889682
-0.04053696133626
-0.04069417810052
-0.04094826462536
-0.04107515745106
-0.04120205027676
-0.04136634524495
-0.04151106886734
-0.04165579248973
-0.04196050887589
-0.04202965455747
-0.04209880023905
-0.04242579790489
-0.042601326810215
-0.04277685571554
-0.04308364059399
-0.043166743564615
-0.04324984653524
-0.04363975263212
-0.0440523424267
-0.04427259720985
-0.044492851993
-0.04495928148375
-0.045206340875915
-0.04545340026808
-0.04597716214898
-0.046252797790945
-0.04652843343291
-0.04710916079973
-0.047414170913015
-0.0477191810263
-0.04835581954285
-0.0486883217389
-0.04902082393495
-0.04935510453896
-0.04994075490473
-0.050322485304535
-0.05070421570434
-0.05148809178105
-0.051672889613375
-0.0518576874457
-0.05272274143677
-0.05316510046153
-0.05360745948629
-0.05416206538179
-0.05464649108226
-0.05513091678273
-0.05598351786069
-0.0564411612759
-0.05689880469111
-0.05795802320229
-0.05895918553441
-0.05952645471594
-0.06009372389747
-0.06135479716248
-0.061952917576825
-0.06255103799117
-0.06412637304039
-0.065058610298355
-0.06599084755632
-0.06730713171197
-0.0684613173316
-0.06961550295123
-0.07151168490467
-0.07370841665412
-0.0753879672432
-0.07706751783228
-0.08111715458874
-0.082436461280365
-0.08375576797199
-0.08681854206011
-0.089566860449445
-0.09231517883878
-0.09871736469224
-0.10233652121567
-0.1059556777391
-0.1124040827636
-0.11418380987995
-0.1159635369963
-0.124833884042
-0.132702659415
-0.1347212959799
-0.1367399325448
-0.1417680842973
-0.1427102915612
-0.1436524988251
-0.1426604069263
-0.1398839106629
-0.1371074143995
-0.1313184754758
-0.12450918329315
-0.1176998911105
-0.09929181472168
-0.096255761523275
-0.09321970832487
-0.07486741414993
-0.05618429838537
-0.04778682958784
-0.03938936079031
-0.02529904130989
-0.0197747156132
-0.01425038991651
-0.006334168520184
-0.0039588038189665
-0.001583439117749
9.485856372395E-12
0.000791964696892428
0.001583929384299
0.00633514900486
0.010290005634695
0.01424486226453
0.0253009953828
0.03939177993789
0.047782718940965
0.05617365794404
0.07487053161731
0.084046717033805
0.0932229024503
0.09929497623012
0.10849883741911
0.1177026986081
0.1313206078091
0.13421481692485
0.1371090260406
0.1426610631045
0.14315670815195
0.1436523531994
0.1417712785612
0.1367455611456
0.1347232214501
0.1327008817546
0.124841700063
0.1204015206159
0.1159613411688
0.1124018842432
0.10918283178945
0.1059637793357
0.09871532167482
0.09551882721691
0.092322332759
0.08681678627667
0.085285444126155
0.08375410197564
0.08111556990947
0.07706606387034
0.075389762664015
0.07371346145769
0.07151644689693
0.07056537466109
0.06961430242525
0.06730601148949
0.06665044992129
0.06599488835309
0.06412536360196
0.063339996452005
0.06255462930205
0.06135388354301
0.06072336847921
0.06009285341541
0.05895835351794
0.05795722480682
0.057427633146075
0.05689804148533
0.05598278470659
0.05555649799931
0.05513021129203
0.05416139090188
0.05388409672039
0.0536068025389
0.05272211210262
0.052289598381785
0.05185708466095
0.05149031681445
0.051096982194195
0.05070364757394
0.04994280733627
0.04935709331894
0.04918869901253
0.04902030470612
0.04835531904181
0.048037008582005
0.0477186981222
0.04711091482414
0.046820522074465
0.04653012932479
0.04597672564397
0.04571585857698
0.04545499150999
0.04495887083923
0.04449245287674
0.044272203442425
0.04405195400811
0.04363937406355
0.043444425593065
0.04324947712258
0.0430832750388
0.042929886123745
0.04277649720869
0.04242544734858
0.04226195216294
0.0420984569773
0.04196178842501
0.04180941771094
0.04165704699687
0.04136601793092
0.04120326815127
0.04107560716059
0.04094794616991
0.04069535590776
0.040616741424445
0.04053812694113
0.04030241132981
0.04021073006489
0.04011904879997
0.03992090130585
0.03982033060195
0.03971975989805
0.03955304246476
0.039461051882555
0.03936906130035
0.03919812529776
0.0390318126151
0.03894562911469
0.03885944561428
0.03870993905353
0.038623679503345
0.03853741995316
0.03837711174594
0.03830477078797
0.03823242983
0.03805669407504
0.037999525275375
0.03794235647571
0.03777007503929
0.037692809723925
0.03761554440856
0.0375022219141
0.03733032933416
0.03725948268673
0.0371886360393
0.0370832748688
0.03699978196499
0.03691628906118
0.03674780795725
0.036719946762905
0.03669208556856
0.03653069880055
0.036449798382015
0.03636889796348
0.03620781777512
0.03612818014736
0.0360485425196
0.03601819975039
0.03586745238215
0.035792342738365
0.03571723309458
0.03556859320083
0.035495566664105
0.03542254012738
0.03527901251591
0.035208481867185
0.03513795121846
0.03500131349525
0.034934152414285
0.03486699133332
0.03473592136966
0.03467491252619
0.03461390368272
0.03458649811259
0.03445995790359
0.03439869722896
0.03433743655433
0.03421884018795
0.03416193212948
0.03410502407101
0.03406729152578
0.034010998339005
0.03395470515223
0.03384673325233
0.033807900861535
0.03376906847074
0.03369642194447
0.03364616084634
0.03359589974821
0.03351147942267
0.03344737510678
0.033400692662405
0.03335401021803
0.03329419483216
0.03325112445826
0.03320805408436
0.03312244911255
0.03309260132332
0.03306275353409
0.03298152869372
0.032950250998905
0.03291897330409
0.03284204003493
0.0328093621427
0.03277668425047
0.03270395648718
0.03263755639024
0.03260324917955
0.03256894196886
0.0324998295991
0.032467957335015
0.03243608507093
0.03236597533552
0.032336485547545
0.03230699575957
0.03223589596601
0.032208738846375
0.03218158172674
0.03211031541441
0.03206056895434
0.03202444112608
0.03198831329782
0.03191482947716
0.03189312032456
0.03187141117196
0.03179775810016
0.03176430789464
0.03173085768912
0.03168644044943
0.031649324911345
0.03161220937326
0.0315376006707
0.03152195503787
0.03150630940504
0.03143305935118
0.03135865932811
0.03133358797499
0.03130851662187
0.0312608616307
0.03122451475809
0.03118816788548
0.03111434725063
0.031077638767695
0.03104093028476
0.03099421359413
0.030974685296815
0.0309551569995
0.03088409633311
0.030848382597235
0.03081266886136
0.03074235903692
0.03067241731944
0.030637628772025
0.03060284022461
0.0305343510377
0.03050028161701
0.03046621219632
0.03039913984089
0.03036648783052
0.03033383582015
0.03026885130215
0.03023722633135
0.03020560136055
0.03019426250791
0.030162462057835
0.03013066160776
0.03006806634048
0.0300078610705
0.029978242584165
0.02994862409783
0.02992916876525
0.02990007149639
0.02987097422753
0.02981372355455
0.029785907364785
0.02975809117502
0.02973549333296
0.02970818226534
0.02968087119772
0.02962783214689
0.029614612410455
0.02960139267402
0.02955002202316
0.0294995236603
0.02948542646841
0.02947132927652
0.0294224686153
0.02940045909404
0.02937844957278
0.02934453596774
0.029321664169665
0.02929879237159
0.02926640471962
0.02924432692594
0.02922224913226
0.02918873799006
0.02916744504667
0.02914615210328
0.02910761729102
0.02907049667739
0.02905166491165
0.02903283314591
0.02899592489975
0.028977845399545
0.02895976589934
0.02892177833973
0.02890380159387
0.02888582484801
0.02884933132894
0.02882954209829
0.02880975286764
0.02877792255211
0.028757924978045
0.02873792740398
0.02870817002884
0.02866775910066
0.028652331867815
0.02863690463497
0.02859922373503
0.028578250010525
0.02855727628602
0.02853292176028
0.0285120553945
0.02849118902872
0.02844835135005
0.02843782328693
0.02842729522381
0.02838466928831
0.02836311938339
0.02834156947847
0.02832314228722
0.028280248049
0.028258567518
0.028236886987
0.0281997498495
0.02818942346103
0.02817909707256
0.02813607630267
0.028114336543075
0.02809259678348
0.02804926459618
0.02803845903793
0.02802765347968
0.02799710019892
0.02795409029744
0.02793265763037
0.0279112249633
0.02786850335126
0.02784721398748
0.0278259246237
0.0277828995486
0.027761752805815
0.02774060606303
0.0276984529827
0.027677446241215
0.02765643949973
0.0276151454594
0.02759456554268
0.02757398562596
0.0275335361582
0.02749379079506
0.027473980444875
0.02745417009469
0.02741581647576
0.027404680648585
0.02739354482141
0.02736903442279
0.02734998650904
0.02733093859529
0.02729352375071
0.027275154005855
0.027256784261
0.02724380981294
0.027226074696435
0.02720833957993
0.02717296928335
0.02713825751981
0.027130993524635
0.02712372952946
0.02708915369385
0.027072468783675
0.0270557838735
0.02703968697267
0.02702306782563
0.02700644867859
0.02697495397108
0.02696585519921
0.02695675642734
0.026925386661
0.026911111968775
0.02689683727655
0.02687601553333
0.026846486472
0.026836117565455
0.02682574865891
0.02679742648336
0.026785197669715
0.02677296885607
0.02674801736627
0.02673475549094
0.02672149361561
0.0266988039852
0.02668613314502
0.02667346230484
0.02664978501985
0.0266377006653
0.02662561631075
0.02660149466672
0.02657795441738
0.026565673184075
0.02655339195077
0.02653100788135
0.026518507449485
0.02650600701762
0.02648423900341
0.02647152109105
0.02645880317869
0.02643236317526
0.0264225985926
0.02641283400994
0.02638649232221
0.026377289463835
0.02636808660546
0.0263413160214
0.02631512678458
0.026305977120185
0.02629682745579
0.0262691688215
0.026259532821365
0.02624989682123
0.02622597915866
0.02621197022061
0.02619796128256
0.02617983569129
0.02616820319221
0.02615657069313
0.02612768029313
0.026114040286085
0.02610040027904
0.0260875534401
0.02605882542936
0.026044495128065
0.02603016482677
0.02600565204538
0.02599902343576
0.02599239482614
0.02596338126739
0.02594890894896
0.02593443663053
0.02590505465502
0.025890399061315
0.02587574346761
0.02587069694819
0.025856334341315
0.02584197173444
0.02581281213594
0.02578422338382
0.02576971273545
0.02575520208708
0.02572674871113
0.025712306664745
0.02569786461836
0.02566954554628
0.02565541909751
0.02564129264874
0.02561310566705
0.02559904500555
0.02558498434405
0.02555742007105
0.02553040923153
0.02551693402901
0.02550345882649
0.02549122855963
0.02548145725722
0.02547168595481
0.0254448666252
0.02543148682082
0.02541810701644
0.02539237678002
0.025382201335465
0.02537202589091
0.02535896138744
0.02534640077806
0.02533384016868
0.0253087715159
0.02528904278993
0.0252818352534
0.02527462771687
0.02525064113908
0.0252386718706
0.02522670260212
0.02521570696317
0.025204011074165
0.02519231518516
0.02516944516509
0.025163498103965
0.02515755104284
0.02513522217259
0.025124315503165
0.02511340883374
0.02510015068808
0.02507887385034
0.02507084853549
0.02506282322064
0.02504396782868
0.025033849713355
0.02502373159803
0.0250086944246
0.024998840712285
0.02498898699997
0.02497352552779
0.024963934694585
0.02495434386138
0.02493846062637
0.02492913115947
0.02491980169257
0.02488582476801
0.02486864078102
0.024860061258455
0.02485148173589
0.02483434757284
0.024825792902575
0.02481723823231
0.0247992308686
0.024791623087485
0.02478401530637
0.02476559848341
0.02475824209996
0.02475088571651
0.02473206179794
0.02472495541437
0.0247178490308
0.02469907782414
0.02466664228276
0.024656841970435
0.02464704165811
0.02463520596652
0.024625204722855
0.02461520347919
0.0245952350339
0.02458979625139
0.02458435746888
0.02456398920315
0.02455427421417
0.02454455922519
0.02453372858976
0.024523588357195
0.02451344812463
0.02449275326244
0.0244842160635
0.024473894456465
0.02446357284943
0.02444251848856
0.024433350685895
0.02442418288323
0.0244148026242
0.02440431931959
0.02439383601498
0.02437290705866
0.024362239306025
0.02435157155339
0.02434136213252
0.024333381132925
0.02432540013333
0.02430459377698
0.02428338310917
0.02427279710827
0.02426221110737
0.02424063778522
0.024230090677495
0.02421954356977
0.02419804941596
0.024187540968235
0.02417703252051
0.02417090977268
0.02416326341689
0.0241556170611
0.02413511288769
0.024128360811055
0.02412160873442
0.02411377484895
0.02409291042584
0.024082497034415
0.02407208364299
0.02405172711711
0.02404156679351
0.02403140646991
0.02401112159839
0.02400121223083
0.02399130286327
0.02397151820367
0.02396486121952
0.02395820423537
0.02394747838542
0.023937837718565
0.02392819705171
0.02390894803783
0.02389015794576
0.02388610574692
0.02388205354808
0.02386543613173
0.02385607664583
0.02384671715993
0.02382887754491
0.023825059021325
0.02382124049774
0.02380344051874
0.023794554359315
0.02378566819989
0.02377594743553
0.02375990513947
0.02375147398052
0.02374304282157
0.02373377915314
0.023725577405175
0.02371737565721
0.0237009957211
0.023695961583975
0.02369092744685
0.02367500418587
0.023667680940295
0.02366035769472
0.02364865405516
0.02364113912068
0.0236336241862
0.02362236480463
0.02360736962207
0.023601752914375
0.02359613620668
0.02358159088793
0.02357453492969
0.02356747897145
0.02355545618906
0.02354862338215
0.02354179057524
0.02352938156688
0.023522770908595
0.02351616025031
0.02350336679827
0.023496977291435
0.0234905877846
0.023477823183
0.0234654840402
0.023458705277955
0.02345192651571
0.02344043589966
0.02343367213635
0.02342690837304
0.0234125786803
0.023407057720685
0.02340153676107
0.02338764747503
0.02338234262991
0.02337703778479
0.02336277125808
0.02335727461841
0.02335177797874
0.02333794983396
0.0233233267562
0.023318660463905
0.02331399417161
0.0232989971102
0.02329150856727
0.02328402002434
0.02327552838596
0.02326785362333
0.0232601788607
0.02324605967808
0.023241626761605
0.02323719384513
0.02322149433883
0.02321365555968
0.02320581678053
0.02319939129945
0.02318374460962
0.02317573200393
0.02316771939824
0.02315451584833
0.02315051856086
0.02314652127339
0.02313015023892
0.02312217590451
0.0231142015701
0.02309787777837
0.023095292349355
0.02309270692034
0.02307800295969
0.023069867470985
0.02306173198228
0.02304548471066
0.0230292610894
0.023020963662185
0.02301266623497
0.02299649032237
0.022994716489925
0.02299294265748
0.02297876330221
0.022970699943885
0.02296263658556
0.02294653323834
0.022938689181775
0.02293084512521
0.02291478778752
0.022906770722915
0.02289875365831
0.02288313292036
0.02286753417171
0.022863249193325
0.02285896421494
0.02285001180189
0.022842235709045
0.0228344596162
0.02281854128608
0.022810787275725
0.02280303326537
0.02278793387312
0.02278039448574
0.02277285509836
0.02276358608059
0.02275876260375
0.02275393912691
0.02273890670853
0.02272427942796
0.02271697548462
0.02270967154128
0.02270506254704
0.022697771331555
0.02269048011607
0.02267629997748
0.02266960155806
0.02266290313864
0.02265640198828
0.022649333847355
0.02264226570643
0.02262891027079
0.02262242920153
0.02261557320301
0.02260871720449
0.0225954025063
0.022591981871525
0.02258856123675
0.02257527097799
0.02256901294372
0.02256275490945
0.02255517636807
0.022548929799985
0.0225426832319
0.02253322821967
0.022527749426215
0.02252227063276
0.02251019223046
0.02250151911457
0.02249567962934
0.02248984014411
0.02248080692858
0.022475166418365
0.02246952590815
0.02245938294904
0.022454316179795
0.02244924941055
0.02243837571687
0.022433505908415
0.02242863609996
0.02241815700715
0.02241329622284
0.02240843543853
0.02239834914086
0.02238827218016
0.022383238361425
0.02237820454269
0.02236777386267
0.022363121533015
0.02235846920336
0.0223480574326
0.02234267087672
0.02233728432084
0.0223280057246
0.022322443795535
0.02231688186647
0.02230836129011
0.022302809416375
0.02229725754264
0.02228912201403
0.02227766866773
0.02227194804098
0.02226622741423
0.02225848374802
0.02225258913123
0.02224669451444
0.0222389648023
0.022233448364515
0.02222793192673
0.0222158087484
0.02221268876216
0.02220956877592
0.02219746616339
0.02219123856654
0.02218501096969
0.02217915466908
0.02216708607371
0.022160875969295
0.02215466586488
0.02213715576736
0.022130780831815
0.02212440589627
0.02211167109678
0.022108762791495
0.02210585448621
0.02209495680542
0.02208842547273
0.02208189414004
0.02206920951822
0.02206269379645
0.02205617807468
0.02205328434313
0.02204027218903
0.02203395438573
0.02202763658243
0.0220146554592
0.022008172742185
0.02200169002517
0.02198874025033
0.021982093648045
0.02197544704576
0.02197293396968
0.021967193547955
0.02196145312623
0.02194891003596
0.02194246696454
0.02193602389312
0.0219231532582
0.0219102981017
0.021904056473045
0.02189781484439
0.02188534616274
0.021878941286875
0.02187253641101
0.02186826990916
0.02186347321236
0.02185867651556
0.02184625346839
0.021839872017835
0.02183349056728
0.02182109683505
0.021815083921925
0.0218090710088
0.02179670566115
0.02178894050791
0.02178541335155
0.02178188619519
0.02176990459753
0.021763920546755
0.02175793649598
0.02174598186657
0.021744049469665
0.02174211707276
0.0217305311291
0.02172474447711
0.02171895782512
0.02170774727772
0.02170319637741
0.021697599429415
0.02169200248142
0.0216808204027
0.02167767803594
0.02167453566918
0.02166476682839
0.021659364332405
0.02165396183642
0.02164699672725
0.021642298914815
0.02163760110238
0.02162717130597
0.0216242184805
0.02162126565503
0.02161085196685
0.02160079515577
0.02159750327927
0.02159421140277
0.02158451651233
0.02158105677746
0.02157759704259
0.02156791740776
0.02156325464679
0.02155859188582
0.02155134440436
0.021546688970145
0.02154203353593
0.02153479743754
0.021530321391565
0.02152584534559
0.02151827644295
0.0215093383925
0.021505388188185
0.02150143798387
0.02149285731287
0.021488741884265
0.02148462645566
0.02147640204292
0.02147229305482
0.02146818406672
0.02146031453869
0.02145604096545
0.02145176739221
0.02144391016328
0.021439643266115
0.02143537636895
0.02142787237204
0.02141901093393
0.02141543501015
0.02141185908637
0.02140301117924
0.021399440713335
0.02139587024743
0.02138703583883
0.021382452686435
0.02137786953404
0.02137142398365
0.021366678249135
0.02136193251462
0.0213554967801
0.02135092742819
0.02134635807628
0.02133688933982
0.02133114465054
0.021326248414065
0.02132135217759
0.0213115688861
0.02130904052364
0.02130651216118
0.02129674277438
0.02129152626318
0.02128630975198
0.02128193772042
0.0212768965676
0.02127185541478
0.02126178286174
0.02125809268716
0.02125440251258
0.02124736251362
0.02123731363012
0.02123195957224
0.02122660551436
0.02121991853964
0.021216577202605
0.02121323586557
0.02120288620978
0.021197549856765
0.02119221350375
0.0211815517614
0.02117888837875
0.0211762249961
0.02116890515797
0.02116358624759
0.02115826733721
0.02114764042402
0.02113735598692
0.021131887618595
0.02112641925027
0.02111582495478
0.02111053322589
0.021105241497
0.02109466885957
0.02108922300064
0.02108377714171
0.0210814682525
0.021077347341155
0.02107322642981
0.02106268648587
0.02106235729119
0.02106202809651
0.02105215729268
0.02104163883308
0.02103638496151
0.02103113108994
0.02102063404617
0.021015390865455
0.02101014768474
0.02099999919287
0.020994929943795
0.02098986069472
0.02097973217491
0.02097499915137
0.02097026612783
0.02096765633719
0.02095754965158
0.020952501273475
0.02094745289537
0.02093769128072
0.02093314004296
0.0209285888052
0.02092501503983
0.02092014488392
0.02091527472801
0.020905867876
0.02090133072744
0.02089679357888
0.02089290705196
0.02088805211515
0.02088319717834
0.02087414292525
0.02086961879872
0.02086525906895
0.02086089933918
0.02085186477611
0.02084896291436
0.02084606105261
0.02083864997289
0.020834142502945
0.020829635033
0.02082480886942
0.0208206288922
0.02081644891498
0.02080777465907
0.020805206246495
0.02080263783392
0.02079429600181
0.02078724285007
0.02078387884581
0.02078051484155
0.02077251108992
0.02076979160755
0.02076707212518
0.02075907891593
0.02075604359161
0.02075300826729
0.02074534524664
0.02074167608588
0.02073800692512
0.02073163007257
0.02072796585023
0.02072430162789
0.02071793335487
0.02071093285632
0.02070759395557
0.02070425505482
0.0206972639643
0.02069392954904
0.02069059513378
0.02068393067762
0.02068044211545
0.02067695355328
0.02067061487043
0.02066697257267
0.02066333027491
0.02065731650702
0.020653678977985
0.02065004144895
0.02063677001169
0.02062919412678
0.02062635502723
0.02062351592768
0.02061563481629
0.02061295698893
0.02061027916157
0.02060272305703
0.020598790582835
0.02059485810864
0.02058982774807
0.02058574324596
0.02058165874385
0.02057663494231
0.020572712594605
0.0205687902469
0.02056063821786
0.02055625138666
0.02055218042627
0.02054810946588
0.02053997410499
0.02053794149346
0.02053590888193
0.02052747095547
0.020523255518095
0.02051904008072
0.02051404733061
0.02051061683221
0.02050718633381
0.02049846090542
0.02049410196614
0.02048974302686
0.02048694245331
0.02047823453571
0.020473884340035
0.02046953414436
0.02046084126915
0.02045913476718
0.02045742826521
0.02044967574315
0.020445337876455
0.02044100000976
0.02043202231728
0.02042753747899
0.0204230526407
0.02041594445168
0.02041439997774
0.0204128555038
0.02040390292736
0.02039526663355
0.020390798183525
0.0203863297335
0.02037740079277
0.02037294029656
0.02036847980035
0.02035956674523
0.020355267651625
0.02035096855802
0.02034207107185
0.02033762628117
0.02033318149049
0.02032429980304
0.02031542599861
0.0203111458279
0.02030686565719
0.02029800731529
0.020293734599145
0.020289461883
0.02028092375973
0.02027665834774
0.02027239293575
0.02026873910041
0.020265543604215
0.02026234810802
0.02025383315255
0.0202495793091
0.02024532546565
0.0202371284995
0.02022893827442
0.020227725554395
0.02022651283437
0.0202183313349
0.02021424394583
0.02021015655676
0.02020198849137
0.02020062789226
0.02019926729315
0.0201911081648
0.02018718285844
0.02018325755208
0.02017571473168
0.02017390547162
0.02017209621156
0.02016456186063
0.02015673219725
0.02015492639309
0.02015312058893
0.02014560062505
0.02014184349178
0.02013808635851
0.02013418118927
0.020130578437395
0.02012697568552
0.02011977541715
0.020117676546565
0.02011557767598
0.0201083856849
0.02010254775765
0.0200967098304
0.02008983052161
0.02008534659159
0.020081910884735
0.02007847517788
0.02007310087855
0.02006996771588
0.02006683455321
0.02006057219861
0.020058038888825
0.02005550557904
0.02004895263277
0.02004642230095
0.02004389196913
0.02003764414053
0.010018822070265
0
0
