




0.020581345
0.02056879
0.020560638
0.020552493
0.020539974
0.020528096
0.020519664
0.02051124
0.020499395
0.020490677
0.020481966
0.020470777
0.020462083
0.020453396
0.020444407
0.020435736
0.020424908
0.020415944
0.020407298
0.02039835
0.020389411
0.020380479
0.020371555
0.020362639
0.020353731
0.020344525
0.020335633
0.020326749
0.020317873
0.020309005
0.02030045
0.020291598
0.020283058
0.020278639
0.02027422
0.020265695
0.020255657
0.020247148
0.020238646
0.020230454
0.020219543
0.020211367
0.020203198
0.020195338
0.020184163
0.020176318
0.020165164
0.020157635
0.020146202
0.020138687
0.020127276
0.020120075
0.020108386
0.020097009
0.020089831
0.020078475
0.020066835
0.02005491
0.020048655
0.020037049
0
0
-0.021516285
-0.021525229
-0.021541761
-0.021558319
-0.021574557
-0.021584589
-0.021600868
-0.021617519
-0.021627592
-0.021643937
-0.021654732
-0.02167077
-0.021681942
-0.021698021
-0.021709222
-0.021724641
-0.021736221
-0.021748164
-0.021763289
-0.021775263
-0.021787251
-0.021799252
-0.021813742
-0.021826127
-0.021838527
-0.021850941
-0.021863369
-0.021875812
-0.021888626
-0.021901455
-0.021914299
-0.021927159
-0.021940035
-0.021952926
-0.021965832
-0.021978754
-0.021991692
-0.022004646
-0.022017254
-0.022023746
-0.022030238
-0.022045407
-0.022058425
-0.022071097
-0.022087411
-0.022100481
-0.022113202
-0.022125575
-0.022143066
-0.022155473
-0.022173013
-0.022185454
-0.022203776
-0.022215886
-0.022234628
-0.022246404
-0.022265567
-0.022284765
-0.022296225
-0.022315477
-0.022335506
-0.0223552
-0.022375302
-0.022395814
-0.022415991
-0.022436581
-0.022456834
-0.022477124
-0.022497829
-0.022517819
-0.022529906
-0.022550333
-0.022563214
-0.022583323
-0.022596623
-0.022616794
-0.022630516
-0.022650367
-0.022664514
-0.022678679
-0.022698233
-0.022712826
-0.022727823
-0.022746694
-0.022761737
-0.022777187
-0.022792659
-0.022808152
-0.022826385
-0.022841926
-0.022857489
-0.022873463
-0.022889461
-0.022905481
-0.022921525
-0.022937984
-0.022954075
-0.022970583
-0.022986721
-0.023003277
-0.023019463
-0.023038047
-0.023054679
-0.023071337
-0.023087622
-0.023103931
-0.023124649
-0.023141012
-0.0231490055
-0.023156999
-0.023173009
-0.02319506
-0.023210723
-0.023233654
-0.02324937
-0.023272784
-0.023288151
-0.023312052
-0.023327066
-0.023351457
-0.023376308
-0.023390591
-0.023415529
-0.023440932
-0.023466393
-0.023492322
-0.023518312
-0.023544361
-0.023556786
-0.023582509
-0.023596639
-0.023622869
-0.023648742
-0.02366421
-0.023690596
-0.023716203
-0.023733026
-0.023758728
-0.023776036
-0.023801412
-0.023819209
-0.023844256
-0.023862545
-0.02388129
-0.023905619
-0.023924435
-0.02394371
-0.023963446
-0.023987089
-0.02400647
-0.024026315
-0.024046626
-0.024066541
-0.024087357
-0.024107777
-0.024128668
-0.024149597
-0.024170127
-0.024191132
-0.024212174
-0.024233255
-0.024254374
-0.024275532
-0.024296286
-0.024321506
-0.024342786
-0.024364106
-0.024385019
-0.024412218
-0.024433217
-0.024453807
-0.024482514
-0.024503191
-0.024532921
-0.024553687
-0.024584
-0.0245942015
-0.024604403
-0.024635757
-0.024668107
-0.024687286
-0.024719778
-0.02475328
-0.024786877
-0.024821033
-0.02483861
-0.024872916
-0.024906856
-0.024925494
-0.024960521
-0.024995651
-0.025030415
-0.025065281
-0.025086534
-0.025121565
-0.025156224
-0.025178593
-0.025212941
-0.025236851
-0.025270887
-0.025294915
-0.025319954
-0.025353261
-0.025378907
-0.025404609
-0.025430852
-0.025463492
-0.025489864
-0.025516784
-0.025544256
-0.025572282
-0.025599881
-0.025628037
-0.02565725
-0.02568554
-0.025714395
-0.025743318
-0.025772311
-0.025801374
-0.025830003
-0.025859204
-0.02588797
-0.02592339
-0.025952816
-0.025981805
-0.026010862
-0.026049201
-0.02607842
-0.026118517
-0.026147385
-0.026175805
-0.02621778
-0.026246363
-0.026289625
-0.026334087
-0.026361368
-0.026407145
-0.026453622
-0.026500806
-0.026526328
-0.026573791
-0.026621974
-0.026670883
-0.026719444
-0.0267438205
-0.026768197
-0.026817142
-0.026846055
-0.026895856
-0.026945306
-0.026976174
-0.027025943
-0.027058678
-0.02710822
-0.027142289
-0.027191041
-0.027226462
-0.027262548
-0.027310069
-0.027347533
-0.027385679
-0.027423941
-0.027463467
-0.027508874
-0.027548089
-0.027588006
-0.02762863
-0.027669968
-0.027710856
-0.027752463
-0.027794208
-0.02783668
-0.027878702
-0.027926812
-0.027970327
-0.028013392
-0.028056603
-0.02809996
-0.028154969
-0.028198662
-0.028241284
-0.028301193
-0.028344158
-0.028406403
-0.028449101
-0.02851435
-0.028556157
-0.028623208
-0.028692502
-0.028732991
-0.028803514
-0.028875705
-0.028949589
-0.029023894
-0.029099279
-0.029175102
-0.029252028
-0.029328083
-0.029374595
-0.029452707
-0.029501681
-0.029580557
-0.029633405
-0.029711712
-0.029767148
-0.029845567
-0.029902956
-0.029961988
-0.030038777
-0.030099826
-0.030162572
-0.030226327
-0.030259072
-0.030291817
-0.030358348
-0.030425935
-0.030494592
-0.030564334
-0.030634442
-0.030705657
-0.030777993
-0.030849979
-0.030923103
-0.030995876
-0.03106829
-0.031141857
-0.031234961
-0.031309448
-0.031383576
-0.031486173
-0.031560497
-0.031669988
-0.031744537
-0.031860346
-0.031934341
-0.032054229
-0.032179291
-0.03225092
-0.032379477
-0.03251094
-0.03264623
-0.032783729
-0.03292349
-0.03306469
-0.033207355
-0.033295273
-0.033442161
-0.033537939
-0.033686529
-0.033790485
-0.033939958
-0.034049602
-0.034164861
-0.034314605
-0.03443499
-0.034558375
-0.034686799
-0.034818402
-0.034953261
-0.035099569
-0.03523717
-0.035377166
-0.035520657
-0.035665622
-0.035833444
-0.035988149
-0.036144559
-0.036302712
-0.036507387
-0.036673042
-0.036838347
-0.037073026
-0.037243035
-0.037500073
-0.037672796
-0.037952523
-0.038249122
-0.038424649
-0.038740255
-0.039070821
-0.039418553
-0.039599403
-0.039780253
-0.040155269
-0.040541388
-0.040786899
-0.041200509
-0.04162248
-0.041920069
-0.042239985
-0.042583475
-0.043054082
-0.043435597
-0.043842897
-0.044335898
-0.04477846
-0.045247216
-0.045741902
-0.046264295
-0.046811985
-0.047472616
-0.048107352
-0.048772845
-0.049463674
-0.0504463
-0.051236236
-0.052469648
-0.053364917
-0.054893735
-0.055889472
-0.05776495
-0.059940843
-0.062460269
-0.06536308
-0.06737654
-0.071139856
-0.074093429
-0.078861133
-0.083062186
-0.088093643
-0.094063998
-0.10103673
-0.1088776
-0.11724763
-0.12905019
-0.13643081
-0.14341588
-0.1396992
-0.13054731
-0.10810559
-0.088729166
-0.068458654
-0.04955353
-0.033296367
-0.020204052
-0.010396043
-0.0038430371
-0.00049139632
0.00031074897
0.0032940977
0.0094113017
0.018598731
0.030742371
0.045578156
0.062557842
0.084672429
0.10371986
0.12000857
0.13709367
0.14039616
0.14369865
0.13907434
0.12888105
0.12087745
0.11237048
0.10413727
0.096711911
0.090276583
0.084851402
0.080307358
0.076522615
0.072093641
0.069454639
0.065974433
0.062925364
0.06147595
0.059133258
0.05710608
0.055356406
0.054403593
0.052969288
0.052114147
0.050954111
0.050196549
0.049465674
0.048760144
0.047964089
0.0473524
0.046767934
0.046211092
0.04568419
0.04518326
0.044710517
0.044264149
0.043842514
0.043355352
0.042972284
0.042613495
0.042277616
0.041832741
0.041535244
0.041111042
0.040851224
0.040452785
0.040066048
0.039857312
0.03949926
0.039156371
0.038826529
0.03851294
0.038216022
0.038044222
0.037765183
0.037503423
0.037336264
0.037167502
0.036930131
0.03676605
0.036601575
0.036393329
0.03623637
0.03607895
0.035924333
0.03577032
0.035619019
0.035469321
0.035321196
0.035251985
0.035182774
0.03503863
0.034900951
0.034767583
0.034638418
0.034512382
0.034390365
0.034239808
0.034122983
0.034009946
0.03385972
0.033754324
0.033652468
0.033505146
0.03335759
0.033266607
0.033122449
0.032978917
0.032836007
0.032696278
0.032558806
0.032424375
0.032363478
0.032292912
0.032165986
0.032043485
0.031924497
0.031810539
0.03173801
0.031664286
0.03155641
0.031482888
0.031381865
0.031308517
0.0312348
0.031142458
0.0310704
0.030998727
0.030926687
0.030855033
0.03078376
0.030708447
0.030640147
0.030572195
0.030503138
0.030435158
0.030368242
0.030302375
0.030237544
0.030174443
0.030112345
0.030036529
0.02997577
0.029916677
0.029859919
0.029782101
0.029727286
0.029649566
0.029596653
0.029519027
0.029469318
0.029391773
0.029314022
0.029236732
0.029193332
0.029118056
0.029042563
0.028968151
0.0289314775
0.028894804
0.028823145
0.028752514
0.028711965
0.028642566
0.028575416
0.028509859
0.0284682
0.028426058
0.028363101
0.028320074
0.028260076
0.028217392
0.028173636
0.028117942
0.028075126
0.028031853
0.027988128
0.027945148
0.027895781
0.027853703
0.027811174
0.027769374
0.027727711
0.027686185
0.027644794
0.027604118
0.027563572
0.027523732
0.027484592
0.0274387
0.027399823
0.027361634
0.02732356
0.027286733
0.0272393
0.027203281
0.027154482
0.027119821
0.027070233
0.027036914
0.027004236
0.026955103
0.026905615
0.026875468
0.026826294
0.02677677
0.026727443
0.026700963
0.026653011
0.026604708
0.02655766
0.026510259
0.026464098
0.026438175
0.026392809
0.02634761
0.026320884
0.02627699
0.026234293
0.026206256
0.026164838
0.026136959
0.026108115
0.026068565
0.026039881
0.026011265
0.0259964815
0.025981698
0.025945092
0.025916191
0.025886853
0.025857586
0.02582487
0.025796253
0.025767202
0.025738721
0.025710306
0.025681958
0.025653676
0.025625955
0.025598297
0.025570702
0.025539733
0.025512272
0.025484874
0.025458025
0.025431723
0.025399168
0.025372994
0.02534736
0.025322264
0.025288562
0.025264068
0.025229573
0.025206154
0.025183257
0.025148519
0.025113883
0.025092108
0.025057163
0.025036905
0.025002122
0.02496744
0.02493286
0.02489838
0.024881178
0.024847312
0.024814004
0.02478079
0.024762838
0.024729768
0.024697248
0.024678053
0.024646131
0.024614749
0.024595235
0.024564441
0.024544559
0.024514799
0.024494102
0.024473441
0.024444757
0.024424183
0.024396956
0.024376022
0.024355125
0.024333822
0.024312558
0.024291333
0.02426706
0.024245917
0.024224814
0.024203748
0.024182721
0.024172445
0.024162169
0.024141217
0.024120303
0.024099861
0.024079455
0.024059086
0.024038752
0.024015866
0.023995608
0.023975816
0.023956058
0.023936763
0.023912368
0.023893145
0.023874381
0.023849268
0.023831
0.023805558
0.02378736
0.023770034
0.023744307
0.023718216
0.023701415
0.023675004
0.023659521
0.023633207
0.023606953
0.023592394
0.023566235
0.023540549
0.023514509
0.02348894
0.023463429
0.023437975
0.023412988
0.023398676
0.023373775
0.023349336
0.023334292
0.023310344
0.023294947
0.023271083
0.023255739
0.023232361
0.023210236
0.023194173
0.023178534
0.023156915
0.023140928
0.023124566
0.023104245
0.023087936
0.02307165
0.023055389
0.023036381
0.02302017
0.023004378
0.022988214
0.022972074
0.022955957
0.022939471
0.022923401
0.022907354
0.022891722
0.022875721
0.022860132
0.022844177
0.0228365995
0.022829022
0.022810785
0.022795287
0.022780199
0.02276127
0.022746228
0.022731206
0.022716589
0.022697001
0.02268243
0.02266826
0.022648376
0.022634632
0.022614428
0.022600726
0.022580585
0.022567684
0.022547225
0.022526426
0.022514343
0.022493606
0.022473285
0.022452626
0.022431632
0.02242115
0.022400963
0.022380441
0.022360702
0.022340627
0.022320959
0.022309843
0.022290231
0.022271024
0.022259221
0.022240069
0.022221318
0.022209202
0.0221971
0.022178789
0.022166355
0.022148461
0.022135698
0.022118582
0.022105854
0.022093142
0.022076818
0.022063778
0.022051115
0.022038105
0.022024751
0.022009972
0.021997012
0.021984068
0.021971139
0.021958226
0.021945329
0.02193209
0.021919224
0.021906373
0.021893538
0.021880719
0.02186827
0.021855481
0.021843061
0.021830656
0.021816143
0.02180377
0.021791764
0.021785591
0.021779418
0.021764271
0.021752309
0.021740361
0.021724918
0.021713351
0.021701796
0.021685711
0.021674536
0.021658492
0.021647693
0.021631342
0.021620571
0.021604262
0.021594211
0.021577597
0.021561354
0.021551689
0.021535486
0.021518964
0.021502468
0.021485998
0.021469553
0.021453134
0.021437083
0.021420714
0.021405052
0.021389074
0.021379906
0.021364305
0.02135482
0.021339256
0.02132439
0.021314267
0.021299437
0.021289674
0.021279248
0.021264804
0.021254738
0.021240662
0.021230285
0.021219919
0.021209562
0.021196214
0.021185549
0.021174894
0.02116425
0.021151956
0.021141336
0.021131058
0.021120459
0.02110987
0.021098963
0.021088396
0.021077841
0.021067296
0.021056762
0.021046239
0.021035727
0.021025553
0.021015062
0.021004909
0.02099313
0.020982672
0.02097255
0.020962439
0.020952663
0.020946478
0.020940293
0.020930214
0.020920468
0.020911057
0.020898089
0.020888698
0.020875436
0.020866066
0.020852832
0.020843805
0.020835107
0.020821593
0.020808096
0.020799429
0.020785961
0.020777953
0.020764194
0.020750773
0.02073705
0.020723346
0.020716024
0.020702348
0.020695676
0.020682027
0.020675369
0.020668397
0.020654785
0.020648777
0.020641508
0.020628248
0.020615005
0.020602094
0.020594229
0.020581345
