000000000000
000000000000
-2.152591763617e-002
-2.154210593779e-002
-2.155141687026e-002
-2.156798998774e-002
-2.158458920667e-002
-2.159428416395e-002
-2.161092484284e-002
-2.162724429465e-002
-2.163767416314e-002
-2.165403501032e-002
-2.166484007708e-002
-2.168089376257e-002
-2.169172629764e-002
-2.170326989242e-002
-2.171903144952e-002
-2.173060483388e-002
-2.174605567874e-002
-2.175801039131e-002
-2.176962637820e-002
-2.178196025727e-002
-2.179677982653e-002
-2.180879176281e-002
-2.182117117062e-002
-2.183356498941e-002
-2.184632797972e-002
-2.185875111378e-002
-2.187261110623e-002
-2.188506491105e-002
-2.189788971673e-002
-2.191037306160e-002
-2.192322830832e-002
-2.193609903363e-002
-2.194862710644e-002
-2.196152844554e-002
-2.197552246356e-002
-2.198845626651e-002
-2.200176562788e-002
-2.201473115336e-002
-2.202771236822e-002
-2.204034806407e-002
-2.205336031015e-002
-2.206928559789e-002
-2.208197030952e-002
-2.209466999882e-002
-2.211174747730e-002
-2.212448236716e-002
-2.213686783475e-002
-2.215437746428e-002
-2.216716284791e-002
-2.218508787149e-002
-2.219754315392e-002
-2.221588586972e-002
-2.222800913456e-002
-2.224677185628e-002
-2.225856117412e-002
-2.227774623108e-002
-2.229733524628e-002
-2.230843907334e-002
-2.232808364874e-002
-2.234776383357e-002
-2.236785207256e-002
-2.238797749325e-002
-2.240851394122e-002
-2.242871474835e-002
-2.244932820778e-002
-2.246960485196e-002
-2.248991923493e-002
-2.250159828998e-002
-2.252197230378e-002
-2.254238434577e-002
-2.255525593282e-002
-2.257535068884e-002
-2.259548236368e-002
-2.260879715887e-002
-2.262860902432e-002
-2.264234590552e-002
-2.265648229063e-002
-2.267599742908e-002
-2.269056066765e-002
-2.270475920681e-002
-2.272436022718e-002
-2.273898761506e-002
-2.275402014382e-002
-2.277254988690e-002
-2.278801513996e-002
-2.280311464338e-002
-2.281862277836e-002
-2.283415269833e-002
-2.285009352635e-002
-2.286722633533e-002
-2.288321488960e-002
-2.289883574315e-002
-2.291486999113e-002
-2.293053552602e-002
-2.294661567739e-002
-2.296271914419e-002
-2.297884598070e-002
-2.299657313274e-002
-2.301274916579e-002
-2.302934414390e-002
-2.304556788618e-002
-2.306181527910e-002
-2.307768923955e-002
-2.309796134546e-002
-2.311428525940e-002
-2.313023404774e-002
-2.314620562321e-002
-2.316780348903e-002
-2.318382882084e-002
-2.319947562838e-002
-2.322157883419e-002
-2.323727845884e-002
-2.326026364785e-002
-2.327561328905e-002
-2.329908219076e-002
-2.331407936569e-002
-2.333803520957e-002
-2.336244946911e-002
-2.337712345710e-002
-2.340162261967e-002
-2.342658474945e-002
-2.345201275824e-002
-2.347749809842e-002
-2.350345343383e-002
-2.352946840163e-002
-2.355554322373e-002
-2.358167812328e-002
-2.360745705564e-002
-2.363329460572e-002
-2.364874180676e-002
-2.367509214083e-002
-2.370066418464e-002
-2.371704364411e-002
-2.374313130298e-002
-2.375999375166e-002
-2.378575701212e-002
-2.380352946912e-002
-2.382132958663e-002
-2.384680644729e-002
-2.386509979080e-002
-2.389024757219e-002
-2.390903781117e-002
-2.392828697570e-002
-2.394756846047e-002
-2.397160846730e-002
-2.399139328228e-002
-2.401121217321e-002
-2.403106523584e-002
-2.405138528089e-002
-2.407217469815e-002
-2.409300164548e-002
-2.411386623354e-002
-2.413476857352e-002
-2.415570877707e-002
-2.417712440637e-002
-2.419814146875e-002
-2.421963579349e-002
-2.424073017687e-002
-2.426186299442e-002
-2.428347584172e-002
-2.430424439137e-002
-2.432549320175e-002
-2.435122075369e-002
-2.437255561553e-002
-2.439392963212e-002
-2.441489640985e-002
-2.444261249729e-002
-2.446366702783e-002
-2.448431040846e-002
-2.451354270578e-002
-2.453382333499e-002
-2.456408419354e-002
-2.458445262452e-002
-2.461529888544e-002
-2.464713732347e-002
-2.466673810787e-002
-2.469917391398e-002
-2.473215815747e-002
-2.475052274834e-002
-2.478365131656e-002
-2.481733529056e-002
-2.485157907597e-002
-2.488545762690e-002
-2.491989959654e-002
-2.495444205125e-002
-2.498908547714e-002
-2.500879306544e-002
-2.504406676294e-002
-2.507850068489e-002
-2.510025009085e-002
-2.513484723655e-002
-2.516954514774e-002
-2.519241535968e-002
-2.521580733419e-002
-2.525026255899e-002
-2.527472858397e-002
-2.530887267123e-002
-2.533345894727e-002
-2.535906296743e-002
-2.539247864341e-002
-2.541820909840e-002
-2.544448185996e-002
-2.547130033023e-002
-2.550307218219e-002
-2.553002172087e-002
-2.555752334192e-002
-2.558508785125e-002
-2.561320941573e-002
-2.564139663985e-002
-2.566964978076e-002
-2.569796909718e-002
-2.572685343956e-002
-2.575530706179e-002
-2.578432861014e-002
-2.581291761050e-002
-2.584157411285e-002
-2.587029838548e-002
-2.590516093329e-002
-2.593454316568e-002
-2.596348805601e-002
-2.599250186925e-002
-2.602976101180e-002
-2.605893305672e-002
-2.608766132081e-002
-2.612778852839e-002
-2.615616268123e-002
-2.619807014073e-002
-2.622608826585e-002
-2.626927831332e-002
-2.629693719443e-002
-2.634090182152e-002
-2.638607659930e-002
-2.641294478798e-002
-2.645891437050e-002
-2.650558724668e-002
-2.655350399737e-002
-2.660160714980e-002
-2.664989794229e-002
-2.669891735489e-002
-2.674813118623e-002
-2.679699672587e-002
-2.684605501693e-002
-2.687558305420e-002
-2.692550211431e-002
-2.695687217125e-002
-2.700656488391e-002
-2.705590053822e-002
-2.708927067003e-002
-2.712384682899e-002
-2.717308704448e-002
-2.720845767345e-002
-2.725690281087e-002
-2.729307660544e-002
-2.733105784618e-002
-2.736915403498e-002
-2.741593653271e-002
-2.745429051718e-002
-2.749391159601e-002
-2.753365733969e-002
-2.757410719561e-002
-2.761526742497e-002
-2.765656186347e-002
-2.769857575251e-002
-2.774072924127e-002
-2.778302313763e-002
-2.782545825680e-002
-2.786862777485e-002
-2.791134980495e-002
-2.795421555960e-002
-2.799662752459e-002
-2.804939079580e-002
-2.809272341164e-002
-2.813620336192e-002
-2.817922455943e-002
-2.823701505001e-002
-2.828037654557e-002
-2.834108391822e-002
-2.838479883355e-002
-2.842680641601e-002
-2.849131965035e-002
-2.855740757888e-002
-2.859935545530e-002
-2.866726109530e-002
-2.870830286414e-002
-2.877805610509e-002
-2.884946561972e-002
-2.892191338225e-002
-2.899606071499e-002
-2.907063327325e-002
-2.914628949464e-002
-2.922238732741e-002
-2.929893137893e-002
-2.934467546225e-002
-2.942194087522e-002
-2.947079956479e-002
-2.954948912380e-002
-2.962797468840e-002
-2.968033296452e-002
-2.973563704610e-002
-2.981386812383e-002
-2.987111942590e-002
-2.994807481816e-002
-3.000730932270e-002
-3.006821372133e-002
-3.013080968722e-002
-3.020575027989e-002
-3.026900093332e-002
-3.033398618555e-002
-3.039929094704e-002
-3.046636406637e-002
-3.053377695942e-002
-3.060299366041e-002
-3.067257155761e-002
-3.074251408512e-002
-3.081282472734e-002
-3.088350701996e-002
-3.095531453361e-002
-3.104108883007e-002
-3.111450666570e-002
-3.118756505945e-002
-3.126102279327e-002
-3.135882166591e-002
-3.143322258778e-002
-3.150647353058e-002
-3.161237479107e-002
-3.168581492739e-002
-3.179792580261e-002
-3.187157978856e-002
-3.198848337391e-002
-3.211048702494e-002
-3.218175423896e-002
-3.230716986824e-002
-3.243626083581e-002
-3.256911945215e-002
-3.270413573129e-002
-3.284222109515e-002
-3.298171160434e-002
-3.306293752957e-002
-3.320824003415e-002
-3.335330345844e-002
-3.344666354673e-002
-3.359518049441e-002
-3.369661459279e-002
-3.384692800324e-002
-3.395490142553e-002
-3.406748939732e-002
-3.421904022835e-002
-3.433763830610e-002
-3.446016143647e-002
-3.458670349906e-002
-3.473612896342e-002
-3.486720087984e-002
-3.500051785949e-002
-3.513816485156e-002
-3.527922830316e-002
-3.542275812533e-002
-3.556881346807e-002
-3.571745569181e-002
-3.586767735528e-002
-3.604768557937e-002
-3.620804821075e-002
-3.636913102291e-002
-3.652981232288e-002
-3.674804728746e-002
-3.691653122452e-002
-3.708351986756e-002
-3.733057857827e-002
-3.750127333638e-002
-3.777033198963e-002
-3.794261649776e-002
-3.823143226042e-002
-3.853769081451e-002
-3.885972249074e-002
-3.919840861413e-002
-3.955333265531e-002
-3.992119875707e-002
-4.030271645738e-002
-4.069417810052e-002
-4.094826462536e-002
-4.136634524495e-002
-4.165579248973e-002
-4.209880023905e-002
-4.242579790489e-002
-4.277685571554e-002
-4.324984653524e-002
-4.363975263212e-002
-4.405234242670e-002
-4.449285199300e-002
-4.495928148375e-002
-4.545340026808e-002
-4.597716214898e-002
-4.652843343291e-002
-4.710916079973e-002
-4.771918102630e-002
-4.835581954285e-002
-4.902082393495e-002
-4.994075490473e-002
-5.070421570434e-002
-5.148809178105e-002
-5.272274143677e-002
-5.360745948629e-002
-5.513091678273e-002
-5.689880469111e-002
-5.895918553441e-002
-6.135479716248e-002
-6.412637304039e-002
-6.730713171197e-002
-6.961550295123e-002
-7.370841665412e-002
-7.706751783228e-002
-8.111715458874e-002
-8.681854206011e-002
-9.231517883878e-002
-9.871736469224e-002
-1.059556777391e-001
-1.159635369963e-001
-1.248338840420e-001
-1.327026594150e-001
-1.417680842973e-001
-1.426604069263e-001
-1.313184754758e-001
-1.176998911105e-001
-9.929181472168e-002
-7.486741414993e-002
-5.618429838537e-002
-3.938936079031e-002
-2.529904130989e-002
-1.425038991651e-002
-6.334168520184e-003
-1.583439117749e-003
9.485856372395e-012
1.583929384299e-003
6.335149004860e-003
1.424486226453e-002
2.530099538280e-002
3.939177993789e-002
5.617365794404e-002
7.487053161731e-002
9.929497623012e-002
1.177026986081e-001
1.313206078091e-001
1.426610631045e-001
1.417712785612e-001
1.327008817546e-001
1.248417000630e-001
1.159613411688e-001
1.059637793357e-001
9.871532167482e-002
9.232233275900e-002
8.681678627667e-002
8.111556990947e-002
7.706606387034e-002
7.371346145769e-002
6.961430242525e-002
6.730601148949e-002
6.412536360196e-002
6.135388354301e-002
5.895835351794e-002
5.689804148533e-002
5.513021129203e-002
5.416139090188e-002
5.272211210262e-002
5.149031681445e-002
5.070364757394e-002
4.994280733627e-002
4.902030470612e-002
4.835531904181e-002
4.771869812220e-002
4.711091482414e-002
4.653012932479e-002
4.597672564397e-002
4.545499150999e-002
4.495887083923e-002
4.449245287674e-002
4.405195400811e-002
4.363937406355e-002
4.324947712258e-002
4.277649720869e-002
4.242544734858e-002
4.209845697730e-002
4.165704699687e-002
4.136601793092e-002
4.094794616991e-002
4.069535590776e-002
4.030241132981e-002
3.992090130585e-002
3.955304246476e-002
3.919812529776e-002
3.885944561428e-002
3.853741995316e-002
3.823242983000e-002
3.794235647571e-002
3.777007503929e-002
3.750222191410e-002
3.733032933416e-002
3.708327486880e-002
3.691628906118e-002
3.674780795725e-002
3.653069880055e-002
3.636889796348e-002
3.620781777512e-002
3.604854251960e-002
3.586745238215e-002
3.571723309458e-002
3.556859320083e-002
3.542254012738e-002
3.527901251591e-002
3.513795121846e-002
3.500131349525e-002
3.486699133332e-002
3.473592136966e-002
3.458649811259e-002
3.445995790359e-002
3.433743655433e-002
3.421884018795e-002
3.406729152578e-002
3.395470515223e-002
3.384673325233e-002
3.369642194447e-002
3.359589974821e-002
3.344737510678e-002
3.335401021803e-002
3.320805408436e-002
3.306275353409e-002
3.298152869372e-002
3.284204003493e-002
3.270395648718e-002
3.256894196886e-002
3.243608507093e-002
3.230699575957e-002
3.218158172674e-002
3.211031541441e-002
3.198831329782e-002
3.187141117196e-002
3.179775810016e-002
3.168644044943e-002
3.161220937326e-002
3.150630940504e-002
3.143305935118e-002
3.135865932811e-002
3.126086163070e-002
3.118816788548e-002
3.111434725063e-002
3.104093028476e-002
3.095515699950e-002
3.088409633311e-002
3.081266886136e-002
3.074235903692e-002
3.067241731944e-002
3.060284022461e-002
3.053435103770e-002
3.046621219632e-002
3.039913984089e-002
3.033383582015e-002
3.026885130215e-002
3.020560136055e-002
3.013066160776e-002
3.006806634048e-002
3.000786107050e-002
2.994862409783e-002
2.987097422753e-002
2.981372355455e-002
2.973549333296e-002
2.968087119772e-002
2.962783214689e-002
2.955002202316e-002
2.947132927652e-002
2.942246861530e-002
2.934453596774e-002
2.929879237159e-002
2.922224913226e-002
2.914615210328e-002
2.907049667739e-002
2.899592489975e-002
2.892177833973e-002
2.884933132894e-002
2.877792255211e-002
2.870817002884e-002
2.866775910066e-002
2.859922373503e-002
2.855727628602e-002
2.849118902872e-002
2.842729522381e-002
2.838466928831e-002
2.834156947847e-002
2.828024804900e-002
2.823688698700e-002
2.817909707256e-002
2.813607630267e-002
2.809259678348e-002
2.804926459618e-002
2.799710019892e-002
2.795409029744e-002
2.791122496330e-002
2.786850335126e-002
2.782592462370e-002
2.778289954860e-002
2.774060606303e-002
2.769845298270e-002
2.765643949973e-002
2.761514545940e-002
2.757398562596e-002
2.753353615820e-002
2.749379079506e-002
2.745417009469e-002
2.741581647576e-002
2.736903442279e-002
2.733093859529e-002
2.729352375071e-002
2.725678426100e-002
2.720833957993e-002
2.717296928335e-002
2.712372952946e-002
2.708915369385e-002
2.705578387350e-002
2.700644867859e-002
2.695675642734e-002
2.692538666100e-002
2.687601553333e-002
2.684648647200e-002
2.679742648336e-002
2.674801736627e-002
2.669880398520e-002
2.664978501985e-002
2.660149466672e-002
2.655339195077e-002
2.650600701762e-002
2.645880317869e-002
2.641283400994e-002
2.638649232221e-002
2.634131602140e-002
2.629682745579e-002
2.626916882150e-002
2.622597915866e-002
2.619796128256e-002
2.615657069313e-002
2.612768029313e-002
2.608755344010e-002
2.605882542936e-002
2.603016482677e-002
2.599239482614e-002
2.596338126739e-002
2.593443663053e-002
2.590505465502e-002
2.587069694819e-002
2.584197173444e-002
2.581281213594e-002
2.578422338382e-002
2.575520208708e-002
2.572674871113e-002
2.569786461836e-002
2.566954554628e-002
2.564129264874e-002
2.561310566705e-002
2.558498434405e-002
2.555742007105e-002
2.553040923153e-002
2.550345882649e-002
2.547168595481e-002
2.544486662520e-002
2.541810701644e-002
2.539237678002e-002
2.535896138744e-002
2.533384016868e-002
2.530877151590e-002
2.527462771687e-002
2.525064113908e-002
2.522670260212e-002
2.519231518516e-002
2.516944516509e-002
2.513522217259e-002
2.510015068808e-002
2.507887385034e-002
2.504396782868e-002
2.500869442460e-002
2.498898699997e-002
2.495434386138e-002
2.491980169257e-002
2.488582476801e-002
2.485148173589e-002
2.481723823231e-002
2.478401530637e-002
2.475088571651e-002
2.473206179794e-002
2.469907782414e-002
2.466664228276e-002
2.464704165811e-002
2.461520347919e-002
2.458435746888e-002
2.456398920315e-002
2.453372858976e-002
2.451344812463e-002
2.448421606350e-002
2.446357284943e-002
2.444251848856e-002
2.441480262420e-002
2.439383601498e-002
2.437290705866e-002
2.435157155339e-002
2.432540013333e-002
2.430459377698e-002
2.428338310917e-002
2.426221110737e-002
2.424063778522e-002
2.421954356977e-002
2.419804941596e-002
2.417703252051e-002
2.415561706110e-002
2.413511288769e-002
2.411377484895e-002
2.409291042584e-002
2.407208364299e-002
2.405172711711e-002
2.403140646991e-002
2.401112159839e-002
2.399130286327e-002
2.397151820367e-002
2.394747838542e-002
2.392819705171e-002
2.390894803783e-002
2.389015794576e-002
2.386543613173e-002
2.384671715993e-002
2.382887754491e-002
2.380344051874e-002
2.378566819989e-002
2.375990513947e-002
2.374304282157e-002
2.371737565721e-002
2.370099572110e-002
2.367500418587e-002
2.364865405516e-002
2.363362418620e-002
2.360736962207e-002
2.358159088793e-002
2.355545618906e-002
2.352938156688e-002
2.350336679827e-002
2.347782318300e-002
2.345192651571e-002
2.342690837304e-002
2.340153676107e-002
2.337703778479e-002
2.336277125808e-002
2.333794983396e-002
2.331399417161e-002
2.329899711020e-002
2.327552838596e-002
2.326017886070e-002
2.323719384513e-002
2.322149433883e-002
2.319939129945e-002
2.318374460962e-002
2.316771939824e-002
2.314652127339e-002
2.313015023892e-002
2.311420157010e-002
2.309787777837e-002
2.307800295969e-002
2.306173198228e-002
2.304548471066e-002
2.302926108940e-002
2.301266623497e-002
2.299649032237e-002
2.297876330221e-002
2.296263658556e-002
2.294653323834e-002
2.293084512521e-002
2.291478778752e-002
2.289875365831e-002
2.288313292036e-002
2.286753417171e-002
2.285001180189e-002
2.283445961620e-002
2.281854128608e-002
2.280303326537e-002
2.278793387312e-002
2.277285509836e-002
2.275393912691e-002
2.273890670853e-002
2.272427942796e-002
2.270967154128e-002
2.269048011607e-002
2.267629997748e-002
2.265640198828e-002
2.264226570643e-002
2.262891027079e-002
2.260871720449e-002
2.259540250630e-002
2.257527097799e-002
2.255517636807e-002
2.254268323190e-002
2.252227063276e-002
2.250151911457e-002
2.248984014411e-002
2.246952590815e-002
2.244924941055e-002
2.242863609996e-002
2.240843543853e-002
2.238827218016e-002
2.236777386267e-002
2.234805743260e-002
2.232800572460e-002
2.230836129011e-002
2.229725754264e-002
2.227766866773e-002
2.225848374802e-002
2.224669451444e-002
2.222793192673e-002
2.221580874840e-002
2.219746616339e-002
2.218501096969e-002
2.216708607371e-002
2.215466586488e-002
2.213715576736e-002
2.212440589627e-002
2.211167109678e-002
2.209495680542e-002
2.208189414004e-002
2.206920951822e-002
2.205328434313e-002
2.204027218903e-002
2.202763658243e-002
2.201465545920e-002
2.200169002517e-002
2.198874025033e-002
2.197544704576e-002
2.196145312623e-002
2.194891003596e-002
2.193602389312e-002
2.192315325820e-002
2.191029810170e-002
2.189781484439e-002
2.188534616274e-002
2.187253641101e-002
2.185867651556e-002
2.184625346839e-002
2.183349056728e-002
2.182109683505e-002
2.180907100880e-002
2.179670566115e-002
2.178188619519e-002
2.176990459753e-002
2.175793649598e-002
2.174598186657e-002
2.173053112910e-002
2.171895782512e-002
2.170319637741e-002
2.169200248142e-002
2.168082040270e-002
2.166476682839e-002
2.165396183642e-002
2.163760110238e-002
2.162717130597e-002
2.161085196685e-002
2.159421140277e-002
2.158451651233e-002
2.156791740776e-002
2.155134440436e-002
2.154203353593e-002
2.152584534559e-002
2.150933839250e-002
2.149285731287e-002
2.147640204292e-002
2.146031453869e-002
2.144391016328e-002
2.142787237204e-002
2.141901093393e-002
2.140301117924e-002
2.138703583883e-002
2.137142398365e-002
2.136193251462e-002
2.134635807628e-002
2.133688933982e-002
2.132135217759e-002
2.130651216118e-002
2.129674277438e-002
2.128630975198e-002
2.127185541478e-002
2.126178286174e-002
2.124736251362e-002
2.123731363012e-002
2.122660551436e-002
2.121323586557e-002
2.120288620978e-002
2.119221350375e-002
2.118155176140e-002
2.116890515797e-002
2.115826733721e-002
2.114764042402e-002
2.113735598692e-002
2.112641925027e-002
2.111582495478e-002
2.110524149700e-002
2.109466885957e-002
2.108377714171e-002
2.107322642981e-002
2.106268648587e-002
2.105215729268e-002
2.104163883308e-002
2.103113108994e-002
2.102063404617e-002
2.101014768474e-002
2.099999919287e-002
2.098986069472e-002
2.097973217491e-002
2.096765633719e-002
2.095754965158e-002
2.094745289537e-002
2.093769128072e-002
2.092501503983e-002
2.091527472801e-002
2.090586787600e-002
2.089290705196e-002
2.088319717834e-002
2.087414292525e-002
2.086089933918e-002
2.085186477611e-002
2.083864997289e-002
2.082963503300e-002
2.081644891498e-002
2.080777465907e-002
2.079429600181e-002
2.078051484155e-002
2.077251108992e-002
2.075907891593e-002
2.074534524664e-002
2.073163007257e-002
2.071793335487e-002
2.070425505482e-002
2.069059513378e-002
2.067695355328e-002
2.066333027491e-002
2.065004144895e-002
2.063677001169e-002
2.062351592768e-002
2.061563481629e-002
2.060272305703e-002
2.058982774807e-002
2.058165874385e-002
2.056879024690e-002
2.056063821786e-002
2.054810946588e-002
2.053997410499e-002
2.052747095547e-002
2.051904008072e-002
2.050718633381e-002
2.049846090542e-002
2.048974302686e-002
2.047823453571e-002
2.046953414436e-002
2.046084126915e-002
2.044967574315e-002
2.044100000976e-002
2.043202231728e-002
2.042305264070e-002
2.041285550380e-002
2.040390292736e-002
2.039526663355e-002
2.038632973350e-002
2.037740079277e-002
2.036847980035e-002
2.035956674523e-002
2.035096855802e-002
2.034207107185e-002
2.033318149049e-002
2.032429980304e-002
2.031542599861e-002
2.030686565719e-002
2.029800731529e-002
2.028946188300e-002
2.028092375973e-002
2.027239293575e-002
2.026234810802e-002
2.025383315255e-002
2.024532546565e-002
2.023712849950e-002
2.022651283437e-002
2.021833133490e-002
2.021015655676e-002
2.020198849137e-002
2.019110816480e-002
2.018325755208e-002
2.017209621156e-002
2.016456186063e-002
2.015673219725e-002
2.014560062505e-002
2.013808635851e-002
2.012697568552e-002
2.011557767598e-002
2.010838568490e-002
2.009670983040e-002
2.008983052161e-002
2.007847517788e-002
2.006683455321e-002
2.005550557904e-002
2.004389196913e-002
2.003764414053e-002
000000000000
