  2.0709979e-002
  2.0696311e-002
  2.0682662e-002
  2.0669031e-002
  2.0655418e-002
  2.0641824e-002
  2.0628563e-002
  2.0620993e-002
  2.0607760e-002
  2.0594544e-002
  2.0586685e-002
  2.0573810e-002
  2.0560952e-002
  2.0552806e-002
  2.0544354e-002
  2.0531845e-002
  2.0523411e-002
  2.0511240e-002
  2.0502511e-002
  2.0490677e-002
  2.0481966e-002
  2.0473262e-002
  2.0462083e-002
  2.0453086e-002
  2.0444407e-002
  2.0435427e-002
  2.0426454e-002
  2.0415944e-002
  2.0406989e-002
  2.0398042e-002
  2.0389102e-002
  2.0380171e-002
  2.0371248e-002
  2.0362332e-002
  2.0353117e-002
  2.0344218e-002
  2.0335327e-002
  2.0326443e-002
  2.0317567e-002
  2.0308699e-002
  2.0299839e-002
  2.0290987e-002
  2.0282448e-002
  2.0273611e-002
  2.0263565e-002
  2.0255049e-002
  2.0246540e-002
  2.0238039e-002
  2.0229545e-002
  2.0218937e-002
  2.0210762e-002
  2.0202593e-002
  2.0191410e-002
  2.0183559e-002
  2.0175715e-002
  2.0164562e-002
  2.0156732e-002
  2.0145300e-002
  2.0137786e-002
  2.0126375e-002
  2.0119176e-002
  2.0107487e-002
  2.0095812e-002
  2.0088934e-002
  2.0077281e-002
  2.0065641e-002
  2.0054016e-002
  2.0047464e-002
  0.0000000e+000
  0.0000000e+000
 -2.1514910e-002
 -2.1531081e-002
 -2.1547623e-002
 -2.1556938e-002
 -2.1573174e-002
 -2.1589782e-002
 -2.1606069e-002
 -2.1616130e-002
 -2.1632110e-002
 -2.1642893e-002
 -2.1658913e-002
 -2.1669723e-002
 -2.1685435e-002
 -2.1696622e-002
 -2.1708171e-002
 -2.1723589e-002
 -2.1735168e-002
 -2.1747110e-002
 -2.1762233e-002
 -2.1774206e-002
 -2.1786192e-002
 -2.1801018e-002
 -2.1813035e-002
 -2.1825419e-002
 -2.1837463e-002
 -2.1849876e-002
 -2.1862659e-002
 -2.1876168e-002
 -2.1888626e-002
 -2.1901098e-002
 -2.1913942e-002
 -2.1926445e-002
 -2.1938961e-002
 -2.1951851e-002
 -2.1964398e-002
 -2.1976959e-002
 -2.1991333e-002
 -2.2004285e-002
 -2.2016894e-002
 -2.2029877e-002
 -2.2045407e-002
 -2.2058063e-002
 -2.2071097e-002
 -2.2083784e-002
 -2.2100481e-002
 -2.2113202e-002
 -2.2125575e-002
 -2.2143066e-002
 -2.2155473e-002
 -2.2173378e-002
 -2.2185820e-002
 -2.2197910e-002
 -2.2216253e-002
 -2.2228009e-002
 -2.2246772e-002
 -2.2265936e-002
 -2.2277377e-002
 -2.2296595e-002
 -2.2316219e-002
 -2.2335877e-002
 -2.2347021e-002
 -2.2366735e-002
 -2.2386485e-002
 -2.2406645e-002
 -2.2426843e-002
 -2.2437330e-002
 -2.2457960e-002
 -2.2478253e-002
 -2.2498960e-002
 -2.2519329e-002
 -2.2539358e-002
 -2.2551847e-002
 -2.2571936e-002
 -2.2584842e-002
 -2.2604991e-002
 -2.2618318e-002
 -2.2638147e-002
 -2.2651896e-002
 -2.2671403e-002
 -2.2685576e-002
 -2.2700152e-002
 -2.2719361e-002
 -2.2733981e-002
 -2.2748621e-002
 -2.2763667e-002
 -2.2782213e-002
 -2.2797305e-002
 -2.2812805e-002
 -2.2828326e-002
 -2.2843870e-002
 -2.2859825e-002
 -2.2875413e-002
 -2.2892194e-002
 -2.2908219e-002
 -2.2923875e-002
 -2.2939945e-002
 -2.2955646e-002
 -2.2972943e-002
 -2.2989085e-002
 -2.3005250e-002
 -2.3021834e-002
 -2.3038047e-002
 -2.3054283e-002
 -2.3070146e-002
 -2.3090007e-002
 -2.3106319e-002
 -2.3122257e-002
 -2.3138217e-002
 -2.3159399e-002
 -2.3175413e-002
 -2.3197468e-002
 -2.3213536e-002
 -2.3236070e-002
 -2.3251790e-002
 -2.3275209e-002
 -2.3290579e-002
 -2.3305565e-002
 -2.3329503e-002
 -2.3353898e-002
 -2.3368561e-002
 -2.3393042e-002
 -2.3417985e-002
 -2.3443394e-002
 -2.3468860e-002
 -2.3494795e-002
 -2.3520790e-002
 -2.3546845e-002
 -2.3572960e-002
 -2.3599135e-002
 -2.3624953e-002
 -2.3650831e-002
 -2.3676767e-002
 -2.3692693e-002
 -2.3718305e-002
 -2.3735130e-002
 -2.3760838e-002
 -2.3777726e-002
 -2.3803106e-002
 -2.3820905e-002
 -2.3845956e-002
 -2.3864248e-002
 -2.3882996e-002
 -2.3907328e-002
 -2.3926147e-002
 -2.3945424e-002
 -2.3964735e-002
 -2.3984508e-002
 -2.4007763e-002
 -2.4027610e-002
 -2.4047924e-002
 -2.4067840e-002
 -2.4088225e-002
 -2.4109081e-002
 -2.4129539e-002
 -2.4150470e-002
 -2.4171439e-002
 -2.4192008e-002
 -2.4213052e-002
 -2.4234134e-002
 -2.4255255e-002
 -2.4275973e-002
 -2.4296728e-002
 -2.4321949e-002
 -2.4343230e-002
 -2.4364106e-002
 -2.4385019e-002
 -2.4412218e-002
 -2.4433217e-002
 -2.4453807e-002
 -2.4482514e-002
 -2.4503191e-002
 -2.4532921e-002
 -2.4553235e-002
 -2.4583547e-002
 -2.4603495e-002
 -2.4634847e-002
 -2.4654427e-002
 -2.4686372e-002
 -2.4718862e-002
 -2.4751901e-002
 -2.4785495e-002
 -2.4819646e-002
 -2.4837222e-002
 -2.4871059e-002
 -2.4905459e-002
 -2.4939492e-002
 -2.4974092e-002
 -2.4993306e-002
 -2.5028533e-002
 -2.5062922e-002
 -2.5084171e-002
 -2.5119195e-002
 -2.5153372e-002
 -2.5176211e-002
 -2.5210552e-002
 -2.5233980e-002
 -2.5268007e-002
 -2.5292029e-002
 -2.5317062e-002
 -2.5350361e-002
 -2.5375517e-002
 -2.5401696e-002
 -2.5433771e-002
 -2.5460078e-002
 -2.5486443e-002
 -2.5513355e-002
 -2.5540818e-002
 -2.5568345e-002
 -2.5596427e-002
 -2.5626059e-002
 -2.5653780e-002
 -2.5681566e-002
 -2.5709415e-002
 -2.5737828e-002
 -2.5767808e-002
 -2.5796859e-002
 -2.5825981e-002
 -2.5855172e-002
 -2.5883928e-002
 -2.5912753e-002
 -2.5941646e-002
 -2.5977732e-002
 -2.6006269e-002
 -2.6035385e-002
 -2.6073802e-002
 -2.6102565e-002
 -2.6130881e-002
 -2.6171667e-002
 -2.6213628e-002
 -2.6241682e-002
 -2.6284927e-002
 -2.6312621e-002
 -2.6357167e-002
 -2.6402401e-002
 -2.6428777e-002
 -2.6475336e-002
 -2.6522071e-002
 -2.6569518e-002
 -2.6617683e-002
 -2.6666037e-002
 -2.6715120e-002
 -2.6763856e-002
 -2.6813328e-002
 -2.6861904e-002
 -2.6891470e-002
 -2.6940902e-002
 -2.6989979e-002
 -2.7022065e-002
 -2.7070906e-002
 -2.7104316e-002
 -2.7152920e-002
 -2.7187111e-002
 -2.7223084e-002
 -2.7270456e-002
 -2.7307235e-002
 -2.7344691e-002
 -2.7382258e-002
 -2.7421082e-002
 -2.7466910e-002
 -2.7505995e-002
 -2.7545779e-002
 -2.7585688e-002
 -2.7626305e-002
 -2.7667635e-002
 -2.7709101e-002
 -2.7750703e-002
 -2.7793030e-002
 -2.7834908e-002
 -2.7876924e-002
 -2.7919674e-002
 -2.7961971e-002
 -2.8012793e-002
 -2.8056002e-002
 -2.8099357e-002
 -2.8142254e-002
 -2.8198662e-002
 -2.8241284e-002
 -2.8284048e-002
 -2.8344772e-002
 -2.8387266e-002
 -2.8450341e-002
 -2.8491942e-002
 -2.8557408e-002
 -2.8625092e-002
 -2.8666000e-002
 -2.8735525e-002
 -2.8806063e-002
 -2.8845630e-002
 -2.8916771e-002
 -2.8952166e-002
 -2.8989596e-002
 -2.9063482e-002
 -2.9103190e-002
 -2.9179692e-002
 -2.9255985e-002
 -2.9333390e-002
 -2.9409921e-002
 -2.9458065e-002
 -2.9535331e-002
 -2.9586644e-002
 -2.9664672e-002
 -2.9718543e-002
 -2.9795985e-002
 -2.9851778e-002
 -2.9909888e-002
 -2.9986373e-002
 -3.0046480e-002
 -3.0107565e-002
 -3.0170348e-002
 -3.0234851e-002
 -3.0308240e-002
 -3.0373418e-002
 -3.0438917e-002
 -3.0506191e-002
 -3.0573806e-002
 -3.0642499e-002
 -3.0711547e-002
 -3.0781694e-002
 -3.0851468e-002
 -3.0933582e-002
 -3.1006412e-002
 -3.1079640e-002
 -3.1152508e-002
 -3.1225009e-002
 -3.1321004e-002
 -3.1395196e-002
 -3.1468240e-002
 -3.1572270e-002
 -3.1646281e-002
 -3.1756472e-002
 -3.1829900e-002
 -3.1946443e-002
 -3.2066439e-002
 -3.2138294e-002
 -3.2263308e-002
 -3.2391982e-002
 -3.2523567e-002
 -3.2658132e-002
 -3.2795751e-002
 -3.2935636e-002
 -3.3076960e-002
 -3.3218868e-002
 -3.3307751e-002
 -3.3452970e-002
 -3.3549731e-002
 -3.3697532e-002
 -3.3801570e-002
 -3.3950230e-002
 -3.4060897e-002
 -3.4175300e-002
 -3.4324198e-002
 -3.4444666e-002
 -3.4568137e-002
 -3.4714402e-002
 -3.4842282e-002
 -3.4972346e-002
 -3.5106670e-002
 -3.5243317e-002
 -3.5383374e-002
 -3.5525883e-002
 -3.5670903e-002
 -3.5817426e-002
 -3.5992470e-002
 -3.6147836e-002
 -3.6304921e-002
 -3.6508507e-002
 -3.6673042e-002
 -3.6837200e-002
 -3.7070695e-002
 -3.7240676e-002
 -3.7496471e-002
 -3.7667936e-002
 -3.7945093e-002
 -3.8240274e-002
 -3.8414415e-002
 -3.8727186e-002
 -3.9057455e-002
 -3.9402133e-002
 -3.9760626e-002
 -4.0133707e-002
 -4.0517792e-002
 -4.0759921e-002
 -4.1171249e-002
 -4.1449160e-002
 -4.1884569e-002
 -4.2202101e-002
 -4.2656137e-002
 -4.3008981e-002
 -4.3387625e-002
 -4.3790050e-002
 -4.4279538e-002
 -4.4718626e-002
 -4.5183676e-002
 -4.5674410e-002
 -4.6190476e-002
 -4.6733595e-002
 -4.7303408e-002
 -4.7901748e-002
 -4.8673138e-002
 -4.9357622e-002
 -5.0071108e-002
 -5.1111519e-002
 -5.1920924e-002
 -5.3217058e-002
 -5.4126772e-002
 -5.5719798e-002
 -5.7573434e-002
 -5.9727526e-002
 -6.2225661e-002
 -6.5103641e-002
 -6.8397199e-002
 -7.0830905e-002
 -7.5026194e-002
 -7.8523881e-002
 -8.2710919e-002
 -8.8401426e-002
 -9.3953008e-002
 -1.0032419e-001
 -1.0741720e-001
 -1.1717466e-001
 -1.2552365e-001
 -1.3666137e-001
 -1.4351653e-001
 -1.3903881e-001
 -1.2245405e-001
 -1.0590117e-001
 -8.1942680e-002
 -6.3229938e-002
 -4.5797481e-002
 -3.0709534e-002
 -1.8461476e-002
 -9.2627792e-003
 -3.1931872e-003
 -2.8029892e-004
  5.3145944e-004
  3.9536641e-003
  1.0553344e-002
  2.0339224e-002
  3.3298600e-002
  4.9224432e-002
  6.7580697e-002
  8.7119099e-002
  1.1210362e-001
  1.2791063e-001
  1.4190666e-001
  1.4207816e-001
  1.3250563e-001
  1.2405663e-001
  1.1462198e-001
  1.0538009e-001
  9.7113210e-002
  9.0083051e-002
  8.4280060e-002
  7.9519555e-002
  7.5622908e-002
  7.1055166e-002
  6.8423621e-002
  6.4924298e-002
  6.3175283e-002
  6.0510653e-002
  5.8220939e-002
  5.6249629e-002
  5.4563327e-002
  5.3619317e-002
  5.2248322e-002
  5.1408799e-002
  5.0593073e-002
  4.9572349e-002
  4.8862782e-002
  4.8179855e-002
  4.7526633e-002
  4.6903433e-002
  4.6287117e-002
  4.5753771e-002
  4.5248787e-002
  4.4725929e-002
  4.4258529e-002
  4.3816980e-002
  4.3405002e-002
  4.3017280e-002
  4.2537668e-002
  4.2191888e-002
  4.1868122e-002
  4.1425348e-002
  4.1141722e-002
  4.0722218e-002
  4.0314037e-002
  4.0087512e-002
  3.9709983e-002
  3.9345883e-002
  3.8997177e-002
  3.8665643e-002
  3.8350352e-002
  3.8051704e-002
  3.7876895e-002
  3.7598610e-002
  3.7424378e-002
  3.7169849e-002
  3.6998379e-002
  3.6766050e-002
  3.6600447e-002
  3.6435627e-002
  3.6270488e-002
  3.6075689e-002
  3.5920032e-002
  3.5765002e-002
  3.5612706e-002
  3.5463075e-002
  3.5316045e-002
  3.5171555e-002
  3.5030553e-002
  3.4892953e-002
  3.4758671e-002
  3.4628607e-002
  3.4476440e-002
  3.4350890e-002
  3.4229320e-002
  3.4112583e-002
  3.3959378e-002
  3.3848588e-002
  3.3695505e-002
  3.3592258e-002
  3.3493392e-002
  3.3345066e-002
  3.3196550e-002
  3.3110138e-002
  3.2965863e-002
  3.2823950e-002
  3.2683491e-002
  3.2546147e-002
  3.2411840e-002
  3.2280497e-002
  3.2153686e-002
  3.2031296e-002
  3.1957579e-002
  3.1839339e-002
  3.1765063e-002
  3.1652433e-002
  3.1577603e-002
  3.1471193e-002
  3.1396583e-002
  3.1320842e-002
  3.1224083e-002
  3.1150065e-002
  3.1075697e-002
  3.1001738e-002
  3.0916214e-002
  3.0844615e-002
  3.0773398e-002
  3.0702558e-002
  3.0632092e-002
  3.0562724e-002
  3.0493716e-002
  3.0426505e-002
  3.0359632e-002
  3.0293808e-002
  3.0219079e-002
  3.0153947e-002
  3.0090538e-002
  3.0028832e-002
  2.9950710e-002
  2.9891036e-002
  2.9832320e-002
  2.9753294e-002
  2.9697234e-002
  2.9617657e-002
  2.9564196e-002
  2.9484748e-002
  2.9435168e-002
  2.9355831e-002
  2.9309385e-002
  2.9232122e-002
  2.9154658e-002
  2.9078303e-002
  2.9002392e-002
  2.8926923e-002
  2.8853168e-002
  2.8781102e-002
  2.8710067e-002
  2.8669020e-002
  2.8599851e-002
  2.8532298e-002
  2.8489945e-002
  2.8424820e-002
  2.8381586e-002
  2.8319460e-002
  2.8276578e-002
  2.8232620e-002
  2.8174242e-002
  2.8130633e-002
  2.8086570e-002
  2.8042057e-002
  2.7989324e-002
  2.7946340e-002
  2.7902907e-002
  2.7859621e-002
  2.7815892e-002
  2.7772901e-002
  2.7730055e-002
  2.7687353e-002
  2.7645376e-002
  2.7603538e-002
  2.7562415e-002
  2.7521427e-002
  2.7481145e-002
  2.7441564e-002
  2.7394686e-002
  2.7355375e-002
  2.7316753e-002
  2.7279380e-002
  2.7230286e-002
  2.7193730e-002
  2.7158401e-002
  2.7108661e-002
  2.7074126e-002
  2.7024165e-002
  2.6990968e-002
  2.6940787e-002
  2.6909457e-002
  2.6859602e-002
  2.6809401e-002
  2.6759402e-002
  2.6731772e-002
  2.6682622e-002
  2.6633667e-002
  2.6584905e-002
  2.6536866e-002
  2.6489545e-002
  2.6442932e-002
  2.6416526e-002
  2.6370189e-002
  2.6325072e-002
  2.6297350e-002
  2.6253541e-002
  2.6224940e-002
  2.6182423e-002
  2.6153472e-002
  2.6112746e-002
  2.6083445e-002
  2.6054215e-002
  2.6015349e-002
  2.5986281e-002
  2.5956774e-002
  2.5926831e-002
  2.5896962e-002
  2.5862123e-002
  2.5832412e-002
  2.5803275e-002
  2.5773708e-002
  2.5744711e-002
  2.5715286e-002
  2.5685933e-002
  2.5657146e-002
  2.5628427e-002
  2.5599777e-002
  2.5571687e-002
  2.5543662e-002
  2.5515702e-002
  2.5488295e-002
  2.5456075e-002
  2.5428804e-002
  2.5402080e-002
  2.5375900e-002
  2.5342047e-002
  2.5316479e-002
  2.5291447e-002
  2.5256873e-002
  2.5232443e-002
  2.5197562e-002
  2.5174206e-002
  2.5138545e-002
  2.5116252e-002
  2.5080764e-002
  2.5059521e-002
  2.5024202e-002
  2.4988987e-002
  2.4953876e-002
  2.4934726e-002
  2.4900241e-002
  2.4865857e-002
  2.4831571e-002
  2.4797386e-002
  2.4763758e-002
  2.4730686e-002
  2.4711894e-002
  2.4678966e-002
  2.4647042e-002
  2.4627019e-002
  2.4595688e-002
  2.4575301e-002
  2.4544559e-002
  2.4524260e-002
  2.4494551e-002
  2.4473441e-002
  2.4452369e-002
  2.4424183e-002
  2.4402753e-002
  2.4381363e-002
  2.4354681e-002
  2.4333378e-002
  2.4312115e-002
  2.4290891e-002
  2.4269264e-002
  2.4247678e-002
  2.4226131e-002
  2.4204625e-002
  2.4182721e-002
  2.4161295e-002
  2.4139908e-002
  2.4118562e-002
  2.4097254e-002
  2.4076419e-002
  2.4055622e-002
  2.4034863e-002
  2.4014572e-002
  2.3994317e-002
  2.3974097e-002
  2.3954342e-002
  2.3930338e-002
  2.3910658e-002
  2.3891438e-002
  2.3866288e-002
  2.3847567e-002
  2.3829302e-002
  2.3803441e-002
  2.3785668e-002
  2.3759483e-002
  2.3742200e-002
  2.3716115e-002
  2.3699317e-002
  2.3672911e-002
  2.3657013e-002
  2.3631121e-002
  2.3604872e-002
  2.3578269e-002
  2.3551728e-002
  2.3538066e-002
  2.3512032e-002
  2.3486469e-002
  2.3460963e-002
  2.3435515e-002
  2.3421584e-002
  2.3396224e-002
  2.3371329e-002
  2.3356663e-002
  2.3331855e-002
  2.3307912e-002
  2.3292518e-002
  2.3268659e-002
  2.3253319e-002
  2.3229945e-002
  2.3214256e-002
  2.3191766e-002
  2.3175729e-002
  2.3159715e-002
  2.3143325e-002
  2.3122173e-002
  2.3105838e-002
  2.3089526e-002
  2.3069269e-002
  2.3053011e-002
  2.3036776e-002
  2.3020170e-002
  2.3003589e-002
  2.2987426e-002
  2.2970894e-002
  2.2954386e-002
  2.2937902e-002
  2.2921443e-002
  2.2905008e-002
  2.2888598e-002
  2.2872601e-002
  2.2856239e-002
  2.2840289e-002
  2.2824751e-002
  2.2808846e-002
  2.2790643e-002
  2.2774787e-002
  2.2759340e-002
  2.2744301e-002
  2.2729281e-002
  2.2710056e-002
  2.2695083e-002
  2.2680897e-002
  2.2660991e-002
  2.2646848e-002
  2.2626622e-002
  2.2612905e-002
  2.2592361e-002
  2.2579067e-002
  2.2558586e-002
  2.2545711e-002
  2.2525292e-002
  2.2504535e-002
  2.2492476e-002
  2.2472157e-002
  2.2451500e-002
  2.2430883e-002
  2.2410304e-002
  2.2389764e-002
  2.2369263e-002
  2.2349173e-002
  2.2329119e-002
  2.2309102e-002
  2.2289492e-002
  2.2278038e-002
  2.2258852e-002
  2.2246695e-002
  2.2227564e-002
  2.2215442e-002
  2.2196733e-002
  2.2178423e-002
  2.2165990e-002
  2.2153571e-002
  2.2135698e-002
  2.2122950e-002
  2.2110217e-002
  2.2093142e-002
  2.2080444e-002
  2.2067399e-002
  2.2051115e-002
  2.2038105e-002
  2.2025111e-002
  2.2012133e-002
  2.1999171e-002
  2.1985865e-002
  2.1972575e-002
  2.1959660e-002
  2.1946403e-002
  2.1932805e-002
  2.1919938e-002
  2.1907087e-002
  2.1894251e-002
  2.1881786e-002
  2.1868981e-002
  2.1855126e-002
  2.1842352e-002
  2.1829594e-002
  2.1817205e-002
  2.1804830e-002
  2.1792469e-002
  2.1777303e-002
  2.1765327e-002
  2.1753364e-002
  2.1737903e-002
  2.1725970e-002
  2.1714402e-002
  2.1698298e-002
  2.1687109e-002
  2.1670697e-002
  2.1659537e-002
  2.1643168e-002
  2.1632385e-002
  2.1616058e-002
  2.1605649e-002
  2.1589017e-002
  2.1572410e-002
  2.1562736e-002
  2.1545826e-002
  2.1529288e-002
  2.1512431e-002
  2.1495946e-002
  2.1479143e-002
  2.1462709e-002
  2.1445959e-002
  2.1429577e-002
  2.1413561e-002
  2.1397230e-002
  2.1388055e-002
  2.1372102e-002
  2.1356513e-002
  2.1346696e-002
  2.1331145e-002
  2.1321352e-002
  2.1306175e-002
  2.1295733e-002
  2.1280929e-002
  2.1270848e-002
  2.1256415e-002
  2.1246022e-002
  2.1235305e-002
  2.1221590e-002
  2.1210898e-002
  2.1200217e-002
  2.1189547e-002
  2.1178888e-002
  2.1167907e-002
  2.1155277e-002
  2.1144654e-002
  2.1133709e-002
  2.1122776e-002
  2.1112186e-002
  2.1101275e-002
  2.1090377e-002
  2.1079490e-002
  2.1068614e-002
  2.1058079e-002
  2.1047225e-002
  2.1036384e-002
  2.1025881e-002
  2.1015390e-002
  2.1004909e-002
  2.0994438e-002
  2.0983978e-002
  2.0971898e-002
  2.0961461e-002
  2.0951360e-002
  2.0941269e-002
  2.0931514e-002
  2.0918520e-002
  2.0908786e-002
  2.0899061e-002
  2.0886109e-002
  2.0876406e-002
  2.0863159e-002
  2.0853800e-002
  2.0844772e-002
  2.0831244e-002
  2.0817735e-002
  2.0809059e-002
  2.0795258e-002
  2.0786922e-002
  2.0773151e-002
  2.0759079e-002
  2.0751411e-002
  2.0737688e-002
  2.0723983e-002
  2.0709979e-002
