  2.0581345e-002
  2.0568790e-002
  2.0560638e-002
  2.0552493e-002
  2.0539974e-002
  2.0528096e-002
  2.0519664e-002
  2.0511240e-002
  2.0499395e-002
  2.0490677e-002
  2.0481966e-002
  2.0470777e-002
  2.0462083e-002
  2.0453396e-002
  2.0444407e-002
  2.0435736e-002
  2.0424908e-002
  2.0415944e-002
  2.0407298e-002
  2.0398350e-002
  2.0389411e-002
  2.0380479e-002
  2.0371555e-002
  2.0362639e-002
  2.0353731e-002
  2.0344525e-002
  2.0335633e-002
  2.0326749e-002
  2.0317873e-002
  2.0309005e-002
  2.0300450e-002
  2.0291598e-002
  2.0283058e-002
  2.0274220e-002
  2.0265695e-002
  2.0255657e-002
  2.0247148e-002
  2.0238646e-002
  2.0230454e-002
  2.0219543e-002
  2.0211367e-002
  2.0203198e-002
  2.0195338e-002
  2.0184163e-002
  2.0176318e-002
  2.0165164e-002
  2.0157635e-002
  2.0146202e-002
  2.0138687e-002
  2.0127276e-002
  2.0120075e-002
  2.0108386e-002
  2.0097009e-002
  2.0089831e-002
  2.0078475e-002
  2.0066835e-002
  2.0054910e-002
  2.0048655e-002
  2.0037049e-002
  0.0000000e+000
  0.0000000e+000
 -2.1516285e-002
 -2.1525229e-002
 -2.1541761e-002
 -2.1558319e-002
 -2.1574557e-002
 -2.1584589e-002
 -2.1600868e-002
 -2.1617519e-002
 -2.1627592e-002
 -2.1643937e-002
 -2.1654732e-002
 -2.1670770e-002
 -2.1681942e-002
 -2.1698021e-002
 -2.1709222e-002
 -2.1724641e-002
 -2.1736221e-002
 -2.1748164e-002
 -2.1763289e-002
 -2.1775263e-002
 -2.1787251e-002
 -2.1799252e-002
 -2.1813742e-002
 -2.1826127e-002
 -2.1838527e-002
 -2.1850941e-002
 -2.1863369e-002
 -2.1875812e-002
 -2.1888626e-002
 -2.1901455e-002
 -2.1914299e-002
 -2.1927159e-002
 -2.1940035e-002
 -2.1952926e-002
 -2.1965832e-002
 -2.1978754e-002
 -2.1991692e-002
 -2.2004646e-002
 -2.2017254e-002
 -2.2030238e-002
 -2.2045407e-002
 -2.2058425e-002
 -2.2071097e-002
 -2.2087411e-002
 -2.2100481e-002
 -2.2113202e-002
 -2.2125575e-002
 -2.2143066e-002
 -2.2155473e-002
 -2.2173013e-002
 -2.2185454e-002
 -2.2203776e-002
 -2.2215886e-002
 -2.2234628e-002
 -2.2246404e-002
 -2.2265567e-002
 -2.2284765e-002
 -2.2296225e-002
 -2.2315477e-002
 -2.2335506e-002
 -2.2355200e-002
 -2.2375302e-002
 -2.2395814e-002
 -2.2415991e-002
 -2.2436581e-002
 -2.2456834e-002
 -2.2477124e-002
 -2.2497829e-002
 -2.2517819e-002
 -2.2529906e-002
 -2.2550333e-002
 -2.2563214e-002
 -2.2583323e-002
 -2.2596623e-002
 -2.2616794e-002
 -2.2630516e-002
 -2.2650367e-002
 -2.2664514e-002
 -2.2678679e-002
 -2.2698233e-002
 -2.2712826e-002
 -2.2727823e-002
 -2.2746694e-002
 -2.2761737e-002
 -2.2777187e-002
 -2.2792659e-002
 -2.2808152e-002
 -2.2826385e-002
 -2.2841926e-002
 -2.2857489e-002
 -2.2873463e-002
 -2.2889461e-002
 -2.2905481e-002
 -2.2921525e-002
 -2.2937984e-002
 -2.2954075e-002
 -2.2970583e-002
 -2.2986721e-002
 -2.3003277e-002
 -2.3019463e-002
 -2.3038047e-002
 -2.3054679e-002
 -2.3071337e-002
 -2.3087622e-002
 -2.3103931e-002
 -2.3124649e-002
 -2.3141012e-002
 -2.3156999e-002
 -2.3173009e-002
 -2.3195060e-002
 -2.3210723e-002
 -2.3233654e-002
 -2.3249370e-002
 -2.3272784e-002
 -2.3288151e-002
 -2.3312052e-002
 -2.3327066e-002
 -2.3351457e-002
 -2.3376308e-002
 -2.3390591e-002
 -2.3415529e-002
 -2.3440932e-002
 -2.3466393e-002
 -2.3492322e-002
 -2.3518312e-002
 -2.3544361e-002
 -2.3556786e-002
 -2.3582509e-002
 -2.3596639e-002
 -2.3622869e-002
 -2.3648742e-002
 -2.3664210e-002
 -2.3690596e-002
 -2.3716203e-002
 -2.3733026e-002
 -2.3758728e-002
 -2.3776036e-002
 -2.3801412e-002
 -2.3819209e-002
 -2.3844256e-002
 -2.3862545e-002
 -2.3881290e-002
 -2.3905619e-002
 -2.3924435e-002
 -2.3943710e-002
 -2.3963446e-002
 -2.3987089e-002
 -2.4006470e-002
 -2.4026315e-002
 -2.4046626e-002
 -2.4066541e-002
 -2.4087357e-002
 -2.4107777e-002
 -2.4128668e-002
 -2.4149597e-002
 -2.4170127e-002
 -2.4191132e-002
 -2.4212174e-002
 -2.4233255e-002
 -2.4254374e-002
 -2.4275532e-002
 -2.4296286e-002
 -2.4321506e-002
 -2.4342786e-002
 -2.4364106e-002
 -2.4385019e-002
 -2.4412218e-002
 -2.4433217e-002
 -2.4453807e-002
 -2.4482514e-002
 -2.4503191e-002
 -2.4532921e-002
 -2.4553687e-002
 -2.4584000e-002
 -2.4604403e-002
 -2.4635757e-002
 -2.4668107e-002
 -2.4687286e-002
 -2.4719778e-002
 -2.4753280e-002
 -2.4786877e-002
 -2.4821033e-002
 -2.4838610e-002
 -2.4872916e-002
 -2.4906856e-002
 -2.4925494e-002
 -2.4960521e-002
 -2.4995651e-002
 -2.5030415e-002
 -2.5065281e-002
 -2.5086534e-002
 -2.5121565e-002
 -2.5156224e-002
 -2.5178593e-002
 -2.5212941e-002
 -2.5236851e-002
 -2.5270887e-002
 -2.5294915e-002
 -2.5319954e-002
 -2.5353261e-002
 -2.5378907e-002
 -2.5404609e-002
 -2.5430852e-002
 -2.5463492e-002
 -2.5489864e-002
 -2.5516784e-002
 -2.5544256e-002
 -2.5572282e-002
 -2.5599881e-002
 -2.5628037e-002
 -2.5657250e-002
 -2.5685540e-002
 -2.5714395e-002
 -2.5743318e-002
 -2.5772311e-002
 -2.5801374e-002
 -2.5830003e-002
 -2.5859204e-002
 -2.5887970e-002
 -2.5923390e-002
 -2.5952816e-002
 -2.5981805e-002
 -2.6010862e-002
 -2.6049201e-002
 -2.6078420e-002
 -2.6118517e-002
 -2.6147385e-002
 -2.6175805e-002
 -2.6217780e-002
 -2.6246363e-002
 -2.6289625e-002
 -2.6334087e-002
 -2.6361368e-002
 -2.6407145e-002
 -2.6453622e-002
 -2.6500806e-002
 -2.6526328e-002
 -2.6573791e-002
 -2.6621974e-002
 -2.6670883e-002
 -2.6719444e-002
 -2.6768197e-002
 -2.6817142e-002
 -2.6846055e-002
 -2.6895856e-002
 -2.6945306e-002
 -2.6976174e-002
 -2.7025943e-002
 -2.7058678e-002
 -2.7108220e-002
 -2.7142289e-002
 -2.7191041e-002
 -2.7226462e-002
 -2.7262548e-002
 -2.7310069e-002
 -2.7347533e-002
 -2.7385679e-002
 -2.7423941e-002
 -2.7463467e-002
 -2.7508874e-002
 -2.7548089e-002
 -2.7588006e-002
 -2.7628630e-002
 -2.7669968e-002
 -2.7710856e-002
 -2.7752463e-002
 -2.7794208e-002
 -2.7836680e-002
 -2.7878702e-002
 -2.7926812e-002
 -2.7970327e-002
 -2.8013392e-002
 -2.8056603e-002
 -2.8099960e-002
 -2.8154969e-002
 -2.8198662e-002
 -2.8241284e-002
 -2.8301193e-002
 -2.8344158e-002
 -2.8406403e-002
 -2.8449101e-002
 -2.8514350e-002
 -2.8556157e-002
 -2.8623208e-002
 -2.8692502e-002
 -2.8732991e-002
 -2.8803514e-002
 -2.8875705e-002
 -2.8949589e-002
 -2.9023894e-002
 -2.9099279e-002
 -2.9175102e-002
 -2.9252028e-002
 -2.9328083e-002
 -2.9374595e-002
 -2.9452707e-002
 -2.9501681e-002
 -2.9580557e-002
 -2.9633405e-002
 -2.9711712e-002
 -2.9767148e-002
 -2.9845567e-002
 -2.9902956e-002
 -2.9961988e-002
 -3.0038777e-002
 -3.0099826e-002
 -3.0162572e-002
 -3.0226327e-002
 -3.0291817e-002
 -3.0358348e-002
 -3.0425935e-002
 -3.0494592e-002
 -3.0564334e-002
 -3.0634442e-002
 -3.0705657e-002
 -3.0777993e-002
 -3.0849979e-002
 -3.0923103e-002
 -3.0995876e-002
 -3.1068290e-002
 -3.1141857e-002
 -3.1234961e-002
 -3.1309448e-002
 -3.1383576e-002
 -3.1486173e-002
 -3.1560497e-002
 -3.1669988e-002
 -3.1744537e-002
 -3.1860346e-002
 -3.1934341e-002
 -3.2054229e-002
 -3.2179291e-002
 -3.2250920e-002
 -3.2379477e-002
 -3.2510940e-002
 -3.2646230e-002
 -3.2783729e-002
 -3.2923490e-002
 -3.3064690e-002
 -3.3207355e-002
 -3.3295273e-002
 -3.3442161e-002
 -3.3537939e-002
 -3.3686529e-002
 -3.3790485e-002
 -3.3939958e-002
 -3.4049602e-002
 -3.4164861e-002
 -3.4314605e-002
 -3.4434990e-002
 -3.4558375e-002
 -3.4686799e-002
 -3.4818402e-002
 -3.4953261e-002
 -3.5099569e-002
 -3.5237170e-002
 -3.5377166e-002
 -3.5520657e-002
 -3.5665622e-002
 -3.5833444e-002
 -3.5988149e-002
 -3.6144559e-002
 -3.6302712e-002
 -3.6507387e-002
 -3.6673042e-002
 -3.6838347e-002
 -3.7073026e-002
 -3.7243035e-002
 -3.7500073e-002
 -3.7672796e-002
 -3.7952523e-002
 -3.8249122e-002
 -3.8424649e-002
 -3.8740255e-002
 -3.9070821e-002
 -3.9418553e-002
 -3.9780253e-002
 -4.0155269e-002
 -4.0541388e-002
 -4.0786899e-002
 -4.1200509e-002
 -4.1622480e-002
 -4.1920069e-002
 -4.2239985e-002
 -4.2583475e-002
 -4.3054082e-002
 -4.3435597e-002
 -4.3842897e-002
 -4.4335898e-002
 -4.4778460e-002
 -4.5247216e-002
 -4.5741902e-002
 -4.6264295e-002
 -4.6811985e-002
 -4.7472616e-002
 -4.8107352e-002
 -4.8772845e-002
 -4.9463674e-002
 -5.0446300e-002
 -5.1236236e-002
 -5.2469648e-002
 -5.3364917e-002
 -5.4893735e-002
 -5.5889472e-002
 -5.7764950e-002
 -5.9940843e-002
 -6.2460269e-002
 -6.5363080e-002
 -6.7376540e-002
 -7.1139856e-002
 -7.4093429e-002
 -7.8861133e-002
 -8.3062186e-002
 -8.8093643e-002
 -9.4063998e-002
 -1.0103673e-001
 -1.0887760e-001
 -1.1724763e-001
 -1.2905019e-001
 -1.3643081e-001
 -1.4341588e-001
 -1.3969920e-001
 -1.3054731e-001
 -1.0810559e-001
 -8.8729166e-002
 -6.8458654e-002
 -4.9553530e-002
 -3.3296367e-002
 -2.0204052e-002
 -1.0396043e-002
 -3.8430371e-003
 -4.9139632e-004
  3.1074897e-004
  3.2940977e-003
  9.4113017e-003
  1.8598731e-002
  3.0742371e-002
  4.5578156e-002
  6.2557842e-002
  8.4672429e-002
  1.0371986e-001
  1.2000857e-001
  1.3709367e-001
  1.4369865e-001
  1.3907434e-001
  1.2888105e-001
  1.2087745e-001
  1.1237048e-001
  1.0413727e-001
  9.6711911e-002
  9.0276583e-002
  8.4851402e-002
  8.0307358e-002
  7.6522615e-002
  7.2093641e-002
  6.9454639e-002
  6.5974433e-002
  6.2925364e-002
  6.1475950e-002
  5.9133258e-002
  5.7106080e-002
  5.5356406e-002
  5.4403593e-002
  5.2969288e-002
  5.2114147e-002
  5.0954111e-002
  5.0196549e-002
  4.9465674e-002
  4.8760144e-002
  4.7964089e-002
  4.7352400e-002
  4.6767934e-002
  4.6211092e-002
  4.5684190e-002
  4.5183260e-002
  4.4710517e-002
  4.4264149e-002
  4.3842514e-002
  4.3355352e-002
  4.2972284e-002
  4.2613495e-002
  4.2277616e-002
  4.1832741e-002
  4.1535244e-002
  4.1111042e-002
  4.0851224e-002
  4.0452785e-002
  4.0066048e-002
  3.9857312e-002
  3.9499260e-002
  3.9156371e-002
  3.8826529e-002
  3.8512940e-002
  3.8216022e-002
  3.8044222e-002
  3.7765183e-002
  3.7503423e-002
  3.7336264e-002
  3.7167502e-002
  3.6930131e-002
  3.6766050e-002
  3.6601575e-002
  3.6393329e-002
  3.6236370e-002
  3.6078950e-002
  3.5924333e-002
  3.5770320e-002
  3.5619019e-002
  3.5469321e-002
  3.5321196e-002
  3.5182774e-002
  3.5038630e-002
  3.4900951e-002
  3.4767583e-002
  3.4638418e-002
  3.4512382e-002
  3.4390365e-002
  3.4239808e-002
  3.4122983e-002
  3.4009946e-002
  3.3859720e-002
  3.3754324e-002
  3.3652468e-002
  3.3505146e-002
  3.3357590e-002
  3.3266607e-002
  3.3122449e-002
  3.2978917e-002
  3.2836007e-002
  3.2696278e-002
  3.2558806e-002
  3.2424375e-002
  3.2363478e-002
  3.2292912e-002
  3.2165986e-002
  3.2043485e-002
  3.1924497e-002
  3.1810539e-002
  3.1738010e-002
  3.1664286e-002
  3.1556410e-002
  3.1482888e-002
  3.1381865e-002
  3.1308517e-002
  3.1234800e-002
  3.1142458e-002
  3.1070400e-002
  3.0998727e-002
  3.0926687e-002
  3.0855033e-002
  3.0783760e-002
  3.0708447e-002
  3.0640147e-002
  3.0572195e-002
  3.0503138e-002
  3.0435158e-002
  3.0368242e-002
  3.0302375e-002
  3.0237544e-002
  3.0174443e-002
  3.0112345e-002
  3.0036529e-002
  2.9975770e-002
  2.9916677e-002
  2.9859919e-002
  2.9782101e-002
  2.9727286e-002
  2.9649566e-002
  2.9596653e-002
  2.9519027e-002
  2.9469318e-002
  2.9391773e-002
  2.9314022e-002
  2.9236732e-002
  2.9193332e-002
  2.9118056e-002
  2.9042563e-002
  2.8968151e-002
  2.8894804e-002
  2.8823145e-002
  2.8752514e-002
  2.8711965e-002
  2.8642566e-002
  2.8575416e-002
  2.8509859e-002
  2.8468200e-002
  2.8426058e-002
  2.8363101e-002
  2.8320074e-002
  2.8260076e-002
  2.8217392e-002
  2.8173636e-002
  2.8117942e-002
  2.8075126e-002
  2.8031853e-002
  2.7988128e-002
  2.7945148e-002
  2.7895781e-002
  2.7853703e-002
  2.7811174e-002
  2.7769374e-002
  2.7727711e-002
  2.7686185e-002
  2.7644794e-002
  2.7604118e-002
  2.7563572e-002
  2.7523732e-002
  2.7484592e-002
  2.7438700e-002
  2.7399823e-002
  2.7361634e-002
  2.7323560e-002
  2.7286733e-002
  2.7239300e-002
  2.7203281e-002
  2.7154482e-002
  2.7119821e-002
  2.7070233e-002
  2.7036914e-002
  2.7004236e-002
  2.6955103e-002
  2.6905615e-002
  2.6875468e-002
  2.6826294e-002
  2.6776770e-002
  2.6727443e-002
  2.6700963e-002
  2.6653011e-002
  2.6604708e-002
  2.6557660e-002
  2.6510259e-002
  2.6464098e-002
  2.6438175e-002
  2.6392809e-002
  2.6347610e-002
  2.6320884e-002
  2.6276990e-002
  2.6234293e-002
  2.6206256e-002
  2.6164838e-002
  2.6136959e-002
  2.6108115e-002
  2.6068565e-002
  2.6039881e-002
  2.6011265e-002
  2.5981698e-002
  2.5945092e-002
  2.5916191e-002
  2.5886853e-002
  2.5857586e-002
  2.5824870e-002
  2.5796253e-002
  2.5767202e-002
  2.5738721e-002
  2.5710306e-002
  2.5681958e-002
  2.5653676e-002
  2.5625955e-002
  2.5598297e-002
  2.5570702e-002
  2.5539733e-002
  2.5512272e-002
  2.5484874e-002
  2.5458025e-002
  2.5431723e-002
  2.5399168e-002
  2.5372994e-002
  2.5347360e-002
  2.5322264e-002
  2.5288562e-002
  2.5264068e-002
  2.5229573e-002
  2.5206154e-002
  2.5183257e-002
  2.5148519e-002
  2.5113883e-002
  2.5092108e-002
  2.5057163e-002
  2.5036905e-002
  2.5002122e-002
  2.4967440e-002
  2.4932860e-002
  2.4898380e-002
  2.4881178e-002
  2.4847312e-002
  2.4814004e-002
  2.4780790e-002
  2.4762838e-002
  2.4729768e-002
  2.4697248e-002
  2.4678053e-002
  2.4646131e-002
  2.4614749e-002
  2.4595235e-002
  2.4564441e-002
  2.4544559e-002
  2.4514799e-002
  2.4494102e-002
  2.4473441e-002
  2.4444757e-002
  2.4424183e-002
  2.4396956e-002
  2.4376022e-002
  2.4355125e-002
  2.4333822e-002
  2.4312558e-002
  2.4291333e-002
  2.4267060e-002
  2.4245917e-002
  2.4224814e-002
  2.4203748e-002
  2.4182721e-002
  2.4162169e-002
  2.4141217e-002
  2.4120303e-002
  2.4099861e-002
  2.4079455e-002
  2.4059086e-002
  2.4038752e-002
  2.4015866e-002
  2.3995608e-002
  2.3975816e-002
  2.3956058e-002
  2.3936763e-002
  2.3912368e-002
  2.3893145e-002
  2.3874381e-002
  2.3849268e-002
  2.3831000e-002
  2.3805558e-002
  2.3787360e-002
  2.3770034e-002
  2.3744307e-002
  2.3718216e-002
  2.3701415e-002
  2.3675004e-002
  2.3659521e-002
  2.3633207e-002
  2.3606953e-002
  2.3592394e-002
  2.3566235e-002
  2.3540549e-002
  2.3514509e-002
  2.3488940e-002
  2.3463429e-002
  2.3437975e-002
  2.3412988e-002
  2.3398676e-002
  2.3373775e-002
  2.3349336e-002
  2.3334292e-002
  2.3310344e-002
  2.3294947e-002
  2.3271083e-002
  2.3255739e-002
  2.3232361e-002
  2.3210236e-002
  2.3194173e-002
  2.3178534e-002
  2.3156915e-002
  2.3140928e-002
  2.3124566e-002
  2.3104245e-002
  2.3087936e-002
  2.3071650e-002
  2.3055389e-002
  2.3036381e-002
  2.3020170e-002
  2.3004378e-002
  2.2988214e-002
  2.2972074e-002
  2.2955957e-002
  2.2939471e-002
  2.2923401e-002
  2.2907354e-002
  2.2891722e-002
  2.2875721e-002
  2.2860132e-002
  2.2844177e-002
  2.2829022e-002
  2.2810785e-002
  2.2795287e-002
  2.2780199e-002
  2.2761270e-002
  2.2746228e-002
  2.2731206e-002
  2.2716589e-002
  2.2697001e-002
  2.2682430e-002
  2.2668260e-002
  2.2648376e-002
  2.2634632e-002
  2.2614428e-002
  2.2600726e-002
  2.2580585e-002
  2.2567684e-002
  2.2547225e-002
  2.2526426e-002
  2.2514343e-002
  2.2493606e-002
  2.2473285e-002
  2.2452626e-002
  2.2431632e-002
  2.2421150e-002
  2.2400963e-002
  2.2380441e-002
  2.2360702e-002
  2.2340627e-002
  2.2320959e-002
  2.2309843e-002
  2.2290231e-002
  2.2271024e-002
  2.2259221e-002
  2.2240069e-002
  2.2221318e-002
  2.2209202e-002
  2.2197100e-002
  2.2178789e-002
  2.2166355e-002
  2.2148461e-002
  2.2135698e-002
  2.2118582e-002
  2.2105854e-002
  2.2093142e-002
  2.2076818e-002
  2.2063778e-002
  2.2051115e-002
  2.2038105e-002
  2.2024751e-002
  2.2009972e-002
  2.1997012e-002
  2.1984068e-002
  2.1971139e-002
  2.1958226e-002
  2.1945329e-002
  2.1932090e-002
  2.1919224e-002
  2.1906373e-002
  2.1893538e-002
  2.1880719e-002
  2.1868270e-002
  2.1855481e-002
  2.1843061e-002
  2.1830656e-002
  2.1816143e-002
  2.1803770e-002
  2.1791764e-002
  2.1779418e-002
  2.1764271e-002
  2.1752309e-002
  2.1740361e-002
  2.1724918e-002
  2.1713351e-002
  2.1701796e-002
  2.1685711e-002
  2.1674536e-002
  2.1658492e-002
  2.1647693e-002
  2.1631342e-002
  2.1620571e-002
  2.1604262e-002
  2.1594211e-002
  2.1577597e-002
  2.1561354e-002
  2.1551689e-002
  2.1535486e-002
  2.1518964e-002
  2.1502468e-002
  2.1485998e-002
  2.1469553e-002
  2.1453134e-002
  2.1437083e-002
  2.1420714e-002
  2.1405052e-002
  2.1389074e-002
  2.1379906e-002
  2.1364305e-002
  2.1354820e-002
  2.1339256e-002
  2.1324390e-002
  2.1314267e-002
  2.1299437e-002
  2.1289674e-002
  2.1279248e-002
  2.1264804e-002
  2.1254738e-002
  2.1240662e-002
  2.1230285e-002
  2.1219919e-002
  2.1209562e-002
  2.1196214e-002
  2.1185549e-002
  2.1174894e-002
  2.1164250e-002
  2.1151956e-002
  2.1141336e-002
  2.1131058e-002
  2.1120459e-002
  2.1109870e-002
  2.1098963e-002
  2.1088396e-002
  2.1077841e-002
  2.1067296e-002
  2.1056762e-002
  2.1046239e-002
  2.1035727e-002
  2.1025553e-002
  2.1015062e-002
  2.1004909e-002
  2.0993130e-002
  2.0982672e-002
  2.0972550e-002
  2.0962439e-002
  2.0952663e-002
  2.0940293e-002
  2.0930214e-002
  2.0920468e-002
  2.0911057e-002
  2.0898089e-002
  2.0888698e-002
  2.0875436e-002
  2.0866066e-002
  2.0852832e-002
  2.0843805e-002
  2.0835107e-002
  2.0821593e-002
  2.0808096e-002
  2.0799429e-002
  2.0785961e-002
  2.0777953e-002
  2.0764194e-002
  2.0750773e-002
  2.0737050e-002
  2.0723346e-002
  2.0716024e-002
  2.0702348e-002
  2.0695676e-002
  2.0682027e-002
  2.0675369e-002
  2.0668397e-002
  2.0654785e-002
  2.0648777e-002
  2.0641508e-002
  2.0628248e-002
  2.0615005e-002
  2.0602094e-002
  2.0594229e-002
  2.0581345e-002
