




0.091743248379615
0.092
0.091743248379615
0.09148649675923
0.09002396492379
0.08891130164471
0.08779863836563
0.08586047096353
0.08392230356143
0.08225857614813
0.08059484873483
0.07527409160561
0.073612955247445
0.07195181888928
0.069236494256055
0.06652116962283
0.06391800638819
0.06131484315355
0.058939742897775
0.056564642642
0.05235226337322
0.051202254079025
0.05005224478483
0.04832334885879
0.04659445293275
0.045588399229515
0.04458234552628
0.04185215908874
0.04099982233529
0.04014748558184
0.039094059401715
0.03804063322159
0.037336241657075
0.03663185009256
0.03597466234015
0.03531747458774
0.03409835425273
0.03343936762252
0.03278038099231
0.032285185732095
0.03178999047188
0.03133532526915
0.03088066006642
0.03004461535927
0.029661131309915
0.02927764726056
0.028928833448595
0.02858001963663
0.028261340220285
0.02794266080394
0.027654024373165
0.02736538794239
0.02684189494055
0.02660501722448
0.02636813950841
0.026154774711105
0.0259414099138
0.025748156280045
0.02555490264629
0.0252058238483
0.025018385326715
0.02483094680513
0.024685396760125
0.02453984671512
0.024404417726385
0.02426898873765
0.024140285218895
0.02401158170014
0.02367839835464
0.023539039000965
0.02339967964729
0.023241579346255
0.02308347904522
0.02280415841856
0.0225248377919
0.02195153631521
0.021546184853985
0.02114083339276
0.02016864672759
0.01919646006242
0.0180240777802
0.01685169549798
0.013339271124578
0.009826846751176
-0.0004962243129511
-0.0242232330508505
-0.04795024178875
-0.123647487582875
-0.199344733377
-0.6890847153375
-1.178824697298
-0.1034216715094
-0.063554875960045
-0.02368808041069
-0.01127379213439
0.00114049614191
0.006281075609385
0.01142165507686
0.01392587728117
0.01643009948548
0.01915045136652
0.019948526998515
0.02074660263051
0.02124524268136
0.02174388273221
0.02207625190875
0.02240862108529
0.0228801889288
0.02309304405865
0.0233058991885
0.02345395254958
0.02360200591066
0.023735517738985
0.02386902956731
0.02399673555994
0.02412444155257
0.02446298831862
0.02460137351669
0.02473975871476
0.024886683297265
0.02503360787977
0.025256231924235
0.0254788559687
0.02583406139462
0.02611802905417
0.02640199671372
0.02661740622186
0.02683281573
0.02719426680672
0.02755571788344
0.027814985744545
0.02807425360565
0.02898170753575
0.029289331403095
0.02959695527044
0.03016104241484
0.03072512955924
0.03137703814163
0.03202894672402
0.03353396831012
0.03439952103795
0.03526507376578
0.03625913720829
0.0372532006508
0.038387447473785
0.03952169429677
0.040806202481145
0.04209071066552
0.04497440659477
0.04595900031108
0.04694359402739
0.04869146493956
0.05043933585173
0.05172670955397
0.05301408325621
0.05707666963312
0.05867978015004
0.06028289066696
0.06205582413392
0.06382875760088
0.066076871210255
0.06832498481963
0.07024908589041
0.07217318696119
0.07609238959079
0.078017010482005
0.07994163137322
0.08172803905705
0.08351444674088
0.085391180070695
0.08726791340051
0.08971470989133
0.09048789985866
0.09126108982599
0.09162436916129
0.09198764849659
0.091740334776775
0.09149302105696
0.090341272838835
0.08918952462071
0.0852995325467
0.082869937432405
0.08044034231811
0.078807888790715
0.07717543526332
0.074489238950695
0.07180304263807
0.06816317220612
0.06631920695071
0.0644752416953
0.062241626344935
0.06000801099457
0.058375434458855
0.05674285792314
0.0551974278737
0.05365199782426
0.05077471599353
0.049447673132265
0.048120630271
0.046912695632925
0.04570476099485
0.044605666512005
0.04350657202916
0.04152883682777
0.04063769878395
0.03974656074013
0.03894425530821
0.03814194987629
0.03724983964328
0.03635772941027
0.03570548495107
0.03505324049187
0.03388588052769
0.03336174288906
0.03283760525043
0.032192329438455
0.03154705362648
0.031130920929515
0.03071478823255
0.02963009803125
0.02930284970336
0.02897560137547
0.028527267430235
0.028078933485
0.02782499458497
0.02757105568494
0.027204605028875
0.02683815437281
0.02618799034177
0.02601947813771
0.02585096593365
0.02558894474089
0.02532692354813
0.025095272139715
0.0248636207313
0.02444903983267
0.024257080787335
0.024065121742
0.023875122772115
0.02368512380223
0.02347409289965
0.02326306199707
0.022990390918375
0.02271771983968
0.0218975327124
0.02154556947316
0.02119360623392
0.020159710215665
0.01912581419741
0.01696163624843
0.01479745829945
0.009652697325727
-0.0008623180526515
-0.01137733343103
-0.061161930890515
-0.11094652835
-0.905473264175
-1.7
-0.905473264175
-0.11094652835
-0.01137733343103
-0.0008623180526515
0.009652697325727
0.0122250778125885
0.01479745829945
0.01696163624843
0.01912581419741
0.02119360623392
0.02154556947316
0.0218975327124
0.02230762627604
0.02271771983968
0.022990390918375
0.02326306199707
0.02347409289965
0.02368512380223
0.024065121742
0.024257080787335
0.02444903983267
0.024656330281985
0.0248636207313
0.025095272139715
0.02532692354813
0.02585096593365
0.02601947813771
0.02618799034177
0.02651307235729
0.02683815437281
0.027204605028875
0.02757105568494
0.02782499458497
0.028078933485
0.02897560137547
0.02930284970336
0.02963009803125
0.0301724431319
0.03071478823255
0.031130920929515
0.03154705362648
0.03283760525042
0.033361742889055
0.03388588052769
0.03446956050978
0.03505324049187
0.03570548495107
0.03635772941027
0.03724983964328
0.03814194987629
0.03974656074013
0.04063769878395
0.04152883682777
0.042517704428465
0.04350657202916
0.044605666512005
0.04570476099485
0.048120630271
0.049447673132265
0.05077471599353
0.052213356908895
0.05365199782426
0.0551974278737
0.05674285792314
0.058375434458855
0.06000801099457
0.0644752416953
0.06631920695071
0.06816317220612
0.069983107422095
0.07180304263807
0.074489238950695
0.07717543526332
0.08044034231811
0.082869937432405
0.0852995325467
0.087244528583705
0.08918952462071
0.090341272838835
0.09149302105696
0.091740334776775
0.09198764849659
0.09126108982599
0.09048789985866
0.08971470989133
0.08849131164592
0.08726791340051
0.085391180070695
0.08351444674088
0.07994163137322
0.078017010482005
0.07609238959079
0.07413278827599
0.07217318696119
0.070249085890415
0.06832498481964
0.06607687121026
0.06382875760088
0.06028289066696
0.05867978015004
0.05707666963312
0.055045376444665
0.05301408325621
0.05172670955397
0.05043933585173
0.04694359402739
0.04595900031108
0.04497440659477
0.043532558630145
0.04209071066552
0.040806202481145
0.03952169429677
0.038387447473785
0.0372532006508
0.03526507376578
0.03439952103795
0.03353396831012
0.03278145751707
0.03202894672402
0.03137703814163
0.03072512955924
0.02959695527044
0.029289331403095
0.02898170753575
0.0285279805707
0.02807425360565
0.027814985744545
0.02755571788344
0.02719426680672
0.02683281573
0.02640199671372
0.02611802905417
0.02583406139462
0.02565645868166
0.0254788559687
0.025256231924235
0.02503360787977
0.02473975871476
0.02460137351669
0.02446298831862
0.024293714935595
0.02412444155257
0.02399673555994
0.02386902956731
0.023735517738985
0.02360200591066
0.0233058991885
0.02309304405865
0.0228801889288
0.022644405007045
0.02240862108529
0.02207625190875
0.02174388273221
0.02074660263051
0.019948526998515
0.01915045136652
0.017790275426
0.01643009948548
0.01392587728117
0.01142165507686
0.006281075609385
0.00114049614191
-0.02368808041069
-0.063554875960045
-0.1034216715094
-0.6411231844037
-1.178824697298
-0.6890847153375
-0.199344733377
-0.04795024178875
-0.0242232330508504
-0.0004962243129508
0.0046653112191126
0.009826846751176
0.013339271124578
0.01685169549798
0.0180240777802
0.01919646006242
0.02114083339276
0.021546184853985
0.02195153631521
0.022238187053555
0.0225248377919
0.02280415841856
0.02308347904522
0.02339967964729
0.023539039000965
0.02367839835464
0.02384499002739
0.02401158170014
0.024140285218895
0.02426898873765
0.024404417726385
0.02453984671512
0.02483094680513
0.025018385326715
0.0252058238483
0.025380363247295
0.02555490264629
0.025748156280045
0.0259414099138
0.02636813950841
0.02660501722448
0.02684189494055
0.02710364144147
0.02736538794239
0.027654024373165
0.02794266080394
0.028261340220285
0.02858001963663
0.02927764726056
0.029661131309915
0.03004461535927
0.030462637712845
0.03088066006642
0.03133532526915
0.03178999047188
0.03278038099231
0.03343936762252
0.03409835425273
0.034707914420235
0.03531747458774
0.03597466234015
0.03663185009256
0.037336241657075
0.03804063322159
0.04014748558184
0.04099982233529
0.04185215908874
0.04321725230751
0.04458234552628
0.045588399229515
0.04659445293275
0.05005224478483
0.051202254079025
0.05235226337322
0.05445845300761
0.056564642642
0.058939742897775
0.06131484315355
0.06391800638819
0.06652116962283
0.07195181888928
0.073612955247445
0.07527409160561
0.07793447017022
0.08059484873483
0.08225857614813
0.08392230356143
0.08779863836563
0.08891130164471
0.09002396492379
0.09075523084151
0.09148649675923
