




0.0069622847
0.0069622847
0.01141873935
0.015875194
0.019627428
0.020225052
0.020822676
0.0214557375
0.022088799
0.0224649965
0.022841194
0.023354518
0.0235595345
0.023764551
0.023953964
0.024143377
0.024338472
0.024533567
0.024746692
0.024959817
0.025437114
0.0257080045
0.025978895
0.0262852005
0.026591506
0.026796297
0.027001088
0.027378779
0.02775647
0.028286948
0.0287486935
0.029210439
0.029550583
0.029890727
0.030448728
0.031006729
0.031867653
0.0323509085
0.032834164
0.033557485
0.034280806
0.0348859805
0.035491155
0.03616734
0.036843525
0.038359534
0.0392064165
0.040053299
0.041111703
0.042170107
0.043189454
0.044208801
0.045337259
0.046465717
0.048950479
0.0503052535
0.051660028
0.0531299375
0.054599847
0.056486161
0.058372475
0.061907944
0.0637332765
0.065558609
0.0681823495
0.07080609
0.072700221
0.074594352
0.077417617
0.080240882
0.083335514
0.0855954955
0.087855477
0.089378785
0.090902093
0.0914499315
0.09199777
0.091642761
0.0906585745
0.089674388
0.0884849605
0.087295533
0.085728488
0.084161443
0.0823087885
0.080456134
0.076426733
0.0743570135
0.072287294
0.0702699835
0.068252673
0.066347162
0.064441651
0.0626758515
0.060910052
0.057710231
0.0556839575
0.053657684
0.0523546255
0.051051567
0.0492957795
0.047539992
0.045532282
0.0440699085
0.042607535
0.0413024435
0.039997352
0.038840692
0.037684032
0.0366690855
0.035654139
0.034765757
0.033954463
0.033143169
0.032742171
0.032341173
0.031672014
0.031002855
0.0304220175
0.02984118
0.02883655
0.0285572615
0.028277973
0.0278739795
0.027469986
0.027123551
0.026777116
0.026359957
0.026164614
0.025969271
0.0257177755
0.02546628
0.025304876
0.025143472
0.024993002
0.024842532
0.024473906
0.024343797
0.024213688
0.024085986
0.023958284
0.0237958605
0.023633437
0.023491269
0.023349101
0.023012667
0.0227987265
0.022584786
0.0222902015
0.021995617
0.0215624745
0.021129332
0.019774477
0.018525592
0.017276707
0.0151913445
0.013105982
0.00897751415
0.0048490463
-0.00470055835
-0.014250163
-0.073480195
-0.1311920325
-0.18890387
-0.1163999925
-0.043896115
-0.021658570485
0.00057897403
0.010335519
0.013688268
0.017041017
0.018173822
0.019306627
0.0200219105
0.020737194
0.0213583385
0.021979483
0.022541856
0.022817023
0.02309219
0.0232484505
0.023404711
0.023542719
0.023680727
0.023845771
0.024010815
0.024265796
0.024400252
0.024534708
0.024679081
0.024823454
0.024981222
0.02513899
0.025538549
0.02572895
0.025919351
0.0261300585
0.026340766
0.02657455
0.026808334
0.027065631
0.027322928
0.027889893
0.028202632
0.028515371
0.0288585775
0.029201784
0.029576349
0.029950914
0.0303615965
0.030772279
0.031662139
0.0322366935
0.032811248
0.033362298
0.033913348
0.034508439
0.03510353
0.036385822
0.037314002
0.038242182
0.0390220055
0.039801829
0.0406315375
0.041461246
0.0427779935
0.044094741
0.04720567
0.048300216
0.049394762
0.0513379385
0.053281115
0.0555218435
0.057762572
0.06281872
0.0655701305
0.068321541
0.0711457945
0.073970048
0.076660243
0.079350438
0.0810369005
0.082723363
0.085970946
0.0876520085
0.089333071
0.0902132405
0.09109341
0.0915187125
0.091944015
0.091851968
0.091759921
0.090569565
0.089553629
0.088537693
0.086699221
0.084860749
0.083203651
0.081546553
0.076220857
0.0745114875
0.072802118
0.070025847
0.067249576
0.0645754895
0.061901403
0.059455575
0.057009747
0.052676329
0.0507957545
0.04891518
0.0473008685
0.045686557
0.0447305715
0.043774586
0.042494222
0.041213858
0.039594016
0.038829555
0.038065094
0.037350726
0.036636358
0.035817037
0.034997716
0.033827391
0.0332867845
0.032746178
0.0322477315
0.031749285
0.0312906535
0.030832022
0.0304122275
0.029992433
0.029225411
0.0288746835
0.028523956
0.028205952
0.027887948
0.0275992775
0.027310607
0.026787675
0.026552048
0.026316421
0.026103065
0.025889709
0.025697313
0.025504917
0.025331802
0.025158687
0.02484316
0.0246992355
0.024555311
0.024389899
0.024224487
0.024095078
0.023965669
0.023837137
0.023708605
0.023437191
0.023224761
0.023012331
0.022808476
0.022604621
0.022337059
0.022069497
0.020907568
0.020244772
0.019581976
0.0178201655
0.016058355
0.0137686415
0.011478928
0.00340600735
-0.0046669133
-0.034670313
-0.1592452415
-0.28382017
-0.24948586
-0.21515155
-0.1292713585
-0.043391167
-0.024426576
-0.005461985
0.008947212
0.0120587985
0.015170385
0.016807639
0.018444893
0.019385089
0.020325285
0.021476103
0.021851409
0.022226715
0.0224878575
0.022749
0.0229436585
0.023138317
0.023327108
0.023515899
0.023789589
0.0239187575
0.024047926
0.024176228
0.02430453
0.024480774
0.024657018
0.024945847
0.02509993
0.025254013
0.025491655
0.025729297
0.0259159405
0.026102584
0.026406075
0.026709566
0.027162082
0.0275458355
0.027929589
0.028200389
0.028471189
0.028950604
0.029430019
0.0299867485
0.030543478
0.031831901
0.0325764115
0.033320922
0.0337541405
0.034187359
0.035087818
0.035988277
0.038047153
0.0392159855
0.040384818
0.0417013925
0.043017967
0.0438835125
0.044749058
0.04635994
0.047970822
0.050258366
0.0521636655
0.054068965
0.055531757
0.056994549
0.0586243115
0.060254074
0.0624890985
0.064724123
0.06846967
0.070440706
0.072411742
0.0744242945
0.076436847
0.078399073
0.080361299
0.083975975
0.085868636
0.087761297
0.088935218
0.090109139
0.0908043215
0.091499504
0.0917064955
0.091913487
0.09119622
0.089850788
0.088505356
0.086397583
0.08428981
0.0817651275
0.079240445
0.0775512745
0.075862104
0.070494524
0.068670093
0.066845662
0.064529163
0.062212664
0.060540923
0.058869182
0.055673477
0.054169343
0.052665209
0.0512717715
0.049878334
0.0485947255
0.047311117
0.046143871
0.044976625
0.042859925
0.0419051255
0.040950326
0.040090057
0.039229788
0.038457709
0.03768563
0.036291388
0.0354914295
0.034691471
0.0341279105
0.03356435
0.0330598445
0.032555339
0.0319255125
0.031295686
0.030494715
0.029967634
0.029440553
0.02912324
0.028805927
0.0283710245
0.027936122
0.02768891
0.027441698
0.026728842
0.026413229
0.026097616
0.0259340655
0.025770515
0.025514586
0.025258657
0.024806351
0.0246032175
0.024400084
0.0242106895
0.024021295
0.023831409
0.023641523
0.023427575
0.023213627
0.022653898
0.022226872
0.021799846
0.02143126
0.021062674
0.019973373
0.018884072
0.016588901
0.01429373
0.0028106617
-0.00573377515
-0.014278212
-0.075071141
-0.13586407
-0.587583335
-1.0393026
-0.074652546
-0.0476569155
-0.020661285
-0.00684950015
0.0069622847
