




0.092
0.091743248379615
0.09148649675923
0.09002396492379
0.08779863836563
0.08667028416695
0.08529629386419
0.08392230356143
0.08059484873483
0.07766858790616
0.07527409160561
0.073612955247445
0.07195181888928
0.06957426982458
0.06652116962283
0.06394570530178
0.062630274227665
0.06131484315355
0.05873133616628
0.056564642642
0.05409192180396
0.05322209258859
0.05235226337322
0.05005224478483
0.04827853932214
0.04659445293275
0.045588399229515
0.04458234552628
0.04338300923228
0.04185215908874
0.04014748558184
0.0393468270346
0.03854616848736
0.03804063322159
0.03663185009256
0.03531747458774
0.034707914420235
0.03409835425273
0.03323054195311
0.03278038099231
0.03178999047188
0.03133532526915
0.03088066006642
0.03004461535927
0.02927764726056
0.02858001963663
0.028261340220285
0.02794266080394
0.02736538794239
0.02684189494055
0.02636813950841
0.026154774711105
0.0259414099138
0.02555490264629
0.0252058238483
0.02508061586149
0.02495578133331
0.02483094680513
0.02453984671512
0.02426898873765
0.02401158170014
0.023912315297875
0.02381304889561
0.02367839835464
0.02339967964729
0.023241579346255
0.02308347904522
0.02275905074555
0.0225248377919
0.02195153631521
0.021546184853985
0.02114083339276
0.02067436532948
0.01919646006242
0.01685169549798
0.01592526423176
0.01499883296554
0.009826846751176
-0.0004962243129511
-0.01008100118594
-0.029015621487345
-0.04795024178875
-0.199344733377
-1.178824697298
-0.1621216354225
-0.13277165346595
-0.1034216715094
-0.02368808041069
0.00114049614191
0.01142165507686
0.01392587728117
0.01643009948548
0.01915045136652
0.02074660263051
0.02174388273221
0.02207625190875
0.02240862108529
0.0228801889288
0.02312411709246
0.0233058991885
0.02345395254958
0.02360200591066
0.02386902956731
0.02412444155257
0.02433036715126
0.02439667773494
0.02446298831862
0.02473975871476
0.02503360787977
0.0252776580025
0.0253782569856
0.0254788559687
0.02583406139462
0.02621391835006
0.02640199671372
0.02661740622186
0.02683281573
0.0272918852668
0.02755571788344
0.02807425360565
0.028348130035275
0.0286220064649
0.02898170753575
0.02959695527044
0.03003763938247
0.030381384470855
0.03072512955924
0.03143929269035
0.03202894672402
0.032424105134835
0.03281926354565
0.03353396831012
0.0344033807103
0.03526507376578
0.035740070357415
0.03621506694905
0.0372532006508
0.03827846500151
0.03952169429677
0.040069552291475
0.04061741028618
0.04209071066552
0.04364339573604
0.04497440659477
0.04595900031108
0.04694359402739
0.04816989611647
0.05043933585173
0.05301408325621
0.053610480658
0.05420687805979
0.05707666963312
0.06028289066696
0.06382875760088
0.0646716544017
0.06551455120252
0.06832498481963
0.07217318696119
0.07609238959079
0.078017010482005
0.07994163137322
0.08351444674088
0.08659994949941
0.08726791340051
0.08849131164592
0.08971470989133
0.09126108982599
0.09191212906091
0.09198764849659
0.091740334776775
0.09149302105696
0.0906983768742
0.08918952462071
0.08737342440756
0.08633647847713
0.0852995325467
0.08259575588678
0.08044034231811
0.07717543526332
0.075787255123715
0.07439907498411
0.07180304263807
0.06816317220612
0.0644752416953
0.063938721767425
0.06340220183955
0.06000801099457
0.05674285792314
0.05365199782426
0.052213356908895
0.05077471599353
0.048120630271
0.04570476099485
0.044605666512005
0.04350657202916
0.04152883682777
0.03974656074013
0.03814194987629
0.037420017787755
0.03669808569922
0.03635772941027
0.03505324049187
0.03388588052769
0.03336174288906
0.03283760525043
0.03247497540997
0.03154705362648
0.03071478823255
0.030430595605975
0.0301464029794
0.02963009803125
0.02897560137547
0.0285232398325
0.02830108665875
0.028078933485
0.02757105568494
0.0272784695467
0.02683815437281
0.02664154643502
0.02644493849723
0.02618799034177
0.02585096593365
0.02561473418523
0.02547082886668
0.02532692354813
0.02510984036536
0.0248636207313
0.02465021759951
0.02454962871609
0.02444903983267
0.02425039522698
0.024065121742
0.02387919797017
0.0237821608862
0.02368512380223
0.02349024736793
0.02326306199707
0.02299072574105
0.022854222790365
0.02271771983968
0.02231001034218
0.0218975327124
0.02119360623392
0.02083989330694
0.02048618037996
0.01912581419741
0.01726637340976
0.01479745829945
0.0122250778125885
0.009652697325727
0.004138285380334
-0.01137733343103
-0.0434441196259
-0.07719532398795
-0.11094652835
-0.3962490428675
-1.7
-1.04812452143375
-0.3962490428675
-0.11094652835
-0.0434441196259
-0.01137733343103
-0.003619524025348
0.004138285380334
0.009652697325727
0.01479745829945
0.01726637340976
0.018196093803585
0.01912581419741
0.02048618037996
0.02119360623392
0.0218975327124
0.02210377152729
0.02231001034218
0.02271771983968
0.02299072574105
0.02326306199707
0.0233766546825
0.02349024736793
0.02368512380223
0.02387919797017
0.024065121742
0.02415775848449
0.02425039522698
0.02444903983267
0.02465021759951
0.0248636207313
0.02498673054833
0.02510984036536
0.02532692354813
0.02561473418523
0.02585096593365
0.02601947813771
0.02618799034177
0.02644493849723
0.02683815437281
0.0272784695467
0.02742476261582
0.02757105568494
0.028078933485
0.0285232398325
0.02897560137547
0.02930284970336
0.02963009803125
0.0301464029794
0.03071478823255
0.03154705362648
0.032011014518225
0.03247497540997
0.03283760525042
0.03388588052769
0.03505324049187
0.03570548495107
0.03635772941027
0.03669808569922
0.03814194987629
0.03974656074013
0.04063769878395
0.04152883682777
0.04350657202916
0.04570476099485
0.046912695632925
0.048120630271
0.05077471599353
0.05365199782426
0.05674285792314
0.058375434458855
0.06000801099457
0.06340220183955
0.0644752416953
0.06816317220612
0.069983107422095
0.07180304263807
0.07439907498411
0.07717543526332
0.08044034231811
0.081518049102445
0.08259575588678
0.0852995325467
0.08737342440756
0.08918952462071
0.089943950747455
0.0906983768742
0.09149302105696
0.09198764849659
0.09191212906091
0.09158660944345
0.09126108982599
0.08971470989133
0.08726791340051
0.08659994949941
0.085057198120145
0.08351444674088
0.07994163137322
0.07609238959079
0.07217318696119
0.070249085890415
0.06832498481964
0.06551455120252
0.06382875760088
0.06028289066696
0.05867978015004
0.05707666963312
0.05420687805979
0.05301408325621
0.05043933585173
0.0493046159841
0.04816989611647
0.04694359402739
0.04497440659477
0.04364339573604
0.04286705320078
0.04209071066552
0.04061741028618
0.03952169429677
0.03827846500151
0.037765832826155
0.0372532006508
0.03621506694905
0.03526507376578
0.0344033807103
0.03396867451021
0.03353396831012
0.03281926354565
0.03202894672402
0.031734119707185
0.03143929269035
0.03072512955924
0.03003763938247
0.02959695527044
0.029289331403095
0.02898170753575
0.0286220064649
0.02807425360565
0.02755571788344
0.02742380157512
0.0272918852668
0.02683281573
0.02640199671372
0.02621391835006
0.02602398987234
0.02583406139462
0.0254788559687
0.0252776580025
0.02503360787977
0.024886683297265
0.02473975871476
0.02446298831862
0.02433036715126
0.02412444155257
0.02399673555994
0.02386902956731
0.02360200591066
0.0233058991885
0.02312411709246
0.02300215301063
0.0228801889288
0.02240862108529
0.02174388273221
0.02074660263051
0.019948526998515
0.01915045136652
0.01643009948548
0.01142165507686
0.00114049614191
-0.01127379213439
-0.02368808041069
-0.1034216715094
-0.1621216354225
-1.178824697298
-0.6890847153375
-0.199344733377
-0.04795024178875
-0.01008100118594
-0.0004962243129508
0.0046653112191126
0.009826846751176
0.01499883296554
0.01685169549798
0.01919646006242
0.01993541269595
0.02067436532948
0.02114083339276
0.02195153631521
0.0225248377919
0.022641944268725
0.02275905074555
0.02308347904522
0.02339967964729
0.023539039000965
0.02367839835464
0.02381304889561
0.02401158170014
0.02426898873765
0.024404417726385
0.02453984671512
0.02483094680513
0.02508061586149
0.0252058238483
0.025380363247295
0.02555490264629
0.0259414099138
0.02636813950841
0.02684189494055
0.02710364144147
0.02736538794239
0.02794266080394
0.02858001963663
0.02927764726056
0.029661131309915
0.03004461535927
0.03088066006642
0.03178999047188
0.03278038099231
0.03300546147271
0.03323054195311
0.03409835425273
0.03531747458774
0.03663185009256
0.037336241657075
0.03804063322159
0.03854616848736
0.04014748558184
0.04185215908874
0.04261758416051
0.04338300923228
0.04458234552628
0.04659445293275
0.04827853932214
0.049165392053485
0.05005224478483
0.05235226337322
0.05409192180396
0.056564642642
0.05764798940414
0.05873133616628
0.06131484315355
0.06394570530178
0.06652116962283
0.068047719723705
0.06957426982458
0.07195181888928
0.07527409160561
0.07766858790616
0.079131718320495
0.08059484873483
0.08392230356143
0.08667028416695
0.08779863836563
0.08891130164471
0.09002396492379
0.09148649675923
