




0.044312524
0.044312524
0.0432681875
0.042223851
0.040342634
0.039501513
0.038660392
0.037733719
0.036807046
0.036121898
0.03543675
0.034826102
0.034215454
0.033123184
0.0324529285
0.031782673
0.031349867
0.030917061
0.03035661
0.029796159
0.029118886
0.028656615
0.028194344
0.0277813465
0.027368349
0.027141205
0.026914061
0.02658031
0.026246559
0.025659076
0.025511164
0.025363252
0.0251267565
0.024890261
0.024678862
0.024467463
0.024272849
0.024078235
0.023693649
0.023480575
0.023267501
0.0229920185
0.022716536
0.0222997995
0.021883063
0.0211599605
0.020436858
0.019033316
0.0167867935
0.014540271
0.0089445696
0.0033488682
-0.0048447899
-0.013038448
-0.11555717
-0.690601935
-1.2656467
-0.767580555
-0.26951441
-0.1492477155
-0.028981021
-0.0121313338
0.0047183534
0.015055478
0.016497891
0.017940304
0.01927036
0.020600416
0.021287923
0.02197543
0.0223756815
0.022775933
0.023085095
0.0233122905
0.023539486
0.023733746
0.023928006
0.0241168045
0.024305603
0.024506065
0.024706527
0.025150033
0.025285672
0.025421311
0.025694199
0.025967087
0.0262770175
0.026586948
0.0269370815
0.027287215
0.027769806
0.0281984485
0.028627091
0.0289377055
0.02924832
0.0297707865
0.030293253
0.031085503
0.0317105905
0.032335678
0.0328342705
0.033332863
0.03389214
0.034451417
0.0350768295
0.035702242
0.03743812
0.0382123835
0.038986647
0.0398475975
0.040708548
0.04166817
0.042627792
0.043692826
0.04475786
0.047124429
0.048423862
0.049723295
0.0511442765
0.052565258
0.054101583
0.055637908
0.0572770755
0.058916243
0.063352334
0.0652478545
0.067143375
0.0690214715
0.070899568
0.073669893
0.076440218
0.082119195
0.0835654635
0.085011732
0.087072929
0.089134126
0.0903338875
0.091533649
0.0917656265
0.091997604
0.091068413
0.090177308
0.089286203
0.087917495
0.086548787
0.0845439915
0.082539196
0.0806393375
0.078739479
0.074724402
0.072711585
0.070698768
0.068381684
0.0660646
0.064146839
0.062229078
0.060491162
0.058753246
0.054423185
0.0530239795
0.051624774
0.0497574185
0.047890063
0.0468270335
0.045764004
0.042704925
0.0413430315
0.039981138
0.03932245
0.038663762
0.037578988
0.036494214
0.0355486595
0.034603105
0.03295404
0.032239318
0.031524596
0.030905785
0.030286974
0.029956876
0.029626778
0.0291265715
0.028626365
0.028066239
0.0276685705
0.027270902
0.026929431
0.02658796
0.026382214
0.026176468
0.025983883
0.025791298
0.025301474
0.025143724
0.024985974
0.0247920175
0.024598061
0.024463809
0.024329557
0.0241995235
0.02406949
0.023807952
0.0236379445
0.023467937
0.023309709
0.023151481
0.0229554585
0.022759436
0.022232856
0.021853398
0.02147394
0.0208883395
0.020302739
0.019343467
0.018384195
0.0165454505
0.014706706
0.0080658335
0.0008379632
-0.0063899071
-0.02594070655
-0.045491506
-0.124689928
-0.20388835
-0.615428625
-1.0269689
-0.15039416
-0.0951709755
-0.039947791
-0.0193365909
0.0012746092
0.0059974071
0.010720205
0.0139881135
0.017256022
0.019462726
0.0203782695
0.021293813
0.0216783255
0.022062838
0.0223374995
0.022612161
0.023149293
0.023304376
0.023459459
0.0235975295
0.0237356
0.0239024165
0.024069233
0.024200475
0.024331717
0.024609127
0.0247599185
0.02491071
0.02510374
0.02529677
0.025478124
0.025659478
0.0258599025
0.026060327
0.02650617
0.026753077
0.026999984
0.0272729535
0.027545923
0.0278480755
0.028150228
0.028481806
0.028813384
0.029544208
0.029943478
0.030342748
0.0307809705
0.031219193
0.031696163
0.032173133
0.033423987
0.0340148605
0.034605734
0.0352444985
0.035883263
0.0365721295
0.037260996
0.0382801565
0.039299317
0.040980501
0.0418722275
0.042763954
0.044215022
0.04566609
0.046718303
0.047770516
0.0496029975
0.051435479
0.055703136
0.058140627
0.060578118
0.0632839465
0.065989775
0.0688462315
0.071702688
0.0745208735
0.077339059
0.080867783
0.083214871
0.085561959
0.0869642095
0.08836646
0.0894538355
0.090541211
0.091787735
0.0918471625
0.09190659
0.091392438
0.090878286
0.0898737535
0.088869221
0.087514734
0.086160247
0.081592593
0.0798193975
0.078046202
0.075216874
0.072387546
0.0707580515
0.069128557
0.0664219175
0.063715278
0.058684412
0.056426949
0.054169486
0.05296501
0.051760534
0.0498938805
0.048027227
0.0464333225
0.044839418
0.042935741
0.04202912
0.041122499
0.039983714
0.038844929
0.0380975225
0.037350116
0.036653335
0.035956554
0.03438266
0.033817274
0.033251888
0.0327287795
0.032205671
0.031724322
0.031242973
0.030359005
0.0299565385
0.029554072
0.029185967
0.028817862
0.028484045
0.028150228
0.0278471585
0.027544089
0.026995018
0.0267468675
0.026498717
0.0262755015
0.026052286
0.025850463
0.02564864
0.025467289
0.025285938
0.024957214
0.024777056
0.024596898
0.024457836
0.024318774
0.0241870695
0.024055365
0.023926177
0.023796989
0.023440501
0.0232831005
0.0231257
0.0228505635
0.022575427
0.022292958
0.022010489
0.021213632
0.0202559415
0.019298251
0.018137306
0.016976361
0.015018349
0.013060337
0.00646002816
-0.00014028068
-0.022853195
-0.0958438225
-0.16883445
-0.591984325
-1.0151342
-0.65115849
-0.28718278
-0.1741358495
-0.061088919
-0.011274704
-0.0026188406
0.0060370228
0.0098720694
0.013707116
0.0157781835
0.017849251
0.018920702
0.019992153
0.021278282
0.0216906515
0.022103021
0.022384973
0.022666925
0.022873422
0.023079919
0.023408339
0.023580942
0.023753545
0.0238853745
0.024017204
0.0241468255
0.024276447
0.024409576
0.024542705
0.024924525
0.0250801915
0.025235858
0.0254032035
0.025570549
0.0258338565
0.026097164
0.026299679
0.026502194
0.027174062
0.0274186975
0.027663333
0.028087565
0.028511797
0.0290038415
0.029495886
0.0298233515
0.030150817
0.031372761
0.032078855
0.032784949
0.0336019455
0.034418942
0.0353566365
0.036294331
0.037368477
0.038442623
0.040897619
0.0422800085
0.043662398
0.044587162
0.045511926
0.047211033
0.04891014
0.0526041
0.0539998085
0.055395517
0.0569618825
0.058528248
0.0607545265
0.062980805
0.0648243855
0.066667966
0.070605297
0.072649454
0.074693611
0.076731244
0.078768877
0.080694208
0.082619539
0.084315533
0.086011527
0.089436288
0.0903080665
0.091179845
0.091559992
0.091940139
0.0916747715
0.091409404
0.090103438
0.088797472
0.084472675
0.081846843
0.079221011
0.076506146
0.073791281
0.071966393
0.070141505
0.066374509
0.064008977
0.061643445
0.059942687
0.058241929
0.056621924
0.055001919
0.053486209
0.051970499
0.049178263
0.0479027865
0.04662731
0.045469917
0.044312524
