9.200000000000e-002
9.148649675923e-002
9.002396492379e-002
8.779863836563e-002
8.392230356143e-002
8.059484873483e-002
7.527409160561e-002
7.195181888928e-002
6.652116962283e-002
6.131484315355e-002
5.656464264200e-002
5.235226337322e-002
5.005224478483e-002
4.659445293275e-002
4.458234552628e-002
4.185215908874e-002
4.014748558184e-002
3.804063322159e-002
3.663185009256e-002
3.531747458774e-002
3.409835425273e-002
3.278038099231e-002
3.178999047188e-002
3.088066006642e-002
3.004461535927e-002
2.927764726056e-002
2.858001963663e-002
2.794266080394e-002
2.736538794239e-002
2.684189494055e-002
2.636813950841e-002
2.594140991380e-002
2.555490264629e-002
2.520582384830e-002
2.483094680513e-002
2.453984671512e-002
2.426898873765e-002
2.401158170014e-002
2.367839835464e-002
2.339967964729e-002
2.308347904522e-002
2.252483779190e-002
2.195153631521e-002
2.114083339276e-002
1.919646006242e-002
1.685169549798e-002
9.826846751176e-003
-4.962243129511e-004
-4.795024178875e-002
-1.993447333770e-001
-1.178824697298e+000
-1.034216715094e-001
-2.368808041069e-002
1.140496141910e-003
1.142165507686e-002
1.643009948548e-002
1.915045136652e-002
2.074660263051e-002
2.174388273221e-002
2.240862108529e-002
2.288018892880e-002
2.330589918850e-002
2.360200591066e-002
2.386902956731e-002
2.412444155257e-002
2.446298831862e-002
2.473975871476e-002
2.503360787977e-002
2.547885596870e-002
2.583406139462e-002
2.640199671372e-002
2.683281573000e-002
2.755571788344e-002
2.807425360565e-002
2.898170753575e-002
2.959695527044e-002
3.072512955924e-002
3.202894672402e-002
3.353396831012e-002
3.526507376578e-002
3.725320065080e-002
3.952169429677e-002
4.209071066552e-002
4.497440659477e-002
4.694359402739e-002
5.043933585173e-002
5.301408325621e-002
5.707666963312e-002
6.028289066696e-002
6.382875760088e-002
6.832498481963e-002
7.217318696119e-002
7.609238959079e-002
7.994163137322e-002
8.351444674088e-002
8.726791340051e-002
8.971470989133e-002
9.126108982599e-002
9.198764849659e-002
9.149302105696e-002
8.918952462071e-002
8.529953254670e-002
8.044034231811e-002
7.717543526332e-002
7.180304263807e-002
6.816317220612e-002
6.447524169530e-002
6.000801099457e-002
5.674285792314e-002
5.365199782426e-002
5.077471599353e-002
4.812063027100e-002
4.570476099485e-002
4.350657202916e-002
4.152883682777e-002
3.974656074013e-002
3.814194987629e-002
3.635772941027e-002
3.505324049187e-002
3.388588052769e-002
3.283760525043e-002
3.154705362648e-002
3.071478823255e-002
2.963009803125e-002
2.897560137547e-002
2.807893348500e-002
2.757105568494e-002
2.683815437281e-002
2.618799034177e-002
2.585096593365e-002
2.532692354813e-002
2.486362073130e-002
2.444903983267e-002
2.406512174200e-002
2.368512380223e-002
2.326306199707e-002
2.271771983968e-002
2.189753271240e-002
2.119360623392e-002
1.912581419741e-002
1.479745829945e-002
9.652697325727e-003
-1.137733343103e-002
-1.109465283500e-001
-1.700000000000e+000
-1.109465283500e-001
-1.137733343103e-002
9.652697325727e-003
1.479745829945e-002
1.912581419741e-002
2.119360623392e-002
2.189753271240e-002
2.271771983968e-002
2.326306199707e-002
2.368512380223e-002
2.406512174200e-002
2.444903983267e-002
2.486362073130e-002
2.532692354813e-002
2.585096593365e-002
2.618799034177e-002
2.683815437281e-002
2.757105568494e-002
2.807893348500e-002
2.897560137547e-002
2.963009803125e-002
3.071478823255e-002
3.154705362648e-002
3.283760525042e-002
3.388588052769e-002
3.505324049187e-002
3.635772941027e-002
3.814194987629e-002
3.974656074013e-002
4.152883682777e-002
4.350657202916e-002
4.570476099485e-002
4.812063027100e-002
5.077471599353e-002
5.365199782426e-002
5.674285792314e-002
6.000801099457e-002
6.447524169530e-002
6.816317220612e-002
7.180304263807e-002
7.717543526332e-002
8.044034231811e-002
8.529953254670e-002
8.918952462071e-002
9.149302105696e-002
9.198764849659e-002
9.126108982599e-002
8.971470989133e-002
8.726791340051e-002
8.351444674088e-002
7.994163137322e-002
7.609238959079e-002
7.217318696119e-002
6.832498481964e-002
6.382875760088e-002
6.028289066696e-002
5.707666963312e-002
5.301408325621e-002
5.043933585173e-002
4.694359402739e-002
4.497440659477e-002
4.209071066552e-002
3.952169429677e-002
3.725320065080e-002
3.526507376578e-002
3.353396831012e-002
3.202894672402e-002
3.072512955924e-002
2.959695527044e-002
2.898170753575e-002
2.807425360565e-002
2.755571788344e-002
2.683281573000e-002
2.640199671372e-002
2.583406139462e-002
2.547885596870e-002
2.503360787977e-002
2.473975871476e-002
2.446298831862e-002
2.412444155257e-002
2.386902956731e-002
2.360200591066e-002
2.330589918850e-002
2.288018892880e-002
2.240862108529e-002
2.174388273221e-002
2.074660263051e-002
1.915045136652e-002
1.643009948548e-002
1.142165507686e-002
1.140496141910e-003
-2.368808041069e-002
-1.034216715094e-001
-1.178824697298e+000
-1.993447333770e-001
-4.795024178875e-002
-4.962243129508e-004
9.826846751176e-003
1.685169549798e-002
1.919646006242e-002
2.114083339276e-002
2.195153631521e-002
2.252483779190e-002
2.308347904522e-002
2.339967964729e-002
2.367839835464e-002
2.401158170014e-002
2.426898873765e-002
2.453984671512e-002
2.483094680513e-002
2.520582384830e-002
2.555490264629e-002
2.594140991380e-002
2.636813950841e-002
2.684189494055e-002
2.736538794239e-002
2.794266080394e-002
2.858001963663e-002
2.927764726056e-002
3.004461535927e-002
3.088066006642e-002
3.178999047188e-002
3.278038099231e-002
3.409835425273e-002
3.531747458774e-002
3.663185009256e-002
3.804063322159e-002
4.014748558184e-002
4.185215908874e-002
4.458234552628e-002
4.659445293275e-002
5.005224478483e-002
5.235226337322e-002
5.656464264200e-002
6.131484315355e-002
6.652116962283e-002
7.195181888928e-002
7.527409160561e-002
8.059484873483e-002
8.392230356143e-002
8.779863836563e-002
9.002396492379e-002
9.148649675923e-002
