  4.4312524e-002
  4.2223851e-002
  4.0342634e-002
  3.8660392e-002
  3.6807046e-002
  3.5436750e-002
  3.4215454e-002
  3.3123184e-002
  3.1782673e-002
  3.0917061e-002
  2.9796159e-002
  2.9118886e-002
  2.8194344e-002
  2.7368349e-002
  2.6914061e-002
  2.6246559e-002
  2.5659076e-002
  2.5363252e-002
  2.4890261e-002
  2.4467463e-002
  2.4078235e-002
  2.3693649e-002
  2.3267501e-002
  2.2716536e-002
  2.1883063e-002
  2.0436858e-002
  1.9033316e-002
  1.4540271e-002
  3.3488682e-003
 -1.3038448e-002
 -1.1555717e-001
 -1.2656467e+000
 -2.6951441e-001
 -2.8981021e-002
  4.7183534e-003
  1.5055478e-002
  1.7940304e-002
  2.0600416e-002
  2.1975430e-002
  2.2775933e-002
  2.3085095e-002
  2.3539486e-002
  2.3928006e-002
  2.4305603e-002
  2.4706527e-002
  2.5150033e-002
  2.5421311e-002
  2.5967087e-002
  2.6586948e-002
  2.7287215e-002
  2.7769806e-002
  2.8627091e-002
  2.9248320e-002
  3.0293253e-002
  3.1085503e-002
  3.2335678e-002
  3.3332863e-002
  3.4451417e-002
  3.5702242e-002
  3.7438120e-002
  3.8986647e-002
  4.0708548e-002
  4.2627792e-002
  4.4757860e-002
  4.7124429e-002
  4.9723295e-002
  5.2565258e-002
  5.5637908e-002
  5.8916243e-002
  6.3352334e-002
  6.7143375e-002
  7.0899568e-002
  7.6440218e-002
  8.2119195e-002
  8.5011732e-002
  8.9134126e-002
  9.1533649e-002
  9.1997604e-002
  9.1068413e-002
  8.9286203e-002
  8.6548787e-002
  8.2539196e-002
  7.8739479e-002
  7.4724402e-002
  7.0698768e-002
  6.6064600e-002
  6.2229078e-002
  5.8753246e-002
  5.4423185e-002
  5.1624774e-002
  4.7890063e-002
  4.5764004e-002
  4.2704925e-002
  3.9981138e-002
  3.8663762e-002
  3.6494214e-002
  3.4603105e-002
  3.2954040e-002
  3.1524596e-002
  3.0286974e-002
  2.9626778e-002
  2.8626365e-002
  2.8066239e-002
  2.7270902e-002
  2.6587960e-002
  2.6176468e-002
  2.5791298e-002
  2.5301474e-002
  2.4985974e-002
  2.4598061e-002
  2.4329557e-002
  2.4069490e-002
  2.3807952e-002
  2.3467937e-002
  2.3151481e-002
  2.2759436e-002
  2.2232856e-002
  2.1473940e-002
  2.0302739e-002
  1.8384195e-002
  1.4706706e-002
  8.0658335e-003
 -6.3899071e-003
 -4.5491506e-002
 -2.0388835e-001
 -1.0269689e+000
 -1.5039416e-001
 -3.9947791e-002
  1.2746092e-003
  1.0720205e-002
  1.7256022e-002
  1.9462726e-002
  2.1293813e-002
  2.2062838e-002
  2.2612161e-002
  2.3149293e-002
  2.3459459e-002
  2.3735600e-002
  2.4069233e-002
  2.4331717e-002
  2.4609127e-002
  2.4910710e-002
  2.5296770e-002
  2.5659478e-002
  2.6060327e-002
  2.6506170e-002
  2.6999984e-002
  2.7545923e-002
  2.8150228e-002
  2.8813384e-002
  2.9544208e-002
  3.0342748e-002
  3.1219193e-002
  3.2173133e-002
  3.3423987e-002
  3.4605734e-002
  3.5883263e-002
  3.7260996e-002
  3.9299317e-002
  4.0980501e-002
  4.2763954e-002
  4.5666090e-002
  4.7770516e-002
  5.1435479e-002
  5.5703136e-002
  6.0578118e-002
  6.5989775e-002
  7.1702688e-002
  7.7339059e-002
  8.0867783e-002
  8.5561959e-002
  8.8366460e-002
  9.0541211e-002
  9.1787735e-002
  9.1906590e-002
  9.0878286e-002
  8.8869221e-002
  8.6160247e-002
  8.1592593e-002
  7.8046202e-002
  7.2387546e-002
  6.9128557e-002
  6.3715278e-002
  5.8684412e-002
  5.4169486e-002
  5.1760534e-002
  4.8027227e-002
  4.4839418e-002
  4.2935741e-002
  4.1122499e-002
  3.8844929e-002
  3.7350116e-002
  3.5956554e-002
  3.4382660e-002
  3.3251888e-002
  3.2205671e-002
  3.1242973e-002
  3.0359005e-002
  2.9554072e-002
  2.8817862e-002
  2.8150228e-002
  2.7544089e-002
  2.6995018e-002
  2.6498717e-002
  2.6052286e-002
  2.5648640e-002
  2.5285938e-002
  2.4957214e-002
  2.4596898e-002
  2.4318774e-002
  2.4055365e-002
  2.3796989e-002
  2.3440501e-002
  2.3125700e-002
  2.2575427e-002
  2.2010489e-002
  2.1213632e-002
  1.9298251e-002
  1.6976361e-002
  1.3060337e-002
 -1.4028068e-004
 -2.2853195e-002
 -1.6883445e-001
 -1.0151342e+000
 -2.8718278e-001
 -6.1088919e-002
 -1.1274704e-002
  6.0370228e-003
  1.3707116e-002
  1.7849251e-002
  1.9992153e-002
  2.1278282e-002
  2.2103021e-002
  2.2666925e-002
  2.3079919e-002
  2.3408339e-002
  2.3753545e-002
  2.4017204e-002
  2.4276447e-002
  2.4542705e-002
  2.4924525e-002
  2.5235858e-002
  2.5570549e-002
  2.6097164e-002
  2.6502194e-002
  2.7174062e-002
  2.7663333e-002
  2.8511797e-002
  2.9495886e-002
  3.0150817e-002
  3.1372761e-002
  3.2784949e-002
  3.4418942e-002
  3.6294331e-002
  3.8442623e-002
  4.0897619e-002
  4.3662398e-002
  4.5511926e-002
  4.8910140e-002
  5.2604100e-002
  5.5395517e-002
  5.8528248e-002
  6.2980805e-002
  6.6667966e-002
  7.0605297e-002
  7.4693611e-002
  7.8768877e-002
  8.2619539e-002
  8.6011527e-002
  8.9436288e-002
  9.1179845e-002
  9.1940139e-002
  9.1409404e-002
  8.8797472e-002
  8.4472675e-002
  7.9221011e-002
  7.3791281e-002
  7.0141505e-002
  6.6374509e-002
  6.1643445e-002
  5.8241929e-002
  5.5001919e-002
  5.1970499e-002
  4.9178263e-002
  4.6627310e-002
  4.4312524e-002
