  6.9622847e-003
  1.5875194e-002
  1.9627428e-002
  2.0822676e-002
  2.2088799e-002
  2.2841194e-002
  2.3354518e-002
  2.3764551e-002
  2.4143377e-002
  2.4533567e-002
  2.4959817e-002
  2.5437114e-002
  2.5978895e-002
  2.6591506e-002
  2.7001088e-002
  2.7756470e-002
  2.8286948e-002
  2.9210439e-002
  2.9890727e-002
  3.1006729e-002
  3.1867653e-002
  3.2834164e-002
  3.4280806e-002
  3.5491155e-002
  3.6843525e-002
  3.8359534e-002
  4.0053299e-002
  4.2170107e-002
  4.4208801e-002
  4.6465717e-002
  4.8950479e-002
  5.1660028e-002
  5.4599847e-002
  5.8372475e-002
  6.1907944e-002
  6.5558609e-002
  7.0806090e-002
  7.4594352e-002
  8.0240882e-002
  8.3335514e-002
  8.7855477e-002
  9.0902093e-002
  9.1997770e-002
  9.1642761e-002
  8.9674388e-002
  8.7295533e-002
  8.4161443e-002
  8.0456134e-002
  7.6426733e-002
  7.2287294e-002
  6.8252673e-002
  6.4441651e-002
  6.0910052e-002
  5.7710231e-002
  5.3657684e-002
  5.1051567e-002
  4.7539992e-002
  4.5532282e-002
  4.2607535e-002
  3.9997352e-002
  3.7684032e-002
  3.5654139e-002
  3.4765757e-002
  3.3143169e-002
  3.2341173e-002
  3.1002855e-002
  2.9841180e-002
  2.8836550e-002
  2.8277973e-002
  2.7469986e-002
  2.6777116e-002
  2.6359957e-002
  2.5969271e-002
  2.5466280e-002
  2.5143472e-002
  2.4842532e-002
  2.4473906e-002
  2.4213688e-002
  2.3958284e-002
  2.3633437e-002
  2.3349101e-002
  2.3012667e-002
  2.2584786e-002
  2.1995617e-002
  2.1129332e-002
  1.9774477e-002
  1.7276707e-002
  1.3105982e-002
  4.8490463e-003
 -1.4250163e-002
 -7.3480195e-002
 -1.8890387e-001
 -4.3896115e-002
  5.7897403e-004
  1.0335519e-002
  1.7041017e-002
  1.9306627e-002
  2.0737194e-002
  2.1979483e-002
  2.2541856e-002
  2.3092190e-002
  2.3404711e-002
  2.3680727e-002
  2.4010815e-002
  2.4265796e-002
  2.4534708e-002
  2.4823454e-002
  2.5138990e-002
  2.5538549e-002
  2.5919351e-002
  2.6340766e-002
  2.6808334e-002
  2.7322928e-002
  2.7889893e-002
  2.8515371e-002
  2.9201784e-002
  2.9950914e-002
  3.0772279e-002
  3.1662139e-002
  3.2811248e-002
  3.3913348e-002
  3.5103530e-002
  3.6385822e-002
  3.8242182e-002
  3.9801829e-002
  4.1461246e-002
  4.4094741e-002
  4.7205670e-002
  4.9394762e-002
  5.3281115e-002
  5.7762572e-002
  6.2818720e-002
  6.8321541e-002
  7.3970048e-002
  7.9350438e-002
  8.2723363e-002
  8.5970946e-002
  8.9333071e-002
  9.1093410e-002
  9.1944015e-002
  9.1759921e-002
  9.0569565e-002
  8.8537693e-002
  8.4860749e-002
  8.1546553e-002
  7.6220857e-002
  7.2802118e-002
  6.7249576e-002
  6.1901403e-002
  5.7009747e-002
  5.2676329e-002
  4.8915180e-002
  4.5686557e-002
  4.3774586e-002
  4.1213858e-002
  3.9594016e-002
  3.8065094e-002
  3.6636358e-002
  3.4997716e-002
  3.3827391e-002
  3.2746178e-002
  3.1749285e-002
  3.0832022e-002
  2.9992433e-002
  2.9225411e-002
  2.8523956e-002
  2.7887948e-002
  2.7310607e-002
  2.6787675e-002
  2.6316421e-002
  2.5889709e-002
  2.5504917e-002
  2.5158687e-002
  2.4843160e-002
  2.4555311e-002
  2.4224487e-002
  2.3965669e-002
  2.3708605e-002
  2.3437191e-002
  2.3012331e-002
  2.2604621e-002
  2.2069497e-002
  2.0907568e-002
  1.9581976e-002
  1.6058355e-002
  1.1478928e-002
 -4.6669133e-003
 -3.4670313e-002
 -2.8382017e-001
 -2.1515155e-001
 -4.3391167e-002
 -5.4619850e-003
  8.9472120e-003
  1.5170385e-002
  1.8444893e-002
  2.0325285e-002
  2.1476103e-002
  2.2226715e-002
  2.2749000e-002
  2.3138317e-002
  2.3515899e-002
  2.3789589e-002
  2.4047926e-002
  2.4304530e-002
  2.4657018e-002
  2.4945847e-002
  2.5254013e-002
  2.5729297e-002
  2.6102584e-002
  2.6709566e-002
  2.7162082e-002
  2.7929589e-002
  2.8471189e-002
  2.9430019e-002
  3.0543478e-002
  3.1831901e-002
  3.3320922e-002
  3.4187359e-002
  3.5988277e-002
  3.8047153e-002
  4.0384818e-002
  4.3017967e-002
  4.4749058e-002
  4.7970822e-002
  5.0258366e-002
  5.4068965e-002
  5.6994549e-002
  6.0254074e-002
  6.4724123e-002
  6.8469670e-002
  7.2411742e-002
  7.6436847e-002
  8.0361299e-002
  8.3975975e-002
  8.7761297e-002
  9.0109139e-002
  9.1499504e-002
  9.1913487e-002
  9.1196220e-002
  8.8505356e-002
  8.4289810e-002
  7.9240445e-002
  7.5862104e-002
  7.0494524e-002
  6.6845662e-002
  6.2212664e-002
  5.8869182e-002
  5.5673477e-002
  5.2665209e-002
  4.9878334e-002
  4.7311117e-002
  4.4976625e-002
  4.2859925e-002
  4.0950326e-002
  3.9229788e-002
  3.7685630e-002
  3.6291388e-002
  3.4691471e-002
  3.3564350e-002
  3.2555339e-002
  3.1295686e-002
  3.0494715e-002
  2.9440553e-002
  2.8805927e-002
  2.7936122e-002
  2.7441698e-002
  2.6728842e-002
  2.6097616e-002
  2.5770515e-002
  2.5258657e-002
  2.4806351e-002
  2.4400084e-002
  2.4021295e-002
  2.3641523e-002
  2.3213627e-002
  2.2653898e-002
  2.1799846e-002
  2.1062674e-002
  1.8884072e-002
  1.4293730e-002
  2.8106617e-003
 -1.4278212e-002
 -1.3586407e-001
 -1.0393026e+000
 -7.4652546e-002
 -2.0661285e-002
  6.9622847e-003
