




0.12703486
0.12703486
0.100796013
0.074557166
0.021168433
-0.0115052915
-0.044179016
-0.0615150065
-0.078850997
-0.038975488105
0.00090002079
0.086894921
0.1732288605
0.2595628
0.246798495
0.23403419
0.16927197
0.10450975
0.043153154
0.02269399215
0.0022348303
0.00900543765
0.015776045
0.024420762
0.033065479
0.047994275
0.053579778
0.059165281
0.051912871
0.044660461
0.0360569565
0.027453452
0.012461456
0.00701846515
0.0015754743
0.0035669488
0.0055584233
0.00843946815
0.011320513
0.017432475
0.021403776
0.025375077
0.031385167
0.037395257
0.0459271465
0.054459036
0.071386877
0.0745850495
0.077783222
0.0754316075
0.073079993
0.0644298415
0.05577969
0.049023133
0.049049907
0.049076681
0.051893799
0.054710917
0.0674083035
0.08010569
0.098208052
0.0929675535
0.087727055
0.071956045
0.056185035
0.0834485625
0.11071209
0.083719565
0.0678444395
0.051969314
0.0502780325
0.048586751
0.0552157185
0.061844686
0.09681755
0.150694305
0.20457106
0.290728055
0.37688505
0.30944256
0.24200007
0.25461173
0.025606285
-0.20339916
-0.45459562
-0.70579208
-0.42978644
-0.1537808
-0.09277937
-0.078859199
-0.064939028
-0.0579680995
-0.050997171
-0.0471202645
-0.043243358
-0.051256243
-0.057068929
-0.062881615
-0.074001561
-0.085121507
-0.0985537885
-0.11198607
-0.09192928
-0.064306034
-0.036682788
0.0114715585
0.059625905
0.0962766525
0.1329274
0.087327506
0.070215049
0.053102592
0.0378837955
0.022664999
-0.0054722745
-0.033609548
-0.039189745
0.0326217625
0.10443327
0.286116615
0.46779996
0.35165625
0.23551254
0.15373518
0.162161775
0.17058837
0.139879505
0.10917064
0.0863434875
0.063516335
0.046727284
0.029938233
0.013277927
0.0146669445
0.016055962
0.01913784
0.022219718
0.025080136
0.027940554
0.031325122
0.0331428505
0.034960579
0.029895153
0.024829727
0.018754608
0.012679489
0.0023425035
-0.0020347419
-0.0064119873
-0.01013593215
-0.013859877
-0.017020742
-0.020181607
-0.012968651
-0.00779161955
-0.0026145881
0.00191633085
0.0064472498
0.0104721159
0.014496982
0.022194018
0.025368795
0.028543572
0.031368931
0.03419429
0.031755895
0.0293175
0.021906792
0.0185826025
0.015258413
0.0119431384
0.0086278638
0.0056406397
0.0026534156
-0.0034159293
-0.0066355581
-0.0098551869
-0.01301674595
-0.016178305
-0.0141113085
-0.012044312
-0.0074087581
-0.0047456773
-0.0020825965
0.00107960355
0.0042418036
0.0081521188
0.012062434
0.022008978
0.026843164
0.03167735
0.029615053
0.027552756
0.023672037
0.019791318
0.010020473
0.00462548873
-0.00076949554
-0.00421312372
-0.0076567519
-0.0054879145
-0.0033190771
0.011734001
0.01836809
0.025002179
0.033669951
0.042337723
0.0517427885
0.061147854
0.086491794
0.114447312
0.14240283
0.146994285
0.15158574
0.139829085
0.12807243
0.085240988
0.064376351
0.043511714
0.0318309955
0.020150277
0.017495959
0.014841641
0.017462043
0.0199643045
0.022466566
0.024741047
0.027015528
0.031657142
0.036298756
0.043552981
0.036217331
0.028881681
0.0153123525
0.001743024
-0.011745265
-0.025233554
-0.056341283
-0.0663447295
-0.076348176
-0.0493144975
-0.022280819
0.021388734
0.065058287
0.13673302
0.18573978
0.23474654
0.209158195
0.18356985
0.14534662
0.10712339
0.035430714
0.01121399
-0.013002734
-0.0372847525
-0.061566771
-0.05460265
-0.047638529
-0.025287549
-0.002936569
0.0404234
0.064228673
0.088033946
0.111795703
0.13555746
0.111335927
0.087114394
-0.0017563643
-0.04573232165
-0.089708279
-0.2374119745
-0.38511567
-0.3891315
-0.39314733
-0.34081633
-0.29135702
-0.24189771
-0.15198942
-0.06208113
0.012514217
0.087109564
0.040984629
0.001215781
-0.038553067
-0.060437622
-0.082322177
-0.0426354916
-0.0029488062
0.091276932
0.132710831
0.17414473
0.199083485
0.22402224
0.1599197865
0.095817333
0.027026716
-0.000849032500000001
-0.028724781
-0.01462670359
-0.00052862618
0.02296891341
0.046466453
0.12786118
0.1220073
0.11615342
0.0897947125
0.063436005
0.0366599759
0.0098839468
0.030833281
0.0505832485
0.070333216
0.0790334355
0.087733655
0.04696907785
0.0062045007
-0.098915636
-0.157627678
-0.21633972
-0.25251743
-0.28869514
-0.196287815
-0.10388049
0.008174009
0.046889994
0.085605979
0.085652677
0.085699375
0.0716444985
0.057589622
0.016502171
0.2357151155
0.45492806
0.325654685
0.19638131
0.18315131
0.16992131
0.48509887
0.605233105
0.72536734
0.4109757985
0.096584257
0.05990528
0.023226303
-0.0093818729
-0.02618600895
-0.042990145
-0.054368375
-0.065746605
-0.024122859
0.017500887
0.15606812
0.19664034
0.23721256
0.18083869
0.12446482
0.119770745
0.11507667
0.50779328
0.113699345
-0.28039459
-0.2111153
-0.14183601
-0.079811028
-0.017786046
-0.025794415
-0.0964798075
-0.1671652
-0.164055625
-0.16094605
-0.125468868
-0.089991686
-0.055069782
-0.0472373515
-0.039404921
-0.0357662005
-0.03212748
-0.0313137685
-0.030500057
-0.036146463
-0.038259157
-0.040371851
-0.034703627
-0.029035403
-0.0128424412
0.0033505206
0.0192588798
0.035167239
0.04858499
0.0479015965
0.047218203
0.0452957225
0.043373242
0.045910197
0.048447152
0.06272548
0.0870564
0.11138732
0.1229199
0.13445248
0.06618228135
-0.0020879173
-0.071876046
-0.0653617745
-0.058847503
-0.041864049
-0.024880595
-0.0146865616
-0.0044925282
0.022181515
0.0373470665
0.052512618
0.079764609
0.1070166
0.115203635
0.12339067
0.066777754
0.077063019
0.087348284
0.269932762
0.45251724
0.173305635
-0.10590597
-0.0017645128
0.0589296286
0.11962377
0.14270971
0.16579565
0.0946479335
0.023500217
0.078724568
0.096760119
0.11479567
0.086254024
0.057712378
0.03247723175
0.0072420855
0.053555049
0.0692943685
0.085033688
0.103905539
0.12277739
0.13630612
0.14983485
0.12031521
0.1100324595
0.099749709
0.0940660625
0.088382416
0.086642332
0.084902248
0.082340994
0.0673462775
0.052351561
0.0162230415
-0.019905478
-0.0464323555
-0.072959233
-0.036127244
-0.012761777
0.01060369
0.0386388145
0.066673939
0.1161606395
0.16564734
0.16724724
0.15833146
0.14941568
0.07415917915
-0.0010973217
-0.06735579585
-0.13361427
-0.10637296
-0.0870251325
-0.067677305
-0.0545970215
-0.041516738
-0.314645644
-0.58777455
-0.050088999
0.0189441355
0.08797727
0.07162491
0.05527255
0.0347183195
0.014164089
-0.014536663
0.0009520775
0.016440818
0.0476239275
0.078807037
0.1094114935
0.14001595
0.18499274
0.166732795
0.14847285
0.113897903
0.079322956
0.0630028705
0.046682785
0.071199971
0.062976868
0.054753765
0.0814332725
0.10811278
0.134556745
0.16100071
0.21866134
0.19561843
0.17257552
0.14980519
0.12703486
