




0.096066448
0.096066448
0.130997429
0.16592841
0.16598208
0.120937326
0.075892572
-0.033990299
-0.14387317
-0.123340855
-0.10280854
-0.052816639
-0.072537666
-0.092258693
-0.3149773265
-0.53769596
-0.3180335785
-0.098371197
0.064097042
0.0648579485
0.065618855
0.043834801
0.022050747
0.0064094097
-0.0092319276
0.0059458937
0.03662558335
0.067305273
0.0958481765
0.12439108
0.16005641
0.19572174
0.17695016
0.15817858
0.088777136
0.065299065
0.041820994
0.0564424675
0.071063941
0.0650887455
0.05911355
0.085619796
0.119494043
0.15336829
0.187677445
0.2219866
0.19245672
0.16292684
0.1120847
0.0776972405
0.043309781
0.0190366565
-0.005236468
-0.024962655
-0.044688842
-0.085882508
-0.04318195617
-0.00048140434
0.06641512783
0.13331166
0.19959542
0.26587918
0.242437375
0.21899557
0.11930153
0.0840807825
0.048860035
0.0266971312
0.0045342274
0.0113491492
0.018164071
0.032530495
0.040327466
0.048124437
0.0532319485
0.05833946
0.050392
0.04244454
0.024686366
0.0173838985
0.010081431
0.005046813495
1.219599E-5
0.003379740145
0.0067472843
0.00963639615
0.012525508
0.019002146
0.0234241455
0.027846145
0.035013798
0.042181451
0.051063794
0.059946137
0.07364438
0.075643865
0.07764335
0.071861423
0.066079496
0.059789175
0.053498854
0.047723169
0.048888958
0.050054747
0.057885665
0.065716583
0.0808682055
0.096019828
0.09435953
0.071160272
0.047961014
0.081158922
0.11435683
0.1028545865
0.091352343
0.07265897
0.053965597
0.04818263
0.054684793
0.061186956
0.082822923
0.10445889
0.164639505
0.22482012
0.37755206
0.314886575
0.25222109
0.24301011
0.23379913
0.059261015
-0.1152771
-0.25077323
-2.119246315
-3.9877194
-2.128188365
-0.26865733
-0.19847442
-0.12829151
-0.083812064
-0.072822505
-0.061832946
-0.0558386655
-0.049844385
-0.046589771
-0.043335157
-0.0481977365
-0.053060316
-0.065330013
-0.0737732115
-0.08221641
-0.09957217
-0.11692793
-0.115502825
-0.11407772
-0.029487353
0.018721986
0.066931325
0.0930895325
0.11924774
0.100262196
0.081276652
0.048060792
0.032588249
0.017115706
-0.0049899625
-0.027095631
-0.0276684285
-0.028241226
0.15810337
0.2837866
0.40946983
0.270244925
0.13102002
0.14568253
0.16034504
0.164402545
0.16846005
0.12488393
0.0916733045
0.058462679
0.045324601
0.032186523
0.0234072635
0.014628004
0.01548871
0.018676327
0.021863944
0.0248185835
0.027773223
0.029762718
0.031752213
0.034992443
0.0296850385
0.024377634
0.0182440915
0.012110549
0.00695994565
0.0018093423
-0.00251719385
-0.00684373
-0.014178558
-0.017268235
-0.020357912
-0.016071318
-0.011784724
-0.0066940741
-0.0016034242
0.0073583736
0.0113420203
0.015325667
0.0188911105
0.022456554
0.0256794975
0.028902441
0.034651835
0.0315372255
0.028422616
0.0247119495
0.021001283
0.0176649155
0.014328548
0.0081865273
0.00520134335
0.0022161594
-0.0008259968
-0.003868153
-0.007123323
-0.010378493
-0.0129984395
-0.015618386
-0.011459598
-0.00912224115
-0.0067848843
-0.0040785848
-0.0013722853
0.00186784725
0.0051079798
0.013193102
0.018434934
0.023676766
0.0274654025
0.031254039
0.028785438
0.026316837
0.017834594
0.0120480482
0.0062615024
0.0018568548
-0.0025477928
-0.00566734815
-0.0087869035
0.00019757887
0.007427325935
0.014657073
0.021427946
0.028198819
0.0357106185
0.043222418
0.0558852645
0.068548111
0.099071085
0.1256404875
0.15220989
0.148967485
0.14572508
0.126938965
0.10815285
0.062360638
0.0495066105
0.036652583
0.0249627505
0.013272918
0.0144724355
0.015671953
0.020143633
0.022104914
0.024066195
0.0280687555
0.032071316
0.036212589
0.040353862
0.031681574
0.0220881945
0.012494815
0.000238107
-0.012018601
-0.0263908565
-0.040763112
-0.0617934345
-0.082823757
-0.056797402
-0.015929354
0.024938694
0.0579754405
0.091012187
0.1367601385
0.18250809
0.19966838
0.148538794
0.097409208
0.0655135805
0.033617953
0.0093147655
-0.014988422
-0.061921015
-0.055800775
-0.049680535
-0.02795807415
-0.0062356133
0.01558982535
0.037415264
0.087707823
0.1139999865
0.14029215
0.092939893
0.045587636
0.0124820415
-0.020623553
-0.0684409615
-0.11625837
-0.31991279
-0.35919873
-0.39848467
-0.378770765
-0.35905686
-0.35900527
-0.35895368
-0.19061366
-0.1106097155
-0.030605771
0.0344932485
0.099592268
0.0601918425
0.020791417
-0.040967119
-0.062686626
-0.084406133
-0.0345822885
0.015241556
0.063533163
0.11182477
0.156142835
0.2004609
0.16169163
0.13102284
0.10035405
0.079994154
0.059634258
0.03020092371
0.00076758942
-0.01812373
0.000278067999999999
0.018679866
0.050004735
0.081329604
0.100237162
0.11914472
0.088462205
0.063314713
0.038167221
0.031543864
0.024920507
0.0418103325
0.058700158
0.082703879
0.0545051785
0.026306478
-0.0266540115
-0.079614501
-0.1377630155
-0.19591153
-0.25260756
-0.30930359
-0.19274733
-0.1264892415
-0.060231153
-0.02714200155
0.0059471499
0.04587601645
0.085804883
0.060876879
0.1771087695
0.29334066
0.259360555
0.22538045
0.193609565
0.16183868
0.71071397
0.406648115
0.10258226
0.0635306205
0.024478981
0.00796965965
-0.0085396617
-0.054692995
-0.061479189
-0.068265383
-0.028641615
0.010982153
0.0807812765
0.1505804
0.165292115
0.18000383
0.12245652
0.1205603
0.11866408
0.363413235
0.60816239
0.0282781
-0.55160619
-0.35743752
-0.2017288055
-0.046020091
-0.041296427
-0.036572763
-0.1023512165
-0.16812967
-0.14518778
-0.118386819
-0.091585858
-0.073799386
-0.056012914
-0.0470172
-0.038021486
-0.031729761
-0.031164327
-0.030598893
-0.033440919
-0.036282945
-0.038363941
-0.040444937
-0.0356943285
-0.03094372
0
0.0165153035
0.033030607
0.040613716
0.048196825
0.047885269
0.047573713
0.043335344
0.046697499
0.050059654
0.0590091515
0.067958649
0.0890376145
0.11011658
0.095262269
0.04490625895
-0.0054497511
-0.04636953955
-0.087289328
-0.073153795
-0.059018262
-0.037504858
-0.015991454
0.0024026246
0.0121614588
0.021920293
0.0494658695
0.077011446
0.092240083
0.10746872
0.12202301
0.116861245
0.11169948
0.219824105
0.32794873
0.09207691
-0.14379491
-1.1782532
-0.6223057635
-0.066358327
-0.0262780505
0.013802226
0.0565096295
0.099217033
0.095756756
0.069292424
0.042828092
0.080441126
0.11805416
0.0940096645
0.069965169
0.043438372
0.016911575
0.046978186
0.0634885425
0.079998899
0.0952398745
0.11048085
0.12652204
0.14256323
0.1226153
0.1107523865
0.098889473
0.093043667
0.087197861
0.0863026235
0.085407386
0.082602066
0.056678431
0.030754796
0.0051966525
-0.020361491
-0.0540174015
-0.087673312
-0.03716702
-0.0049926485
0.027181723
0.0616240855
0.096066448
