




-0.00525812974246
-0.02071659148288
0.021878483943
0.05337426815812
0.08487005237324
0.11598387356317
0.1470976947531
0.16478535189965
0.1824730090462
0.1084315495755
0.077478746655715
0.04652594373593
0.05727981841788
0.06803369309983
0.061819947822025
0.05560620254422
0.09107793286131
0.124051977723655
0.157026022586
0.1895063093169
0.2219865960478
0.2001439746466
0.1783013532454
0.1177098023255
0.099787615760465
0.08186542919543
0.04249932550605
0.00313322181667
-0.01737120807364
-0.03787563796395
-0.08781633065107
-0.049449486802525
-0.01108264295398
0.05212653047736
0.1153357039087
0.1755946231686
0.2358535424285
0.2555862358256
0.2025567738705
0.1495273119154
0.10096987775102
0.05241244358664
0.0262131829388074
1.392229097476E-5
0.01351779690269
0.02055832829272
0.02759885968275
0.036565100623525
0.0455313415643
0.05316701456671
0.06080268756912
0.04718722369775
0.038579576454855
0.02997192921196
0.02217482509739
0.01437772098282
0.002881830642879
0.003784667974542
0.004687505306205
0.0075982443118375
0.01050898331747
0.013504766183125
0.01650054904878
0.0240955363977
0.029726148227295
0.03535676005689
0.043859566127755
0.05236237219862
0.05992021052053
0.06747804884244
0.07762508250499
0.07584374976062
0.07406241701625
0.068417513563185
0.06277261011012
0.05607481953298
0.04937702895584
0.04775692417723
0.050922033699515
0.0540871432218
0.06624317138696
0.07839919955212
0.086541420107845
0.09468364066357
0.09737213343271
0.09264354736005
0.08791496128739
0.0722602708199
0.05660558035241
0.083952523644305
0.1112994669362
0.08186875126535
0.066542121590335
0.05121549191532
0.049530574459665
0.04784565700401
0.055639958101685
0.06343425919936
0.1078475343955
0.1621665855452
0.2164856366949
0.30359914728785
0.3907126578808
0.3137681986001
0.2705630112324
0.2273578238647
0.23673072699035
0.246103630116
5.94976302000089E-5
-0.2459846348556
-1.924576548021
-1.0443459386353
-0.1641153292496
-0.13135944200975
-0.0986035547699
-0.08321596294404
-0.06782837111818
-0.05256035035787
-0.04836340589702
-0.04416646143617
-0.0469555467265
-0.04974463201683
-0.05524922131405
-0.06075381061127
-0.08132512176351
-0.093917485513705
-0.1065098492639
-0.10450383293575
-0.1024978166076
-0.07533646840204
-0.04817512019648
0.04830038836553
0.075368390698115
0.1024363930307
0.098492997059915
0.09454960108913
0.076523289124925
0.05849697716072
0.01952080969986
-0.001598088759275
-0.02271698721841
-0.03541585979083
-0.04811473236325
0.006771865543375
0.06165846345
0.4992202663758
0.3753155656855
0.2514108649952
0.19413485171075
0.1368588384263
0.15327252697925
0.1696862155322
0.1631259780731
0.13517317223655
0.1072203664
0.08455567604528
0.06189098569056
0.02887417467697
0.020678876290785
0.0124835779046
0.014482247097645
0.01648091629069
0.01952614872537
0.02257138116005
0.02822697482095
0.030142093943485
0.03205721306602
0.033619688326155
0.03518216358629
0.02948011994314
0.02377807629999
0.0117624275982
0.0066533705872825
0.001544313576365
-0.0027817659572525
-0.00710784549087
-0.01077280854536
-0.01443777159985
-0.02063339089538
-0.016380922734645
-0.01212845457391
-0.007019193995999
-0.001909933418088
0.002586083216612
0.007082099851312
0.01571907365332
0.019234941478845
0.02275080930437
0.02590108327273
0.02905135724109
0.03186498300777
0.03467860877445
0.02858435861307
0.02490093536038
0.02121751210769
0.017921958840465
0.01462640557324
0.011312038450898
0.007997671328556
0.002028637797817
-0.0010169469569885
-0.004062531711794
-0.007308175193617
-0.01055381867544
-0.01577893162611
-0.01369540153984
-0.01161187145357
-0.0092707661602525
-0.006929660866935
-0.0042197610962505
-0.001509861325566
0.004946151296335
0.0089317704276875
0.01291738955904
0.018048755548135
0.02318012153723
0.027304056493625
0.03142799145002
0.02686250307148
0.02280651638088
0.01875052969028
0.013024386061976
0.007298242433672
0.0028049728880015
-0.001688296657669
-0.008258147471105
-0.004858729847824
-0.001459312224543
0.0059192445775185
0.01329780137958
0.019944277426885
0.02659075347419
0.04444704977898
0.054243326194425
0.06403960260987
0.077421472527935
0.090803342446
0.1206595131194
0.1505156837928
0.1505865033742
0.13704116007325
0.1234958167723
0.10165313440177
0.07981045203124
0.06663705397376
0.05346365591628
0.01581210896012
0.014925962181175
0.01403981540223
0.01603290092931
0.01802598645639
0.019689333482055
0.02135268050772
0.02800543662144
0.03125963139268
0.03451382616392
0.037940219841705
0.04136661351949
0.02581713382123
0.015302346372455
0.00478755892368
-0.012783759304095
-0.03035507753187
-0.046146216365525
-0.06193735519918
-0.09102614389816
-0.051489691409635
-0.01195323892111
0.01667200622394
0.04529725136899
0.098366877483195
0.1514365035974
0.2347465369227
0.20068700449805
0.1666274720734
0.12655899418239
0.08649051629138
0.05781149997413
0.02913248365688
-0.01862880990511
-0.045901967332105
-0.0731751247591
-0.055117902932955
-0.03706068110681
-0.01722635159622
0.00260797791437
0.04634487989962
0.07021259490586
0.0940803099121
0.1055597164915
0.1170391230709
0.0857937142269
0.0545483053829
-0.00860551139014
-0.08717618651857
-0.165746861647
-0.27907525262765
-0.3924036436083
-0.3894235582154
-0.3864434728225
-0.3426233948856
-0.2804864964461
-0.2183495980066
-0.13115420602742
-0.04395881404824
0.02935768598213
0.1026741860125
0.03195001143013
-0.00652172707862
-0.04499346558737
-0.06555373210376
-0.08611399862015
0.007990870811997
0.0547211801141485
0.1014514894163
0.14278382575175
0.1841161620872
0.19485087559475
0.2055855891023
0.0857185226899
0.053042101794975
0.02036568090005
-0.00390664782341
-0.02817897654687
-0.0121001496939465
0.003978677158977
0.05401993932874
0.09052846835437
0.12703699738
0.1192497166217
0.1114624358634
0.08308297574329
0.05470351562318
2.31392543318E-5
0.0185118627338159
0.0370005862133
0.05554457222562
0.07408855823794
0.0816937679343
0.08929897763066
-0.01016371615111
-0.063378016674155
-0.1165923171972
-0.176980256265
-0.2373681953328
-0.2487615975223
-0.2601549997118
-0.08998198949073
-0.03399917301295
0.02198364346483
0.053944036059815
0.0859044286548
0.080710340905455
0.07551625315611
0.06479531452279
0.243509460146695
0.4222236057706
0.301085581129
0.1799475564874
0.1800262178395
0.3890701002545
0.5981139826695
0.63875729651035
0.6794006103512
0.39802137512315
0.1166421398951
0.02906345575886
0.0118518685461
-0.00535971866666
-0.02140115106971
-0.03744258347276
-0.054473969931345
-0.07150535638993
0.004378131412007
0.0714079232397035
0.1384377150674
0.18573334933965
0.2330289836119
0.18234233535625
0.1316556871006
0.1099815499462
0.2567863565633
0.4035911631804
0.201613024350224
-0.0003651144799527
-0.245557352868176
-0.4907495912564
-0.06260906880456
-0.0313584251847397
-0.0001077815649194
-0.0807731289652097
-0.1614384763655
-0.1558430391691
-0.1502476019727
-0.09781544886856
-0.07794524423394
-0.05807503959932
-0.049403662813835
-0.04073228602835
-0.03633441038197
-0.03193653473559
-0.03052499517797
-0.03329643551609
-0.03606787585421
-0.03825811732361
-0.04044835879301
-0.03576245369174
-0.03107654859047
0
0.016436289827625
0.03287257965525
0.040475609091475
0.0480786385277
0.04776580586418
0.04554734163548
0.04332887740678
0.04536145583666
0.04739403426654
0.056524810724525
0.06565558718251
0.1027896597343
0.1213707568154
0.1399518538965
0.07786712252311
0.01578239114972
-0.034288274133475
-0.08435893941667
-0.06722780779871
-0.043059018488235
-0.01889022917776
-0.00944823945299872
-6.249728237447E-6
0.00943449572788628
0.01887524118401
0.06719243573181
0.085259059502055
0.1033256832723
0.11455165543995
0.1257776276076
0.084683535439835
0.04358944327207
0.52073368292
0.260477139621276
0.0002205963225527
-0.291705479996374
-0.5836315563153
-0.6050676805362
-0.6265038047571
-0.04406008409368
-0.004214188753325
0.03563170658703
0.081137023242615
0.1266423398982
0.08447814079944
0.04231394170068
0.05120455877827
0.089842143299435
0.1284797278206
0.111533737355095
0.09458774688959
0.01098178720232
0.02235734518153
0.03373290316074
0.0588547714085
0.08397663965626
0.09873946941718
0.1135022991781
0.1441091849379
0.13340565328155
0.1227021216252
0.11114901716219
0.09959591269918
0.09366131229041
0.08772671188164
0.08511856022034
0.08520942639996
0.08530029257958
0.06189492051516
0.03848954845074
0.013766569037635
-0.01095641037547
-0.08652315898914
-0.06473146625852
-0.0429397735279
-0.011061544204565
0.02081668511877
0.052675256804975
0.08453382849118
0.1631259780731
0.16640609680265
0.1696862155322
0.1426658873095
0.1156455590868
0.00190292632230001
-0.1118397064422
-0.1738349865833
-0.1276187208276
-0.0814024550719
-0.068980179783355
-0.05655790449481
-0.06176980142423
-0.06698169835365
-0.4027869173663
-0.4633435599733
-0.5239002025803
-0.27449356493931
-0.02508692729832
0.03903192145909
0.1031507702165
0.06127405854705
0.035737195272505
0.01020033199796
