




-0.01719296760886
0.00234275816707
0.021878483943
0.06743727574807
0.08487005237324
0.1470976947531
0.17851552096545
0.2099333471778
0.1824730090462
0.1471925697339
0.1278120596547
0.1084315495755
0.07920585230819
0.04652594373593
0.06803369309983
0.069638413433575
0.07124313376732
0.05560620254422
0.09107793286131
0.1333174840675
0.14517175332675
0.157026022586
0.2219865960478
0.1783013532454
0.16888373921705
0.1594661251887
0.1177098023255
0.08186542919543
0.03425489273147
0.01869405727407
0.00313322181667
-0.03787563796395
-0.06357174238581
-0.07569403651844
-0.08781633065107
-0.01108264295398
0.07333542840401
0.1153357039087
0.1755946231686
0.2358535424285
0.2555862358256
0.1495273119154
0.13124512837325
0.1129629448311
0.05241244358664
1.392229097476E-5
0.01351779690269
0.02055832829272
0.02759885968275
0.03072730111326
0.0455313415643
0.06080268756912
0.053994955633435
0.04718722369775
0.02997192921196
0.01437772098282
0.0086297758128495
0.002881830642879
0.004687505306205
0.01050898331747
0.01650054904878
0.02029804272324
0.0240955363977
0.03535676005689
0.05236237219862
0.05992021052053
0.06747804884244
0.07587612190877
0.07762508250499
0.07406241701625
0.068417513563185
0.06277261011012
0.05388544589624
0.04937702895584
0.048566976566535
0.04775692417723
0.04907668067611
0.0540871432218
0.06462365812876
0.07151142884044
0.07839919955212
0.09468364066357
0.09813606311512
0.09737213343271
0.09264354736005
0.08791496128739
0.07214784003126
0.05660558035241
0.083952523644305
0.1112994669362
0.1142921615565
0.08186875126535
0.05121549191532
0.049530574459665
0.04784565700401
0.05659155568436
0.06343425919936
0.08564089679743
0.1078475343955
0.2164856366949
0.3367264371426
0.3907126578808
0.35224042824045
0.3137681986001
0.2273578238647
0.2064730786663
0.22628835439115
0.246103630116
-0.2459846348556
-0.3321414392717
-1.924576548021
-1.15770767648235
-0.3908388049437
-0.1641153292496
-0.0986035547699
-0.06782837111818
-0.060194360738025
-0.05256035035787
-0.04416646143617
-0.04974463201683
-0.05524922131405
-0.06075381061127
-0.06513616728832
-0.08132512176351
-0.1065098492639
-0.11722539068735
-0.1279409321108
-0.1024978166076
-0.04817512019648
6.26340845250005E-5
0.04830038836553
0.1024363930307
0.1278909794945
0.09454960108913
0.076523289124925
0.05849697716072
0.03517276511532
0.01952080969986
-0.001598088759275
-0.02271698721841
-0.04811473236325
0.06165846345
0.1416381315445
0.32042919896015
0.4992202663758
0.3282475057665
0.2514108649952
0.1368588384263
0.14441430473315
0.15196977104
0.1696862155322
0.1706262998971
0.1668761389851
0.1631259780731
0.1072203664
0.06189098569056
0.05253072429117
0.04070244948407
0.02887417467697
0.0124835779046
0.01648091629069
0.01952614872537
0.02257138116005
0.02636167913914
0.02822697482095
0.03205721306602
0.033619688326155
0.03518216358629
0.02377807629999
0.0117624275982
0.0066533705872825
0.001544313576365
-0.00710784549087
-0.01443777159985
-0.02063339089538
-0.016380922734645
-0.01212845457391
-0.001909933418088
0.007082099851312
0.01373305627443
0.014726064963875
0.01571907365332
0.02275080930437
0.02905135724109
0.03186498300777
0.03467860877445
0.02858435861307
0.02121751210769
0.01462640557324
0.012244699139499
0.009862992705758
0.007997671328556
0.002028637797817
-0.0010169469569885
-0.004062531711794
-0.01055381867544
-0.01577893162611
-0.01161187145357
-0.0092707661602525
-0.006929660866935
-0.001509861325566
0.004946151296335
0.0089317704276875
0.01291738955904
0.02318012153723
0.03142799145002
0.02686250307148
0.02280651638088
0.01875052969028
0.01423347674751
0.007298242433672
-0.001688296657669
-0.004973222064387
-0.008258147471105
-0.001459312224543
0.01329780137958
0.019944277426885
0.02659075347419
0.03562146568874
0.04444704977898
0.06403960260987
0.077421472527935
0.090803342446
0.1270545860494
0.1505156837928
0.1505510935835
0.1505865033742
0.1415592992692
0.1234958167723
0.09930551863417
0.089557985332705
0.07981045203124
0.05346365591628
0.03872576103328
0.0272689349967
0.01581210896012
0.01403981540223
0.01531777223683
0.01802598645639
0.019689333482055
0.02135268050772
0.02323836351827
0.02800543662144
0.03451382616392
0.037040920074465
0.03956801398501
0.04136661351949
0.02581713382123
0.015302346372455
0.00478755892368
-0.01053881875966
-0.03035507753187
-0.06193735519918
-0.07648174954867
-0.09102614389816
-0.06598291439756
-0.01195323892111
0.01667200622394
0.04529725136899
0.07734932194665
0.1514365035974
0.2347465369227
0.20068700449805
0.1666274720734
0.08649051629138
0.02913248365688
0.005251836875885
-0.01862880990511
-0.03677899509285
-0.0731751247591
-0.03706068110681
-0.01722635159622
0.00260797791437
0.04634487989962
0.0940803099121
0.1404431053873
0.1287411142291
0.1170391230709
0.0545483053829
-0.00860551139014
-0.027841453537615
-0.04707739568509
-0.165746861647
-0.3924036436083
-0.3864434728225
-0.36788088272125
-0.34931829262
-0.3426233948856
-0.3548536720164
-0.2866016350115
-0.2183495980066
-0.04395881404824
0.1026741860125
0.03195001143013
0.010343856637405
-0.01126229815532
-0.04499346558737
-0.08611399862015
-0.0390615639040765
0.007990870811997
0.1014514894163
0.1841161620872
0.2282594295078
0.21692250930505
0.2055855891023
0.1316952948492
0.0857185226899
0.05131288585843
0.03583928337924
0.02036568090005
-0.004340693561248
-0.02817897654687
-0.021306442213995
-0.01443390788112
0.003978677158977
0.02641743612326
0.05401993932874
0.07649160132561
0.09896326332248
0.12703699738
0.1114624358634
0.096923136363875
0.08238383686435
0.05470351562318
2.31392543318E-5
0.0370005862133
0.0488894477017
0.0607783091901
0.07408855823794
0.08929897763066
0.039567630739775
-0.01016371615111
-0.1165923171972
-0.2373681953328
-0.3078797961179
-0.28401739791485
-0.2601549997118
-0.1654129256278
-0.08998198949073
-0.02253327301274
-0.000274814773954999
0.02198364346483
0.0859044286548
0.08507769466238
0.080296973909245
0.07551625315611
0.04735523220145
0.06479531452279
0.4095013382431
0.41586247200685
0.4222236057706
0.1799475564874
0.1800262178395
0.3890701002545
0.5981139826695
0.9649964891907
0.6794006103512
0.2492072064765
0.1829246731858
0.1166421398951
0.02906345575886
-0.00535971866666
-0.02140115106971
-0.03744258347276
-0.05017656840298
-0.07150535638993
0.004378131412007
0.0714079232397035
0.1384377150674
0.2330289836119
0.2021199366235
0.1316556871006
0.1207622163366
0.1098687455726
0.1099815499462
0.182069849765
0.2928305064727
0.4035911631804
-0.0003651144799527
-0.4907495912564
-0.191371539487
-0.12699030414578
-0.06260906880456
-0.02393714989548
-0.0001077815649194
-0.0515396844232097
-0.1029715872815
-0.1614384763655
-0.1656095265705
-0.1502476019727
-0.12403152542063
-0.09781544886856
-0.05807503959932
-0.04073228602835
-0.0390016113095
-0.03727093659065
-0.03193653473559
-0.03052499517797
-0.03606787585421
-0.03825811732361
-0.04044835879301
-0.03107654859047
0
0.03287257965525
0.040475609091475
0.0480786385277
0.04776580586418
0.04332887740678
0.04536145583666
0.04739403426654
0.05136016991405
0.06565558718251
0.1027896597343
0.1213707568154
0.1399518538965
0.112327159824
0.01578239114972
-0.023794910538615
-0.06337221222695
-0.08435893941667
-0.06722780779871
-0.02927378793256
-0.02408200855516
-0.01889022917776
-6.249728237447E-6
0.01887524118401
0.024065462429025
0.02925568367404
0.06719243573181
0.1033256832723
0.116092098134
0.1209348628708
0.1257776276076
0.0910731054535
0.04358944327207
0.3397570127188
0.4302453478194
0.52073368292
0.0002205963225527
-0.5836315563153
-0.6050676805362
-0.6265038047571
-0.1484695290194
-0.04406008409368
0.002500774844894
0.019066240715962
0.03563170658703
0.1266423398982
0.1676508738304
0.10498240776554
0.04231394170068
0.02514980286647
0.05120455877827
0.08633897870985
0.107409353265225
0.1284797278206
0.09458774688959
0.0585940757006
0.03478793145146
0.01098178720232
0.03373290316074
0.05274073305563
0.08397663965626
0.09873946941718
0.1135022991781
0.1441091849379
0.1507224698671
0.1227021216252
0.1130562663109
0.1034104109966
0.09959591269918
0.08772671188164
0.08642263605099
0.08511856022034
0.08530029257958
0.06822072089137
0.03848954845074
0.013766569037635
-0.01095641037547
-0.04882696313663
-0.08652315898914
-0.06473146625852
-0.0429397735279
0.003746928765167
0.02081668511877
0.08453382849118
0.12382990328214
0.1631259780731
0.1706262998971
0.1696862155322
0.1608279932861
0.15196977104
0.1156455590868
-0.02017115020871
-0.1118397064422
-0.14283734651275
-0.1738349865833
-0.1191224033405
-0.0814024550719
-0.05655790449481
-0.051809324063045
-0.04706074363128
-0.06698169835365
-0.4027869173663
-0.4633435599733
-0.5239002025803
-0.02508692729832
0.1031507702165
0.06127405854705
0.04870042416528
0.03612678978351
0.01020033199796
