-1.719296760886e-002
2.187848394300e-002
6.743727574807e-002
8.487005237324e-002
1.470976947531e-001
2.099333471778e-001
1.824730090462e-001
1.471925697339e-001
1.084315495755e-001
7.920585230819e-002
4.652594373593e-002
6.803369309983e-002
7.124313376732e-002
5.560620254422e-002
9.107793286131e-002
1.333174840675e-001
1.570260225860e-001
2.219865960478e-001
1.783013532454e-001
1.594661251887e-001
1.177098023255e-001
8.186542919543e-002
3.425489273147e-002
3.133221816670e-003
-3.787563796395e-002
-6.357174238581e-002
-8.781633065107e-002
-1.108264295398e-002
7.333542840401e-002
1.153357039087e-001
2.358535424285e-001
2.555862358256e-001
1.495273119154e-001
1.129629448311e-001
5.241244358664e-002
1.392229097476e-005
1.351779690269e-002
2.759885968275e-002
3.072730111326e-002
4.553134156430e-002
6.080268756912e-002
4.718722369775e-002
2.997192921196e-002
1.437772098282e-002
2.881830642879e-003
4.687505306205e-003
1.050898331747e-002
1.650054904878e-002
2.409553639770e-002
3.535676005689e-002
5.236237219862e-002
6.747804884244e-002
7.587612190877e-002
7.762508250499e-002
7.406241701625e-002
6.277261011012e-002
5.388544589624e-002
4.937702895584e-002
4.775692417723e-002
4.907668067611e-002
5.408714322180e-002
6.462365812876e-002
7.839919955212e-002
9.468364066357e-002
9.813606311512e-002
9.737213343271e-002
8.791496128739e-002
7.214784003126e-002
5.660558035241e-002
1.112994669362e-001
1.142921615565e-001
8.186875126535e-002
5.121549191532e-002
4.784565700401e-002
5.659155568436e-002
6.343425919936e-002
1.078475343955e-001
2.164856366949e-001
3.367264371426e-001
3.907126578808e-001
3.137681986001e-001
2.273578238647e-001
2.064730786663e-001
2.461036301160e-001
-2.459846348556e-001
-3.321414392717e-001
-1.924576548021e+000
-3.908388049437e-001
-1.641153292496e-001
-9.860355476990e-002
-6.782837111818e-002
-5.256035035787e-002
-4.416646143617e-002
-4.974463201683e-002
-6.075381061127e-002
-6.513616728832e-002
-8.132512176351e-002
-1.065098492639e-001
-1.279409321108e-001
-1.024978166076e-001
-4.817512019648e-002
4.830038836553e-002
1.024363930307e-001
1.278909794945e-001
9.454960108913e-002
5.849697716072e-002
3.517276511532e-002
1.952080969986e-002
-2.271698721841e-002
-4.811473236325e-002
6.165846345000e-002
1.416381315445e-001
4.992202663758e-001
3.282475057665e-001
2.514108649952e-001
1.368588384263e-001
1.519697710400e-001
1.696862155322e-001
1.706262998971e-001
1.631259780731e-001
1.072203664000e-001
6.189098569056e-002
5.253072429117e-002
2.887417467697e-002
1.248357790460e-002
1.648091629069e-002
2.257138116005e-002
2.636167913914e-002
2.822697482095e-002
3.205721306602e-002
3.518216358629e-002
2.377807629999e-002
1.176242759820e-002
1.544313576365e-003
-7.107845490870e-003
-1.443777159985e-002
-2.063339089538e-002
-1.212845457391e-002
-1.909933418088e-003
7.082099851312e-003
1.373305627443e-002
1.571907365332e-002
2.275080930437e-002
2.905135724109e-002
3.467860877445e-002
2.858435861307e-002
2.121751210769e-002
1.462640557324e-002
9.862992705758e-003
7.997671328556e-003
2.028637797817e-003
-4.062531711794e-003
-1.055381867544e-002
-1.577893162611e-002
-1.161187145357e-002
-6.929660866935e-003
-1.509861325566e-003
4.946151296335e-003
1.291738955904e-002
2.318012153723e-002
3.142799145002e-002
2.686250307148e-002
1.875052969028e-002
1.423347674751e-002
7.298242433672e-003
-1.688296657669e-003
-8.258147471105e-003
-1.459312224543e-003
1.329780137958e-002
2.659075347419e-002
3.562146568874e-002
4.444704977898e-002
6.403960260987e-002
9.080334244600e-002
1.270545860494e-001
1.505156837928e-001
1.505865033742e-001
1.415592992692e-001
1.234958167723e-001
9.930551863417e-002
7.981045203124e-002
5.346365591628e-002
3.872576103328e-002
1.581210896012e-002
1.403981540223e-002
1.531777223683e-002
1.802598645639e-002
2.135268050772e-002
2.323836351827e-002
2.800543662144e-002
3.451382616392e-002
3.956801398501e-002
4.136661351949e-002
2.581713382123e-002
4.787558923680e-003
-1.053881875966e-002
-3.035507753187e-002
-6.193735519918e-002
-9.102614389816e-002
-6.598291439756e-002
-1.195323892111e-002
4.529725136899e-002
7.734932194665e-002
1.514365035974e-001
2.347465369227e-001
1.666274720734e-001
8.649051629138e-002
2.913248365688e-002
-1.862880990511e-002
-3.677899509285e-002
-7.317512475910e-002
-3.706068110681e-002
2.607977914370e-003
4.634487989962e-002
9.408030991210e-002
1.404431053873e-001
1.170391230709e-001
5.454830538290e-002
-8.605511390140e-003
-4.707739568509e-002
-1.657468616470e-001
-3.924036436083e-001
-3.864434728225e-001
-3.493182926200e-001
-3.426233948856e-001
-3.548536720164e-001
-2.183495980066e-001
-4.395881404824e-002
1.026741860125e-001
3.195001143013e-002
-1.126229815532e-002
-4.499346558737e-002
-8.611399862015e-002
7.990870811997e-003
1.014514894163e-001
1.841161620872e-001
2.282594295078e-001
2.055855891023e-001
1.316952948492e-001
8.571852268990e-002
5.131288585843e-002
2.036568090005e-002
-4.340693561248e-003
-2.817897654687e-002
-1.443390788112e-002
3.978677158977e-003
2.641743612326e-002
5.401993932874e-002
9.896326332248e-002
1.270369973800e-001
1.114624358634e-001
8.238383686435e-002
5.470351562318e-002
2.313925433180e-005
3.700058621330e-002
6.077830919010e-002
7.408855823794e-002
8.929897763066e-002
-1.016371615111e-002
-1.165923171972e-001
-2.373681953328e-001
-3.078797961179e-001
-2.601549997118e-001
-1.654129256278e-001
-8.998198949073e-002
-2.253327301274e-002
2.198364346483e-002
8.590442865480e-002
8.507769466238e-002
7.551625315611e-002
4.735523220145e-002
6.479531452279e-002
4.095013382431e-001
4.222236057706e-001
1.799475564874e-001
1.800262178395e-001
5.981139826695e-001
9.649964891907e-001
6.794006103512e-001
2.492072064765e-001
1.166421398951e-001
2.906345575886e-002
-5.359718666660e-003
-3.744258347276e-002
-5.017656840298e-002
-7.150535638993e-002
4.378131412007e-003
1.384377150674e-001
2.330289836119e-001
2.021199366235e-001
1.316556871006e-001
1.098687455726e-001
1.099815499462e-001
1.820698497650e-001
4.035911631804e-001
-3.651144799527e-004
-4.907495912564e-001
-1.913715394870e-001
-6.260906880456e-002
-2.393714989548e-002
-1.077815649194e-004
-1.029715872815e-001
-1.614384763655e-001
-1.656095265705e-001
-1.502476019727e-001
-9.781544886856e-002
-5.807503959932e-002
-4.073228602835e-002
-3.727093659065e-002
-3.193653473559e-002
-3.052499517797e-002
-3.606787585421e-002
-4.044835879301e-002
-3.107654859047e-002
000000000000
3.287257965525e-002
4.807863852770e-002
4.776580586418e-002
4.332887740678e-002
4.739403426654e-002
5.136016991405e-002
6.565558718251e-002
1.027896597343e-001
1.399518538965e-001
1.123271598240e-001
1.578239114972e-002
-6.337221222695e-002
-8.435893941667e-002
-6.722780779871e-002
-2.927378793256e-002
-1.889022917776e-002
-6.249728237447e-006
1.887524118401e-002
2.925568367404e-002
6.719243573181e-002
1.033256832723e-001
1.160920981340e-001
1.257776276076e-001
9.107310545350e-002
4.358944327207e-002
3.397570127188e-001
5.207336829200e-001
2.205963225527e-004
-5.836315563153e-001
-6.265038047571e-001
-1.484695290194e-001
-4.406008409368e-002
2.500774844894e-003
3.563170658703e-002
1.266423398982e-001
1.676508738304e-001
4.231394170068e-002
2.514980286647e-002
5.120455877827e-002
8.633897870985e-002
1.284797278206e-001
9.458774688959e-002
5.859407570060e-002
1.098178720232e-002
3.373290316074e-002
5.274073305563e-002
8.397663965626e-002
1.135022991781e-001
1.441091849379e-001
1.507224698671e-001
1.227021216252e-001
1.034104109966e-001
9.959591269918e-002
8.772671188164e-002
8.511856022034e-002
8.530029257958e-002
6.822072089137e-002
3.848954845074e-002
-1.095641037547e-002
-4.882696313663e-002
-8.652315898914e-002
-4.293977352790e-002
3.746928765167e-003
2.081668511877e-002
8.453382849118e-002
1.631259780731e-001
1.706262998971e-001
1.696862155322e-001
1.519697710400e-001
1.156455590868e-001
-2.017115020871e-002
-1.118397064422e-001
-1.738349865833e-001
-1.191224033405e-001
-8.140245507190e-002
-5.655790449481e-002
-4.706074363128e-002
-6.698169835365e-002
-4.027869173663e-001
-5.239002025803e-001
-2.508692729832e-002
1.031507702165e-001
6.127405854705e-002
3.612678978351e-002
1.020033199796e-002
