  9.6066448e-002
  1.6592841e-001
  1.6598208e-001
  7.5892572e-002
 -1.4387317e-001
 -1.0280854e-001
 -5.2816639e-002
 -9.2258693e-002
 -5.3769596e-001
 -9.8371197e-002
  6.4097042e-002
  6.5618855e-002
  2.2050747e-002
 -9.2319276e-003
  5.9458937e-003
  6.7305273e-002
  1.2439108e-001
  1.9572174e-001
  1.5817858e-001
  8.8777136e-002
  4.1820994e-002
  7.1063941e-002
  5.9113550e-002
  8.5619796e-002
  1.5336829e-001
  2.2198660e-001
  1.6292684e-001
  1.1208470e-001
  4.3309781e-002
 -5.2364680e-003
 -4.4688842e-002
 -8.5882508e-002
 -4.8140434e-004
  1.3331166e-001
  2.6587918e-001
  2.1899557e-001
  1.1930153e-001
  4.8860035e-002
  4.5342274e-003
  1.8164071e-002
  3.2530495e-002
  4.8124437e-002
  5.8339460e-002
  4.2444540e-002
  2.4686366e-002
  1.0081431e-002
  1.2195990e-005
  6.7472843e-003
  1.2525508e-002
  1.9002146e-002
  2.7846145e-002
  4.2181451e-002
  5.9946137e-002
  7.3644380e-002
  7.7643350e-002
  6.6079496e-002
  5.3498854e-002
  4.7723169e-002
  5.0054747e-002
  6.5716583e-002
  9.6019828e-002
  9.4359530e-002
  4.7961014e-002
  1.1435683e-001
  9.1352343e-002
  5.3965597e-002
  4.8182630e-002
  6.1186956e-002
  1.0445889e-001
  2.2482012e-001
  3.7755206e-001
  2.5222109e-001
  2.3379913e-001
 -1.1527710e-001
 -2.5077323e-001
 -3.9877194e+000
 -2.6865733e-001
 -1.2829151e-001
 -8.3812064e-002
 -6.1832946e-002
 -4.9844385e-002
 -4.3335157e-002
 -5.3060316e-002
 -6.5330013e-002
 -8.2216410e-002
 -1.1692793e-001
 -1.1407772e-001
 -2.9487353e-002
  6.6931325e-002
  1.1924774e-001
  8.1276652e-002
  4.8060792e-002
  1.7115706e-002
 -2.7095631e-002
 -2.8241226e-002
  1.5810337e-001
  4.0946983e-001
  1.3102002e-001
  1.6034504e-001
  1.6846005e-001
  1.2488393e-001
  5.8462679e-002
  3.2186523e-002
  1.4628004e-002
  1.5488710e-002
  2.1863944e-002
  2.7773223e-002
  3.1752213e-002
  3.4992443e-002
  2.4377634e-002
  1.2110549e-002
  1.8093423e-003
 -6.8437300e-003
 -1.4178558e-002
 -2.0357912e-002
 -1.1784724e-002
 -1.6034242e-003
  7.3583736e-003
  1.5325667e-002
  2.2456554e-002
  2.8902441e-002
  3.4651835e-002
  2.8422616e-002
  2.1001283e-002
  1.4328548e-002
  8.1865273e-003
  2.2161594e-003
 -3.8681530e-003
 -1.0378493e-002
 -1.5618386e-002
 -1.1459598e-002
 -6.7848843e-003
 -1.3722853e-003
  5.1079798e-003
  1.3193102e-002
  2.3676766e-002
  3.1254039e-002
  2.6316837e-002
  1.7834594e-002
  6.2615024e-003
 -2.5477928e-003
 -8.7869035e-003
  1.9757887e-004
  1.4657073e-002
  2.8198819e-002
  4.3222418e-002
  6.8548111e-002
  9.9071085e-002
  1.5220989e-001
  1.4572508e-001
  1.0815285e-001
  6.2360638e-002
  3.6652583e-002
  1.3272918e-002
  1.5671953e-002
  2.0143633e-002
  2.4066195e-002
  3.2071316e-002
  4.0353862e-002
  3.1681574e-002
  1.2494815e-002
 -1.2018601e-002
 -4.0763112e-002
 -8.2823757e-002
 -5.6797402e-002
  2.4938694e-002
  9.1012187e-002
  1.8250809e-001
  1.9966838e-001
  9.7409208e-002
  3.3617953e-002
 -1.4988422e-002
 -6.1921015e-002
 -4.9680535e-002
 -6.2356133e-003
  3.7415264e-002
  8.7707823e-002
  1.4029215e-001
  4.5587636e-002
 -2.0623553e-002
 -1.1625837e-001
 -3.1991279e-001
 -3.9848467e-001
 -3.5905686e-001
 -3.5895368e-001
 -1.9061366e-001
 -3.0605771e-002
  9.9592268e-002
  2.0791417e-002
 -4.0967119e-002
 -8.4406133e-002
  1.5241556e-002
  1.1182477e-001
  2.0046090e-001
  1.6169163e-001
  1.0035405e-001
  5.9634258e-002
  7.6758942e-004
 -1.8123730e-002
  1.8679866e-002
  8.1329604e-002
  1.1914472e-001
  8.8462205e-002
  3.8167221e-002
  2.4920507e-002
  5.8700158e-002
  8.2703879e-002
  2.6306478e-002
 -7.9614501e-002
 -1.9591153e-001
 -3.0930359e-001
 -1.9274733e-001
 -6.0231153e-002
  5.9471499e-003
  8.5804883e-002
  6.0876879e-002
  2.9334066e-001
  2.2538045e-001
  1.6183868e-001
  7.1071397e-001
  1.0258226e-001
  2.4478981e-002
 -8.5396617e-003
 -5.4692995e-002
 -6.8265383e-002
  1.0982153e-002
  1.5058040e-001
  1.8000383e-001
  1.2245652e-001
  1.1866408e-001
  6.0816239e-001
 -5.5160619e-001
 -3.5743752e-001
 -4.6020091e-002
 -3.6572763e-002
 -1.6812967e-001
 -1.4518778e-001
 -9.1585858e-002
 -5.6012914e-002
 -3.8021486e-002
 -3.1729761e-002
 -3.0598893e-002
 -3.6282945e-002
 -4.0444937e-002
 -3.0943720e-002
  0.0000000e+000
  3.3030607e-002
  4.8196825e-002
  4.7573713e-002
  4.3335344e-002
  5.0059654e-002
  6.7958649e-002
  1.1011658e-001
  9.5262269e-002
 -5.4497511e-003
 -8.7289328e-002
 -5.9018262e-002
 -1.5991454e-002
  2.4026246e-003
  2.1920293e-002
  7.7011446e-002
  1.0746872e-001
  1.2202301e-001
  1.1169948e-001
  3.2794873e-001
 -1.4379491e-001
 -1.1782532e+000
 -6.6358327e-002
  1.3802226e-002
  9.9217033e-002
  9.5756756e-002
  4.2828092e-002
  1.1805416e-001
  6.9965169e-002
  1.6911575e-002
  4.6978186e-002
  7.9998899e-002
  1.1048085e-001
  1.4256323e-001
  1.2261530e-001
  9.8889473e-002
  8.7197861e-002
  8.5407386e-002
  8.2602066e-002
  3.0754796e-002
 -2.0361491e-002
 -8.7673312e-002
 -3.7167020e-002
  2.7181723e-002
  9.6066448e-002
