  1.2703486e-001
  7.4557166e-002
  2.1168433e-002
 -4.4179016e-002
 -7.8850997e-002
  9.0002079e-004
  8.6894921e-002
  2.5956280e-001
  2.3403419e-001
  1.0450975e-001
  4.3153154e-002
  2.2348303e-003
  1.5776045e-002
  3.3065479e-002
  4.7994275e-002
  5.9165281e-002
  4.4660461e-002
  2.7453452e-002
  1.2461456e-002
  1.5754743e-003
  5.5584233e-003
  1.1320513e-002
  1.7432475e-002
  2.5375077e-002
  3.7395257e-002
  5.4459036e-002
  7.1386877e-002
  7.7783222e-002
  7.3079993e-002
  5.5779690e-002
  4.9023133e-002
  4.9076681e-002
  5.4710917e-002
  8.0105690e-002
  9.8208052e-002
  8.7727055e-002
  5.6185035e-002
  1.1071209e-001
  8.3719565e-002
  5.1969314e-002
  4.8586751e-002
  6.1844686e-002
  9.6817550e-002
  2.0457106e-001
  3.7688505e-001
  2.4200007e-001
  2.5461173e-001
 -2.0339916e-001
 -7.0579208e-001
 -1.5378080e-001
 -9.2779370e-002
 -6.4939028e-002
 -5.0997171e-002
 -4.3243358e-002
 -5.1256243e-002
 -6.2881615e-002
 -8.5121507e-002
 -1.1198607e-001
 -9.1929280e-002
 -3.6682788e-002
  5.9625905e-002
  1.3292740e-001
  8.7327506e-002
  5.3102592e-002
  2.2664999e-002
 -3.3609548e-002
 -3.9189745e-002
  1.0443327e-001
  4.6779996e-001
  2.3551254e-001
  1.5373518e-001
  1.7058837e-001
  1.0917064e-001
  6.3516335e-002
  2.9938233e-002
  1.3277927e-002
  1.6055962e-002
  2.2219718e-002
  2.7940554e-002
  3.1325122e-002
  3.4960579e-002
  2.4829727e-002
  1.2679489e-002
  2.3425035e-003
 -6.4119873e-003
 -1.3859877e-002
 -2.0181607e-002
 -1.2968651e-002
 -2.6145881e-003
  6.4472498e-003
  1.4496982e-002
  2.2194018e-002
  2.8543572e-002
  3.4194290e-002
  2.9317500e-002
  2.1906792e-002
  1.5258413e-002
  8.6278638e-003
  2.6534156e-003
 -3.4159293e-003
 -9.8551869e-003
 -1.6178305e-002
 -1.2044312e-002
 -7.4087581e-003
 -2.0825965e-003
  4.2418036e-003
  1.2062434e-002
  2.2008978e-002
  3.1677350e-002
  2.7552756e-002
  1.9791318e-002
  1.0020473e-002
 -7.6949554e-004
 -7.6567519e-003
 -3.3190771e-003
  1.1734001e-002
  2.5002179e-002
  4.2337723e-002
  6.1147854e-002
  8.6491794e-002
  1.4240283e-001
  1.5158574e-001
  1.2807243e-001
  8.5240988e-002
  4.3511714e-002
  2.0150277e-002
  1.4841641e-002
  1.7462043e-002
  2.2466566e-002
  2.7015528e-002
  3.6298756e-002
  4.3552981e-002
  2.8881681e-002
  1.7430240e-003
 -2.5233554e-002
 -5.6341283e-002
 -7.6348176e-002
 -2.2280819e-002
  6.5058287e-002
  1.3673302e-001
  2.3474654e-001
  1.8356985e-001
  1.0712339e-001
  3.5430714e-002
 -1.3002734e-002
 -6.1566771e-002
 -4.7638529e-002
 -2.9365690e-003
  4.0423400e-002
  8.8033946e-002
  1.3555746e-001
  8.7114394e-002
 -1.7563643e-003
 -8.9708279e-002
 -3.8511567e-001
 -3.9314733e-001
 -3.4081633e-001
 -2.4189771e-001
 -6.2081130e-002
  8.7109564e-002
  4.0984629e-002
 -3.8553067e-002
 -8.2322177e-002
 -2.9488062e-003
  9.1276932e-002
  1.7414473e-001
  2.2402224e-001
  9.5817333e-002
  2.7026716e-002
 -2.8724781e-002
 -5.2862618e-004
  4.6466453e-002
  1.2786118e-001
  1.1615342e-001
  6.3436005e-002
  9.8839468e-003
  3.0833281e-002
  7.0333216e-002
  8.7733655e-002
  6.2045007e-003
 -9.8915636e-002
 -2.1633972e-001
 -2.8869514e-001
 -1.0388049e-001
  8.1740090e-003
  8.5605979e-002
  8.5699375e-002
  5.7589622e-002
  1.6502171e-002
  4.5492806e-001
  1.9638131e-001
  1.6992131e-001
  4.8509887e-001
  7.2536734e-001
  9.6584257e-002
  2.3226303e-002
 -9.3818729e-003
 -4.2990145e-002
 -6.5746605e-002
  1.7500887e-002
  1.5606812e-001
  2.3721256e-001
  1.2446482e-001
  1.1507667e-001
  5.0779328e-001
 -2.8039459e-001
 -1.4183601e-001
 -1.7786046e-002
 -2.5794415e-002
 -1.6716520e-001
 -1.6094605e-001
 -8.9991686e-002
 -5.5069782e-002
 -3.9404921e-002
 -3.2127480e-002
 -3.0500057e-002
 -3.6146463e-002
 -4.0371851e-002
 -2.9035403e-002
  3.3505206e-003
  3.5167239e-002
  4.8584990e-002
  4.7218203e-002
  4.3373242e-002
  4.8447152e-002
  6.2725480e-002
  1.1138732e-001
  1.3445248e-001
 -2.0879173e-003
 -7.1876046e-002
 -5.8847503e-002
 -2.4880595e-002
 -4.4925282e-003
  2.2181515e-002
  5.2512618e-002
  1.0701660e-001
  1.2339067e-001
  6.6777754e-002
  8.7348284e-002
  4.5251724e-001
 -1.0590597e-001
 -1.7645128e-003
  1.1962377e-001
  1.6579565e-001
  2.3500217e-002
  7.8724568e-002
  1.1479567e-001
  5.7712378e-002
  7.2420855e-003
  5.3555049e-002
  8.5033688e-002
  1.2277739e-001
  1.4983485e-001
  1.2031521e-001
  9.9749709e-002
  8.8382416e-002
  8.4902248e-002
  8.2340994e-002
  5.2351561e-002
 -1.9905478e-002
 -7.2959233e-002
 -3.6127244e-002
  1.0603690e-002
  6.6673939e-002
  1.6564734e-001
  1.6724724e-001
  1.4941568e-001
 -1.0973217e-003
 -1.3361427e-001
 -1.0637296e-001
 -6.7677305e-002
 -4.1516738e-002
 -5.8777455e-001
 -5.0088999e-002
  8.7977270e-002
  5.5272550e-002
  1.4164089e-002
 -1.4536663e-002
  1.6440818e-002
  7.8807037e-002
  1.4001595e-001
  1.8499274e-001
  1.4847285e-001
  7.9322956e-002
  4.6682785e-002
  7.1199971e-002
  5.4753765e-002
  1.0811278e-001
  1.6100071e-001
  2.1866134e-001
  1.7257552e-001
  1.2703486e-001
