




0.024584944
0.024584944
0.024850431
0.025115918
0.0253822855
0.025648653
0.025805239
0.025961825
0.026227735
0.026493645
0.026754338
0.027015031
0.027177305
0.027339579
0.0275892765
0.027838974
0.0280000875
0.028161201
0.028391973
0.028622745
0.028776354
0.028929963
0.0290805625
0.029231162
0.0294240085
0.029616855
0.029750882
0.029884909
0.030010787
0.030136665
0.030253532
0.030370399
0.030476384
0.030582369
0.030690494
0.030798619
0.0308740975
0.030949576
0.0310105845
0.031071593
0.0311173205
0.031163048
0.031192695
0.031222342
0.0312354895
0.031248637
0.0312449915
0.031241346
0.0312209635
0.031200581
0.031163812
0.031127043
0.031074591
0.031022139
0.0309547635
0.030887388
0.030789802
0.030692216
0.03059273
0.030493244
0.030382493
0.030271742
0.030150718
0.030029694
0.029684558
0.0295416425
0.029398727
0.029250055
0.029101383
0.028882952
0.028664521
0.028504285
0.028344049
0.0281009765
0.027857904
0.0276922755
0.027526647
0.027267019
0.027007391
0.0267388505
0.02647031
0.026307084
0.026143858
0.0258718305
0.025599803
0.0253255785
0.025051354
0.024901221
0.024751088
0.024483963
0.024216838
0.0240921745
0.023967511
0.0237027655
0.02343802
0.0233090675
0.023180115
0.0230518535
0.022923592
0.0226747975
0.022426003
0.0223134375
0.022200872
0.021970169
0.021739466
0.0215189395
0.021298413
0.0211770005
0.021055588
0.020849376
0.020643164
0.020448818
0.020254472
0.0201409695
0.020027467
0.019848629
0.019669791
0.019502437
0.019335083
0.019232643
0.019130203
0.0189790515
0.0188279
0.018732441
0.018636982
0.018502015
0.018367048
0.018278806
0.018190564
0.018105443
0.018020322
0.0179062825
0.017792243
0.017715324
0.017638405
0.0175639995
0.017489594
0.0173959695
0.017302345
0.017236462
0.017170579
0.017090858
0.017011137
0.016953518
0.016895899
0.0168416
0.016787301
0.0167363545
0.016685408
0.0166282935
0.016571179
0.0165283885
0.016485598
0.016446151
0.016406704
0.016370634
0.016334564
0.0163020515
0.016269539
0.016236954
0.016204369
0.016179618
0.016154867
0.0161334655
0.016112064
0.0160940515
0.016076039
0.0160615165
0.016046994
0.016035954
0.016024914
0.01601735
0.016009786
0.0160056825
0.016001579
0.016000973
0.016000367
0.0160032525
0.016006138
0.016012489
0.01601884
0.016028721
0.016038602
0.0160518515
0.016065101
0.016081894
0.016098687
0.016121208
0.016143729
0.0161650485
0.016186368
0.016248497
0.016279771
0.016311045
0.016346046
0.016381047
0.016419266
0.016457485
0.0164990475
0.01654061
0.016596214
0.016651818
0.0167015155
0.016751213
0.016804261
0.016857309
0.016913959
0.016970609
0.0170299815
0.017089354
0.0171727325
0.017256111
0.017323696
0.017391281
0.01748842
0.017585559
0.017661973
0.017738387
0.0178172535
0.01789612
0.018013441
0.018130762
0.018217773
0.018304784
0.018437955
0.018571126
0.018665858
0.01876059
0.018909938
0.019059286
0.019161088
0.01926289
0.0194284575
0.019594025
0.019702571
0.019811117
0.019993232
0.020175347
0.0203686205
0.020561894
0.0206797045
0.020797515
0.021006107
0.021214699
0.021433745
0.021652791
0.021882808
0.022112825
0.022238432
0.022364039
0.022478428
0.022592817
0.0228422995
0.023091782
0.023348548
0.023605314
0.0238683975
0.024131481
0.0243989385
0.024666396
0.0249368455
0.025207295
0.0254775905
0.025747886
0.026015517
0.026283148
0.026445075
0.026607002
0.0268704515
0.027133901
0.027298959
0.027464017
0.0277153005
0.027966584
0.0281294615
0.028292339
0.028522537
0.028752735
0.0289068015
0.029060868
0.029262422
0.029463976
0.029602589
0.029741202
0.029907988
0.030074774
0.0301914635
0.030308153
0.0304152995
0.030522446
0.030618253
0.03071406
0.030796934
0.030879808
0.030948409
0.03101701
0.031070821
0.031124632
0.031162058
0.031199484
0.031220596
0.031241708
0.0312452085
0.031248709
0.0312360915
0.031223474
0.0311922445
0.031161015
0.031114235
0.031067455
0.0310050505
0.030942646
0.0308657785
0.030788911
0.0306986605
0.03060841
0.030506332
0.030404254
0.0302911665
0.030178079
0.02985728
0.02972165
0.02958602
0.0294435245
0.029301029
0.029094039
0.028887049
0.0287311855
0.028575322
0.0283412375
0.028107153
0.0279438555
0.027780558
0.027528423
0.027276288
0.0271119985
0.026947709
0.0266848735
0.026422038
0.026153418
0.025884798
0.025727328
0.025569858
0.0253027345
0.025035611
0.024768045
0.024500479
0.024237082
0.023973685
0.0237141935
0.023454702
0.023202498
0.022950294
0.0227062135
0.022462133
0.0222268285
0.021991524
0.021766169
0.021540814
0.02132569
0.021110566
0.020906457
0.020702348
0.0205862725
0.020470197
0.0202812055
0.020092214
0.019914755
0.019737296
0.019630367
0.019523438
0.0193616465
0.019199855
0.019099579
0.018999303
0.018853418
0.018707533
0.018614221
0.018520909
0.0183908715
0.018260834
0.018175542
0.01809025
0.017975308
0.017860366
0.017782668
0.01770497
0.0176304185
0.017555867
0.017460714
0.017365561
0.01729896
0.017232359
0.0171686775
0.017104996
0.017028809
0.016952622
0.0168970545
0.016841487
0.0167894495
0.016737412
0.016688428
0.016639444
0.016585027
0.01653061
0.0164898375
0.016449065
0.0164115675
0.01637407
0.0163397245
0.016305379
0.01627455
0.016243721
0.0162163925
0.016189064
0.0161651165
0.016141169
0.01612064
0.016100111
0.016082033
0.016063955
0.0160508925
0.01603783
0.016028181
0.016018532
0.016012269
0.016006006
0.0160031865
0.016000367
0.016000962
0.016001557
0.016005588
0.016009619
0.0160170445
0.01602447
0.016035306
0.016046142
0.016060393
0.016074644
0.016094113
0.016113582
0.016135341
0.0161571
0.0161822755
0.016207451
0.016236006
0.016264561
0.016328684
0.016364088
0.016399492
0.0164461255
0.016492759
0.016536074
0.016579389
0.01662605
0.016672711
0.0167229375
0.016773164
0.016826439
0.016879714
0.016952662
0.01702561
0.017087261
0.017148912
0.017213528
0.017278144
0.0173698465
0.017461549
0.0175341425
0.017606736
0.0176825135
0.017758291
0.017869604
0.017980917
0.018064765
0.018148613
0.018275362
0.018402111
0.0184936385
0.018585166
0.018679187
0.018773208
0.0189208485
0.019068489
0.019226968
0.019385447
0.019491399
0.019597351
0.0197721525
0.019946954
0.0200587645
0.020170575
0.0203612565
0.020551938
0.0207537175
0.020955497
0.021074515
0.021193533
0.0214094625
0.021625392
0.0218514275
0.022077463
0.022313306
0.022549149
0.0227936025
0.023038056
0.023290447
0.023542838
0.0238015365
0.024060235
0.0243225895
0.024584944
