




0.020170575
0.020170575
0.020285372
0.020400169
0.020598205
0.020796241
0.02100547
0.021214699
0.021336419
0.021458139
0.021681411
0.021904683
0.022137238
0.022369793
0.0226119135
0.022854034
0.0231044025
0.023354771
0.0236125935
0.023870416
0.02413236
0.024394304
0.0246606745
0.024927045
0.025194067
0.025461089
0.025727166
0.025993243
0.0261522575
0.026311272
0.0265749845
0.026838697
0.0270022465
0.027165796
0.027420294
0.027674792
0.0278379775
0.028001163
0.0282383585
0.028475554
0.0286327035
0.028789853
0.02900062
0.029211387
0.0293558715
0.029500356
0.0296388805
0.029777405
0.029942879
0.030108353
0.030224377
0.030340401
0.030446157
0.030551913
0.0306460965
0.03074028
0.0308215865
0.030902893
0.0309695925
0.031036292
0.031087684
0.031139076
0.031175275
0.031211474
0.0312283285
0.031245183
0.0312458755
0.031246568
0.031231084
0.0312156
0.0311808645
0.031146129
0.031096318
0.031046507
0.0309808965
0.030915286
0.0308352315
0.030755177
0.0306621735
0.03056917
0.030464076
0.030358982
0.0302104035
0.030061825
0.029931041
0.029800257
0.0296625465
0.029524836
0.0293244445
0.029124053
0.0289701525
0.028816252
0.028586419
0.028356586
0.0281932445
0.028029903
0.0278663405
0.027702778
0.027448695
0.027194612
0.0269302375
0.026665863
0.026501841
0.026337819
0.0260688285
0.025799838
0.0255279945
0.025256151
0.0251041805
0.02495221
0.0246857385
0.024419267
0.024156388
0.023893509
0.0236354785
0.023377448
0.0231260885
0.022874729
0.022631619
0.022388509
0.02215498
0.021921451
0.021697906
0.021474361
0.0212610585
0.021047756
0.0209290135
0.020810271
0.0206113435
0.020412416
0.020225222
0.020038028
0.0199274265
0.019816825
0.019645526
0.019474227
0.0193701425
0.019266058
0.0191105115
0.018954965
0.0188577775
0.01876059
0.0186213975
0.018482205
0.0183921695
0.018302134
0.018179049
0.018055964
0.017973648
0.017891332
0.0177831075
0.017674883
0.017601031
0.017527179
0.017456173
0.017385167
0.017296688
0.017208209
0.01714549
0.017082771
0.017023026
0.016963281
0.016906858
0.016850435
0.016785148
0.016719861
0.0166717225
0.016623584
0.0165787585
0.016533933
0.0164922615
0.01645059
0.0164125035
0.016374417
0.0163349265
0.016295436
0.0162651465
0.016234857
0.016208066
0.016181275
0.0161578655
0.016134456
0.016114552
0.016094648
0.01607824
0.016061832
0.0160488565
0.016035881
0.016026418
0.016016955
0.0160109795
0.016005004
0.016002569
0.016000134
0.0160012145
0.016002295
0.0160068825
0.01601147
0.0160195625
0.016027655
0.0160392585
0.016050862
0.0160659815
0.016081101
0.016099649
0.016118197
0.0161402465
0.016162296
0.0161877285
0.016213161
0.0162420865
0.016271012
0.0163032805
0.016335549
0.0163711265
0.016406704
0.0164537415
0.016500779
0.016544437
0.016588095
0.016634864
0.016681633
0.016731935
0.016782237
0.0168505245
0.016918812
0.0169771625
0.017035513
0.017097152
0.017158791
0.017223359
0.017287927
0.01737963
0.017471333
0.0175441725
0.017617012
0.0177229465
0.017828881
0.017910215
0.017991549
0.0180751985
0.018158848
0.018285448
0.018412048
0.018503298
0.018594548
0.0187368615
0.018879175
0.0189779285
0.019076682
0.019234831
0.01939298
0.019498494
0.019604008
0.0197783845
0.019952761
0.0201380725
0.020323384
0.020438905
0.020554426
0.0207549615
0.020955497
0.021074515
0.021193533
0.021408778
0.021624023
0.021848624
0.022073225
0.022307553
0.022541881
0.022785498
0.023029115
0.0232798895
0.023530664
0.023787714
0.024044764
0.024306246
0.024567728
0.0248315855
0.025095443
0.02536023
0.025625017
0.025780063
0.025935109
0.026200375
0.026465641
0.026725047
0.026984453
0.0271462065
0.02730796
0.0275566875
0.027805415
0.027965544
0.028125673
0.028355929
0.028586185
0.0287398765
0.028893568
0.0290437975
0.029194027
0.0293877295
0.029581432
0.029715617
0.029849802
0.0299766215
0.030103441
0.0302210315
0.030338622
0.0304658855
0.030593149
0.0306831625
0.030773176
0.0308503195
0.030927463
0.030990682
0.031053901
0.031102045
0.031150189
0.031182436
0.031214683
0.0312305965
0.03124651
0.031245812
0.031245114
0.031227809
0.031210504
0.0311768875
0.031143271
0.031093789
0.031044307
0.0309800755
0.030915844
0.030837524
0.030759204
0.0306472305
0.030535257
0.0304271075
0.030318958
0.0302003395
0.030081721
0.029954496
0.029827271
0.029644445
0.029461619
0.029315376
0.029169133
0.0290182935
0.028867454
0.02864324
0.028419026
0.0282588105
0.028098595
0.027852708
0.027606821
0.0274430635
0.027279306
0.027020485
0.026761664
0.0264950395
0.026228415
0.0260684
0.025908385
0.0256398055
0.025371226
0.0251027665
0.024834307
0.024566782
0.024299257
0.024035666
0.023772075
0.0235144105
0.023256746
0.023006754
0.022756762
0.022514499
0.022272236
0.0220397485
0.021807261
0.021585596
0.021363931
0.021152602
0.020941273
0.020822442
0.020703611
0.0205068275
0.020310044
0.020125017
0.01993999
0.01983074
0.01972149
0.019552393
0.019383296
0.0192795765
0.019175857
0.019023062
0.018870267
0.018774064
0.018677861
0.01854134
0.018404819
0.018315838
0.018226857
0.018106339
0.017985821
0.017905002
0.017824183
0.0177461675
0.017668152
0.017567644
0.017467136
0.017397623
0.01732811
0.017261539
0.017194968
0.0171137815
0.017032595
0.016974332
0.016916069
0.0168611265
0.016806184
0.0167543555
0.016702527
0.016644438
0.016586349
0.0165427595
0.01649917
0.0164591425
0.016419115
0.0163824645
0.016345814
0.016312574
0.016279334
0.016249539
0.016219744
0.0161934295
0.016167115
0.016142559
0.016118003
0.016099472
0.016080941
0.016065838
0.016050735
0.0160391485
0.016027562
0.0160194855
0.016011409
0.0160068385
0.016002268
0.016001201
0.016000134
0.016002569
0.016005004
0.016010943
0.016016882
0.016026328
0.016035774
0.0160486625
0.016061551
0.016078013
0.016094475
0.0161165535
0.016138632
0.016159713
0.016180794
0.01621142
0.016242046
0.0162730865
0.016304127
0.0163387515
0.016373376
0.016411411
0.016449446
0.016490858
0.01653227
0.016577027
0.016621784
0.016681809
0.016741834
0.016794816
0.016847798
0.016904134
0.01696047
0.017020128
0.017079786
0.0171627985
0.017245811
0.017313455
0.017381099
0.0174519995
0.0175229
0.017625309
0.017727718
0.0178067365
0.017885755
0.017967532
0.018049309
0.018172193
0.018295077
0.0184284325
0.018561788
0.01865683
0.018751872
0.0188489045
0.018945937
0.0191007205
0.019255504
0.019359965
0.019464426
0.0196349195
0.019805413
0.019987994
0.020170575
