




0.03124175039932
0.03125
0.03124175039932
0.03123350079864
0.031208941834505
0.03118438287037
0.03114389015295
0.03110339743553
0.031047707442155
0.03099201744878
0.03092189715469
0.0308517768606
0.03075101689913
0.03065025693766
0.030549361870645
0.03044846680363
0.030336453605045
0.03022444040646
0.030103143322055
0.02998184623765
0.029808433290465
0.02963502034328
0.029492265667115
0.02934951099095
0.029202012333885
0.02905451367682
0.02883727806259
0.02862004244836
0.02846109265306
0.02830214285776
0.0280603497379
0.02781855661804
0.027654721978515
0.02749088733899
0.027234610258935
0.02697833317888
0.0268151324809
0.02665193178292
0.026386923579475
0.02612191537603
0.025852979222905
0.02558404306978
0.025430342293485
0.02527664151719
0.02501151083863
0.02474638016007
0.02448238578898
0.02421839141789
0.023958457032675
0.02369852264746
0.0234445703978
0.02319061814814
0.022943599399035
0.02269658064993
0.022458701356475
0.02222082206302
0.021991885520585
0.02176294897815
0.02154403061991
0.02132511226167
0.021204077848945
0.02108304343622
0.02087819263499
0.02067334183376
0.02047959073038
0.020285839627
0.020173102998185
0.02006036636937
0.01988191667077
0.01970346697217
0.019536399350955
0.01936933172974
0.019266871858465
0.01916441198719
0.019013879950585
0.01886334791398
0.01876774281171
0.01867213770944
0.018537124300725
0.01840211089201
0.018314050139615
0.01822598938722
0.01810631394465
0.01798663850208
0.017906584938215
0.01782653137435
0.017749210628675
0.017671889883
0.017571961566095
0.01747203324919
0.01740306273867
0.01733409222815
0.01726767807651
0.01720126392487
0.017120726944805
0.01704018996474
0.0169822509517
0.01692431193866
0.016869366601655
0.01681442126465
0.01676279414221
0.01671116701977
0.01665313766612
0.01659510831247
0.016551580632305
0.01650805295214
0.016467835500645
0.01642761804915
0.016390912342955
0.01635420663676
0.0163206914576
0.01628717627844
0.01625720674803
0.01622723721762
0.01619798734226
0.0161687374669
0.01614641682952
0.01612409619214
0.016105129179
0.01608616216586
0.01607072110326
0.01605528004066
0.016043157642395
0.01603103524413
0.01602242378206
0.01601381231999
0.016008640748775
0.01600346917756
0.01600173458878
0.016
0.01600173458878
0.01600346917756
0.016008640748775
0.01601381231999
0.01602242378206
0.01603103524413
0.016043157642395
0.01605528004066
0.01607072110326
0.01608616216586
0.016105129179
0.01612409619214
0.01614641682952
0.0161687374669
0.01619798734226
0.01622723721762
0.01625720674803
0.01628717627844
0.0163206914576
0.01635420663676
0.016390912342955
0.01642761804915
0.016467835500645
0.01650805295214
0.016551580632305
0.01659510831247
0.01665313766612
0.01671116701977
0.01676279414221
0.01681442126465
0.016869366601655
0.01692431193866
0.0169822509517
0.01704018996474
0.017120726944805
0.01720126392487
0.01726767807651
0.01733409222815
0.01740306273867
0.01747203324919
0.017571961566095
0.017671889883
0.017749210628675
0.01782653137435
0.017906584938215
0.01798663850208
0.01810631394465
0.01822598938722
0.018314050139615
0.01840211089201
0.018537124300725
0.01867213770944
0.01876774281171
0.01886334791398
0.019013879950585
0.01916441198719
0.019266871858465
0.01936933172974
0.019536399350955
0.01970346697217
0.01988191667077
0.02006036636937
0.020173102998185
0.020285839627
0.02047959073038
0.02067334183376
0.02087819263499
0.02108304343622
0.021204077848945
0.02132511226167
0.02154403061991
0.02176294897815
0.021991885520585
0.02222082206302
0.022458701356475
0.02269658064993
0.022943599399035
0.02319061814814
0.0234445703978
0.02369852264746
0.023958457032675
0.02421839141789
0.02448238578898
0.02474638016007
0.02501151083863
0.02527664151719
0.025430342293485
0.02558404306978
0.025852979222905
0.02612191537603
0.026386923579475
0.02665193178292
0.0268151324809
0.02697833317888
0.027234610258935
0.02749088733899
0.027654721978515
0.02781855661804
0.0280603497379
0.02830214285776
0.02846109265306
0.02862004244836
0.02883727806259
0.02905451367682
0.029202012333885
0.02934951099095
0.029492265667115
0.02963502034328
0.029808433290465
0.02998184623765
0.030103143322055
0.03022444040646
0.030336453605045
0.03044846680363
0.030549361870645
0.03065025693766
0.03075101689913
0.0308517768606
0.03092189715469
0.03099201744878
0.031047707442155
0.03110339743553
0.03114389015295
0.03118438287037
0.031208941834505
0.03123350079864
0.03124175039932
0.03125
0.03124175039932
0.03123350079864
0.031208941834505
0.03118438287037
0.03114389015295
0.03110339743553
0.031047707442155
0.03099201744878
0.03092189715469
0.0308517768606
0.03075101689913
0.03065025693766
0.030549361870645
0.03044846680363
0.030336453605045
0.03022444040646
0.030103143322055
0.02998184623765
0.029808433290465
0.02963502034328
0.029492265667115
0.02934951099095
0.029202012333885
0.02905451367682
0.02883727806259
0.02862004244836
0.02846109265306
0.02830214285776
0.0280603497379
0.02781855661804
0.027654721978515
0.02749088733899
0.027234610258935
0.02697833317888
0.0268151324809
0.02665193178292
0.026386923579475
0.02612191537603
0.025852979222905
0.02558404306978
0.025430342293485
0.02527664151719
0.02501151083863
0.02474638016007
0.02448238578898
0.02421839141789
0.023958457032675
0.02369852264746
0.0234445703978
0.02319061814814
0.022943599399035
0.02269658064993
0.022458701356475
0.02222082206302
0.021991885520585
0.02176294897815
0.02154403061991
0.02132511226167
0.021204077848945
0.02108304343622
0.02087819263499
0.02067334183376
0.02047959073038
0.020285839627
0.020173102998185
0.02006036636937
0.01988191667077
0.01970346697217
0.019536399350955
0.01936933172974
0.019266871858465
0.01916441198719
0.019013879950585
0.01886334791398
0.01876774281171
0.01867213770944
0.018537124300725
0.01840211089201
0.018314050139615
0.01822598938722
0.01810631394465
0.01798663850208
0.017906584938215
0.01782653137435
0.017749210628675
0.017671889883
0.017571961566095
0.01747203324919
0.01740306273867
0.01733409222815
0.01726767807651
0.01720126392487
0.017120726944805
0.01704018996474
0.0169822509517
0.01692431193866
0.016869366601655
0.01681442126465
0.01676279414221
0.01671116701977
0.01665313766612
0.01659510831247
0.016551580632305
0.01650805295214
0.016467835500645
0.01642761804915
0.016390912342955
0.01635420663676
0.0163206914576
0.01628717627844
0.01625720674803
0.01622723721762
0.01619798734226
0.0161687374669
0.01614641682952
0.01612409619214
0.016105129179
0.01608616216586
0.01607072110326
0.01605528004066
0.016043157642395
0.01603103524413
0.01602242378206
0.01601381231999
0.016008640748775
0.01600346917756
0.01600173458878
0.016
0.01600173458878
0.01600346917756
0.016008640748775
0.01601381231999
0.01602242378206
0.01603103524413
0.016043157642395
0.01605528004066
0.01607072110326
0.01608616216586
0.016105129179
0.01612409619214
0.01614641682952
0.0161687374669
0.01619798734226
0.01622723721762
0.01625720674803
0.01628717627844
0.0163206914576
0.01635420663676
0.016390912342955
0.01642761804915
0.016467835500645
0.01650805295214
0.016551580632305
0.01659510831247
0.01665313766612
0.01671116701977
0.01676279414221
0.01681442126465
0.016869366601655
0.01692431193866
0.0169822509517
0.01704018996474
0.017120726944805
0.01720126392487
0.01726767807651
0.01733409222815
0.01740306273867
0.01747203324919
0.017571961566095
0.017671889883
0.017749210628675
0.01782653137435
0.017906584938215
0.01798663850208
0.01810631394465
0.01822598938722
0.018314050139615
0.01840211089201
0.018537124300725
0.01867213770944
0.01876774281171
0.01886334791398
0.019013879950585
0.01916441198719
0.019266871858465
0.01936933172974
0.019536399350955
0.01970346697217
0.01988191667077
0.02006036636937
0.020173102998185
0.020285839627
0.02047959073038
0.02067334183376
0.02087819263499
0.02108304343622
0.021204077848945
0.02132511226167
0.02154403061991
0.02176294897815
0.021991885520585
0.02222082206302
0.022458701356475
0.02269658064993
0.022943599399035
0.02319061814814
0.0234445703978
0.02369852264746
0.023958457032675
0.02421839141789
0.02448238578898
0.02474638016007
0.02501151083863
0.02527664151719
0.025430342293485
0.02558404306978
0.025852979222905
0.02612191537603
0.026386923579475
0.02665193178292
0.0268151324809
0.02697833317888
0.027234610258935
0.02749088733899
0.027654721978515
0.02781855661804
0.0280603497379
0.02830214285776
0.02846109265306
0.02862004244836
0.02883727806259
0.02905451367682
0.029202012333885
0.02934951099095
0.029492265667115
0.02963502034328
0.029808433290465
0.02998184623765
0.030103143322055
0.03022444040646
0.030336453605045
0.03044846680363
0.030549361870645
0.03065025693766
0.03075101689913
0.0308517768606
0.03092189715469
0.03099201744878
0.031047707442155
0.03110339743553
0.03114389015295
0.03118438287037
0.031208941834505
0.03123350079864
