




0.03125
0.03124175039932
0.03123350079864
0.03118438287037
0.03114389015295
0.03110339743553
0.03099201744878
0.03092189715469
0.0308517768606
0.03073275311636
0.03065025693766
0.030549361870645
0.03044846680363
0.03022444040646
0.030103143322055
0.02998184623765
0.02975440795928
0.02963502034328
0.029492265667115
0.02934951099095
0.02905451367682
0.028949190944785
0.02884386821275
0.02862004244836
0.02846109265306
0.02830214285776
0.02799972388589
0.02781855661804
0.027654721978515
0.02749088733899
0.02720976186374
0.02709404752131
0.02697833317888
0.02665193178292
0.02654866723718
0.02644540269144
0.02612191537603
0.02580770740819
0.025695875238985
0.02558404306978
0.02527664151719
0.0251600620131
0.02504348250901
0.02474638016007
0.024624992440855
0.02450360472164
0.02421839141789
0.02396751089603
0.023833016771745
0.02369852264746
0.02343953594936
0.02331507704875
0.02319061814814
0.02294584166936
0.02269658064993
0.02257068084695
0.02244478104397
0.02222082206302
0.02209564448457
0.02197046690612
0.02176294897815
0.021639655824915
0.02151636267168
0.02132511226167
0.02108304343622
0.020995385140125
0.02090772684403
0.02067334183376
0.020558223780935
0.02044310572811
0.020285839627
0.020173102998185
0.02006036636937
0.01992029301372
0.01970346697217
0.019596483256005
0.01948949953984
0.01936933172974
0.019266871858465
0.01916441198719
0.01897608450731
0.01886334791398
0.01876774281171
0.01867213770944
0.0184987546647
0.018450432778355
0.01840211089201
0.01822598938722
0.018140560606585
0.01805513182595
0.01798663850208
0.01782653137435
0.017749210628675
0.017671889883
0.01756308201756
0.017517557633375
0.01747203324919
0.01733409222815
0.01726767807651
0.01720126392487
0.01710680836634
0.01704018996474
0.0169822509517
0.01692431193866
0.01681442126465
0.01676279414221
0.01671116701977
0.01665735665855
0.01662623248551
0.01659510831247
0.01650805295214
0.01642761804915
0.016390912342955
0.01635420663676
0.01628717627844
0.01625720674803
0.01622723721762
0.01621683499631
0.0161687374669
0.01614641682952
0.01612409619214
0.01608616216586
0.01607072110326
0.01605528004066
0.01603103524413
0.01602242378206
0.01601381231999
0.01600346917756
0.016
0.01600173458878
0.01600346917756
0.01601381231999
0.01602242378206
0.01603103524413
0.01605528004066
0.01607072110326
0.01608616216586
0.01612409619214
0.0161687374669
0.016192786231605
0.01621683499631
0.01622723721762
0.01625720674803
0.01628717627844
0.01635420663676
0.01642761804915
0.016467835500645
0.01650805295214
0.01659510831247
0.01662623248551
0.01665735665855
0.01671116701977
0.01676279414221
0.01681442126465
0.01692431193866
0.01704018996474
0.01707349916554
0.01710680836634
0.01720126392487
0.01726767807651
0.01733409222815
0.01747203324919
0.017517557633375
0.01756308201756
0.017671889883
0.01782653137435
0.017906584938215
0.01798663850208
0.01805513182595
0.018140560606585
0.01822598938722
0.01840211089201
0.018450432778355
0.0184987546647
0.01867213770944
0.01886334791398
0.018919716210645
0.01897608450731
0.01916441198719
0.019266871858465
0.01936933172974
0.01948949953984
0.01970346697217
0.019811879992945
0.01992029301372
0.02006036636937
0.020173102998185
0.020285839627
0.02044310572811
0.020558223780935
0.02067334183376
0.02090772684403
0.02108304343622
0.021204077848945
0.02132511226167
0.02151636267168
0.021639655824915
0.02176294897815
0.02197046690612
0.02209564448457
0.02222082206302
0.02244478104397
0.02269658064993
0.022821211159645
0.02294584166936
0.02319061814814
0.02331507704875
0.02343953594936
0.02369852264746
0.02396751089603
0.02409295115696
0.02421839141789
0.02450360472164
0.024624992440855
0.02474638016007
0.02504348250901
0.0251600620131
0.02527664151719
0.02558404306978
0.02580770740819
0.02596481139211
0.02612191537603
0.02644540269144
0.02654866723718
0.02665193178292
0.02697833317888
0.02709404752131
0.02720976186374
0.02749088733899
0.02781855661804
0.027909140251965
0.02799972388589
0.02830214285776
0.02846109265306
0.02862004244836
0.02884386821275
0.028949190944785
0.02905451367682
0.02934951099095
0.02963502034328
0.02969471415128
0.02975440795928
0.02998184623765
0.030103143322055
0.03022444040646
0.03044846680363
0.03065025693766
0.03069150502701
0.03073275311636
0.0308517768606
0.03092189715469
0.03099201744878
0.03110339743553
0.03114389015295
0.03118438287037
0.03123350079864
0.03125
0.03124175039932
0.03123350079864
0.03118438287037
0.03114389015295
0.03110339743553
0.03099201744878
0.03092189715469
0.0308517768606
0.03073275311636
0.03065025693766
0.030549361870645
0.03044846680363
0.03022444040646
0.030103143322055
0.02998184623765
0.02975440795928
0.02963502034328
0.029492265667115
0.02934951099095
0.02905451367682
0.028949190944785
0.02884386821275
0.02862004244836
0.02846109265306
0.02830214285776
0.02799972388589
0.02781855661804
0.027654721978515
0.02749088733899
0.02720976186374
0.02709404752131
0.02697833317888
0.02665193178292
0.02654866723718
0.02644540269144
0.02612191537603
0.02580770740819
0.025695875238985
0.02558404306978
0.02527664151719
0.0251600620131
0.02504348250901
0.02474638016007
0.024624992440855
0.02450360472164
0.02421839141789
0.02396751089603
0.023833016771745
0.02369852264746
0.02343953594936
0.02331507704875
0.02319061814814
0.02294584166936
0.02269658064993
0.02257068084695
0.02244478104397
0.02222082206302
0.02209564448457
0.02197046690612
0.02176294897815
0.021639655824915
0.02151636267168
0.02132511226167
0.02108304343622
0.020995385140125
0.02090772684403
0.02067334183376
0.020558223780935
0.02044310572811
0.020285839627
0.020173102998185
0.02006036636937
0.01992029301372
0.01970346697217
0.019596483256005
0.01948949953984
0.01936933172974
0.019266871858465
0.01916441198719
0.01897608450731
0.01886334791398
0.01876774281171
0.01867213770944
0.0184987546647
0.018450432778355
0.01840211089201
0.01822598938722
0.018140560606585
0.01805513182595
0.01798663850208
0.01782653137435
0.017749210628675
0.017671889883
0.01756308201756
0.017517557633375
0.01747203324919
0.01733409222815
0.01726767807651
0.01720126392487
0.01710680836634
0.01704018996474
0.0169822509517
0.01692431193866
0.01681442126465
0.01676279414221
0.01671116701977
0.01665735665855
0.01662623248551
0.01659510831247
0.01650805295214
0.01642761804915
0.016390912342955
0.01635420663676
0.01628717627844
0.01625720674803
0.01622723721762
0.01621683499631
0.0161687374669
0.01614641682952
0.01612409619214
0.01608616216586
0.01607072110326
0.01605528004066
0.01603103524413
0.01602242378206
0.01601381231999
0.01600346917756
0.016
0.01600173458878
0.01600346917756
0.01601381231999
0.01602242378206
0.01603103524413
0.01605528004066
0.01607072110326
0.01608616216586
0.01612409619214
0.0161687374669
0.016192786231605
0.01621683499631
0.01622723721762
0.01625720674803
0.01628717627844
0.01635420663676
0.01642761804915
0.016467835500645
0.01650805295214
0.01659510831247
0.01662623248551
0.01665735665855
0.01671116701977
0.01676279414221
0.01681442126465
0.01692431193866
0.01704018996474
0.01707349916554
0.01710680836634
0.01720126392487
0.01726767807651
0.01733409222815
0.01747203324919
0.017517557633375
0.01756308201756
0.017671889883
0.01782653137435
0.017906584938215
0.01798663850208
0.01805513182595
0.018140560606585
0.01822598938722
0.01840211089201
0.018450432778355
0.0184987546647
0.01867213770944
0.01886334791398
0.018919716210645
0.01897608450731
0.01916441198719
0.019266871858465
0.01936933172974
0.01948949953984
0.01970346697217
0.019811879992945
0.01992029301372
0.02006036636937
0.020173102998185
0.020285839627
0.02044310572811
0.020558223780935
0.02067334183376
0.02090772684403
0.02108304343622
0.021204077848945
0.02132511226167
0.02151636267168
0.021639655824915
0.02176294897815
0.02197046690612
0.02209564448457
0.02222082206302
0.02244478104397
0.02269658064993
0.022821211159645
0.02294584166936
0.02319061814814
0.02331507704875
0.02343953594936
0.02369852264746
0.02396751089603
0.02409295115696
0.02421839141789
0.02450360472164
0.024624992440855
0.02474638016007
0.02504348250901
0.0251600620131
0.02527664151719
0.02558404306978
0.02580770740819
0.02596481139211
0.02612191537603
0.02644540269144
0.02654866723718
0.02665193178292
0.02697833317888
0.02709404752131
0.02720976186374
0.02749088733899
0.02781855661804
0.027909140251965
0.02799972388589
0.02830214285776
0.02846109265306
0.02862004244836
0.02884386821275
0.028949190944785
0.02905451367682
0.02934951099095
0.02963502034328
0.02969471415128
0.02975440795928
0.02998184623765
0.030103143322055
0.03022444040646
0.03044846680363
0.03065025693766
0.03069150502701
0.03073275311636
0.0308517768606
0.03092189715469
0.03099201744878
0.03110339743553
0.03114389015295
0.03118438287037
0.03123350079864
