3.125000000000e-002
3.123350079864e-002
3.118438287037e-002
3.110339743553e-002
3.099201744878e-002
3.085177686060e-002
3.065025693766e-002
3.044846680363e-002
3.022444040646e-002
2.998184623765e-002
2.963502034328e-002
2.934951099095e-002
2.905451367682e-002
2.862004244836e-002
2.830214285776e-002
2.781855661804e-002
2.749088733899e-002
2.697833317888e-002
2.665193178292e-002
2.612191537603e-002
2.558404306978e-002
2.527664151719e-002
2.474638016007e-002
2.421839141789e-002
2.369852264746e-002
2.319061814814e-002
2.269658064993e-002
2.222082206302e-002
2.176294897815e-002
2.132511226167e-002
2.108304343622e-002
2.067334183376e-002
2.028583962700e-002
2.006036636937e-002
1.970346697217e-002
1.936933172974e-002
1.916441198719e-002
1.886334791398e-002
1.867213770944e-002
1.840211089201e-002
1.822598938722e-002
1.798663850208e-002
1.782653137435e-002
1.767188988300e-002
1.747203324919e-002
1.733409222815e-002
1.720126392487e-002
1.704018996474e-002
1.692431193866e-002
1.681442126465e-002
1.671116701977e-002
1.659510831247e-002
1.650805295214e-002
1.642761804915e-002
1.635420663676e-002
1.628717627844e-002
1.622723721762e-002
1.616873746690e-002
1.612409619214e-002
1.608616216586e-002
1.605528004066e-002
1.603103524413e-002
1.601381231999e-002
1.600346917756e-002
1.600000000000e-002
1.600346917756e-002
1.601381231999e-002
1.603103524413e-002
1.605528004066e-002
1.608616216586e-002
1.612409619214e-002
1.616873746690e-002
1.622723721762e-002
1.628717627844e-002
1.635420663676e-002
1.642761804915e-002
1.650805295214e-002
1.659510831247e-002
1.671116701977e-002
1.681442126465e-002
1.692431193866e-002
1.704018996474e-002
1.720126392487e-002
1.733409222815e-002
1.747203324919e-002
1.767188988300e-002
1.782653137435e-002
1.798663850208e-002
1.822598938722e-002
1.840211089201e-002
1.867213770944e-002
1.886334791398e-002
1.916441198719e-002
1.936933172974e-002
1.970346697217e-002
2.006036636937e-002
2.028583962700e-002
2.067334183376e-002
2.108304343622e-002
2.132511226167e-002
2.176294897815e-002
2.222082206302e-002
2.269658064993e-002
2.319061814814e-002
2.369852264746e-002
2.421839141789e-002
2.474638016007e-002
2.527664151719e-002
2.558404306978e-002
2.612191537603e-002
2.665193178292e-002
2.697833317888e-002
2.749088733899e-002
2.781855661804e-002
2.830214285776e-002
2.862004244836e-002
2.905451367682e-002
2.934951099095e-002
2.963502034328e-002
2.998184623765e-002
3.022444040646e-002
3.044846680363e-002
3.065025693766e-002
3.085177686060e-002
3.099201744878e-002
3.110339743553e-002
3.118438287037e-002
3.123350079864e-002
3.125000000000e-002
3.123350079864e-002
3.118438287037e-002
3.110339743553e-002
3.099201744878e-002
3.085177686060e-002
3.065025693766e-002
3.044846680363e-002
3.022444040646e-002
2.998184623765e-002
2.963502034328e-002
2.934951099095e-002
2.905451367682e-002
2.862004244836e-002
2.830214285776e-002
2.781855661804e-002
2.749088733899e-002
2.697833317888e-002
2.665193178292e-002
2.612191537603e-002
2.558404306978e-002
2.527664151719e-002
2.474638016007e-002
2.421839141789e-002
2.369852264746e-002
2.319061814814e-002
2.269658064993e-002
2.222082206302e-002
2.176294897815e-002
2.132511226167e-002
2.108304343622e-002
2.067334183376e-002
2.028583962700e-002
2.006036636937e-002
1.970346697217e-002
1.936933172974e-002
1.916441198719e-002
1.886334791398e-002
1.867213770944e-002
1.840211089201e-002
1.822598938722e-002
1.798663850208e-002
1.782653137435e-002
1.767188988300e-002
1.747203324919e-002
1.733409222815e-002
1.720126392487e-002
1.704018996474e-002
1.692431193866e-002
1.681442126465e-002
1.671116701977e-002
1.659510831247e-002
1.650805295214e-002
1.642761804915e-002
1.635420663676e-002
1.628717627844e-002
1.622723721762e-002
1.616873746690e-002
1.612409619214e-002
1.608616216586e-002
1.605528004066e-002
1.603103524413e-002
1.601381231999e-002
1.600346917756e-002
1.600000000000e-002
1.600346917756e-002
1.601381231999e-002
1.603103524413e-002
1.605528004066e-002
1.608616216586e-002
1.612409619214e-002
1.616873746690e-002
1.622723721762e-002
1.628717627844e-002
1.635420663676e-002
1.642761804915e-002
1.650805295214e-002
1.659510831247e-002
1.671116701977e-002
1.681442126465e-002
1.692431193866e-002
1.704018996474e-002
1.720126392487e-002
1.733409222815e-002
1.747203324919e-002
1.767188988300e-002
1.782653137435e-002
1.798663850208e-002
1.822598938722e-002
1.840211089201e-002
1.867213770944e-002
1.886334791398e-002
1.916441198719e-002
1.936933172974e-002
1.970346697217e-002
2.006036636937e-002
2.028583962700e-002
2.067334183376e-002
2.108304343622e-002
2.132511226167e-002
2.176294897815e-002
2.222082206302e-002
2.269658064993e-002
2.319061814814e-002
2.369852264746e-002
2.421839141789e-002
2.474638016007e-002
2.527664151719e-002
2.558404306978e-002
2.612191537603e-002
2.665193178292e-002
2.697833317888e-002
2.749088733899e-002
2.781855661804e-002
2.830214285776e-002
2.862004244836e-002
2.905451367682e-002
2.934951099095e-002
2.963502034328e-002
2.998184623765e-002
3.022444040646e-002
3.044846680363e-002
3.065025693766e-002
3.085177686060e-002
3.099201744878e-002
3.110339743553e-002
3.118438287037e-002
3.123350079864e-002
