  2.0170575e-002
  2.0400169e-002
  2.0796241e-002
  2.1214699e-002
  2.1458139e-002
  2.1904683e-002
  2.2369793e-002
  2.2854034e-002
  2.3354771e-002
  2.3870416e-002
  2.4394304e-002
  2.4927045e-002
  2.5461089e-002
  2.5993243e-002
  2.6311272e-002
  2.6838697e-002
  2.7165796e-002
  2.7674792e-002
  2.8001163e-002
  2.8475554e-002
  2.8789853e-002
  2.9211387e-002
  2.9500356e-002
  2.9777405e-002
  3.0108353e-002
  3.0340401e-002
  3.0551913e-002
  3.0740280e-002
  3.0902893e-002
  3.1036292e-002
  3.1139076e-002
  3.1211474e-002
  3.1245183e-002
  3.1246568e-002
  3.1215600e-002
  3.1146129e-002
  3.1046507e-002
  3.0915286e-002
  3.0755177e-002
  3.0569170e-002
  3.0358982e-002
  3.0061825e-002
  2.9800257e-002
  2.9524836e-002
  2.9124053e-002
  2.8816252e-002
  2.8356586e-002
  2.8029903e-002
  2.7702778e-002
  2.7194612e-002
  2.6665863e-002
  2.6337819e-002
  2.5799838e-002
  2.5256151e-002
  2.4952210e-002
  2.4419267e-002
  2.3893509e-002
  2.3377448e-002
  2.2874729e-002
  2.2388509e-002
  2.1921451e-002
  2.1474361e-002
  2.1047756e-002
  2.0810271e-002
  2.0412416e-002
  2.0038028e-002
  1.9816825e-002
  1.9474227e-002
  1.9266058e-002
  1.8954965e-002
  1.8760590e-002
  1.8482205e-002
  1.8302134e-002
  1.8055964e-002
  1.7891332e-002
  1.7674883e-002
  1.7527179e-002
  1.7385167e-002
  1.7208209e-002
  1.7082771e-002
  1.6963281e-002
  1.6850435e-002
  1.6719861e-002
  1.6623584e-002
  1.6533933e-002
  1.6450590e-002
  1.6374417e-002
  1.6295436e-002
  1.6234857e-002
  1.6181275e-002
  1.6134456e-002
  1.6094648e-002
  1.6061832e-002
  1.6035881e-002
  1.6016955e-002
  1.6005004e-002
  1.6000134e-002
  1.6002295e-002
  1.6011470e-002
  1.6027655e-002
  1.6050862e-002
  1.6081101e-002
  1.6118197e-002
  1.6162296e-002
  1.6213161e-002
  1.6271012e-002
  1.6335549e-002
  1.6406704e-002
  1.6500779e-002
  1.6588095e-002
  1.6681633e-002
  1.6782237e-002
  1.6918812e-002
  1.7035513e-002
  1.7158791e-002
  1.7287927e-002
  1.7471333e-002
  1.7617012e-002
  1.7828881e-002
  1.7991549e-002
  1.8158848e-002
  1.8412048e-002
  1.8594548e-002
  1.8879175e-002
  1.9076682e-002
  1.9392980e-002
  1.9604008e-002
  1.9952761e-002
  2.0323384e-002
  2.0554426e-002
  2.0955497e-002
  2.1193533e-002
  2.1624023e-002
  2.2073225e-002
  2.2541881e-002
  2.3029115e-002
  2.3530664e-002
  2.4044764e-002
  2.4567728e-002
  2.5095443e-002
  2.5625017e-002
  2.5935109e-002
  2.6465641e-002
  2.6984453e-002
  2.7307960e-002
  2.7805415e-002
  2.8125673e-002
  2.8586185e-002
  2.8893568e-002
  2.9194027e-002
  2.9581432e-002
  2.9849802e-002
  3.0103441e-002
  3.0338622e-002
  3.0593149e-002
  3.0773176e-002
  3.0927463e-002
  3.1053901e-002
  3.1150189e-002
  3.1214683e-002
  3.1246510e-002
  3.1245114e-002
  3.1210504e-002
  3.1143271e-002
  3.1044307e-002
  3.0915844e-002
  3.0759204e-002
  3.0535257e-002
  3.0318958e-002
  3.0081721e-002
  2.9827271e-002
  2.9461619e-002
  2.9169133e-002
  2.8867454e-002
  2.8419026e-002
  2.8098595e-002
  2.7606821e-002
  2.7279306e-002
  2.6761664e-002
  2.6228415e-002
  2.5908385e-002
  2.5371226e-002
  2.4834307e-002
  2.4299257e-002
  2.3772075e-002
  2.3256746e-002
  2.2756762e-002
  2.2272236e-002
  2.1807261e-002
  2.1363931e-002
  2.0941273e-002
  2.0703611e-002
  2.0310044e-002
  1.9939990e-002
  1.9721490e-002
  1.9383296e-002
  1.9175857e-002
  1.8870267e-002
  1.8677861e-002
  1.8404819e-002
  1.8226857e-002
  1.7985821e-002
  1.7824183e-002
  1.7668152e-002
  1.7467136e-002
  1.7328110e-002
  1.7194968e-002
  1.7032595e-002
  1.6916069e-002
  1.6806184e-002
  1.6702527e-002
  1.6586349e-002
  1.6499170e-002
  1.6419115e-002
  1.6345814e-002
  1.6279334e-002
  1.6219744e-002
  1.6167115e-002
  1.6118003e-002
  1.6080941e-002
  1.6050735e-002
  1.6027562e-002
  1.6011409e-002
  1.6002268e-002
  1.6000134e-002
  1.6005004e-002
  1.6016882e-002
  1.6035774e-002
  1.6061551e-002
  1.6094475e-002
  1.6138632e-002
  1.6180794e-002
  1.6242046e-002
  1.6304127e-002
  1.6373376e-002
  1.6449446e-002
  1.6532270e-002
  1.6621784e-002
  1.6741834e-002
  1.6847798e-002
  1.6960470e-002
  1.7079786e-002
  1.7245811e-002
  1.7381099e-002
  1.7522900e-002
  1.7727718e-002
  1.7885755e-002
  1.8049309e-002
  1.8295077e-002
  1.8561788e-002
  1.8751872e-002
  1.8945937e-002
  1.9255504e-002
  1.9464426e-002
  1.9805413e-002
  2.0170575e-002
