  2.4584944e-002
  2.5115918e-002
  2.5648653e-002
  2.5961825e-002
  2.6493645e-002
  2.7015031e-002
  2.7339579e-002
  2.7838974e-002
  2.8161201e-002
  2.8622745e-002
  2.8929963e-002
  2.9231162e-002
  2.9616855e-002
  2.9884909e-002
  3.0136665e-002
  3.0370399e-002
  3.0582369e-002
  3.0798619e-002
  3.0949576e-002
  3.1071593e-002
  3.1163048e-002
  3.1222342e-002
  3.1248637e-002
  3.1241346e-002
  3.1200581e-002
  3.1127043e-002
  3.1022139e-002
  3.0887388e-002
  3.0692216e-002
  3.0493244e-002
  3.0271742e-002
  3.0029694e-002
  2.9684558e-002
  2.9398727e-002
  2.9101383e-002
  2.8664521e-002
  2.8344049e-002
  2.7857904e-002
  2.7526647e-002
  2.7007391e-002
  2.6470310e-002
  2.6143858e-002
  2.5599803e-002
  2.5051354e-002
  2.4751088e-002
  2.4216838e-002
  2.3967511e-002
  2.3438020e-002
  2.3180115e-002
  2.2923592e-002
  2.2426003e-002
  2.2200872e-002
  2.1739466e-002
  2.1298413e-002
  2.1055588e-002
  2.0643164e-002
  2.0254472e-002
  2.0027467e-002
  1.9669791e-002
  1.9335083e-002
  1.9130203e-002
  1.8827900e-002
  1.8636982e-002
  1.8367048e-002
  1.8190564e-002
  1.8020322e-002
  1.7792243e-002
  1.7638405e-002
  1.7489594e-002
  1.7302345e-002
  1.7170579e-002
  1.7011137e-002
  1.6895899e-002
  1.6787301e-002
  1.6685408e-002
  1.6571179e-002
  1.6485598e-002
  1.6406704e-002
  1.6334564e-002
  1.6269539e-002
  1.6204369e-002
  1.6154867e-002
  1.6112064e-002
  1.6076039e-002
  1.6046994e-002
  1.6024914e-002
  1.6009786e-002
  1.6001579e-002
  1.6000367e-002
  1.6006138e-002
  1.6018840e-002
  1.6038602e-002
  1.6065101e-002
  1.6098687e-002
  1.6143729e-002
  1.6186368e-002
  1.6248497e-002
  1.6311045e-002
  1.6381047e-002
  1.6457485e-002
  1.6540610e-002
  1.6651818e-002
  1.6751213e-002
  1.6857309e-002
  1.6970609e-002
  1.7089354e-002
  1.7256111e-002
  1.7391281e-002
  1.7585559e-002
  1.7738387e-002
  1.7896120e-002
  1.8130762e-002
  1.8304784e-002
  1.8571126e-002
  1.8760590e-002
  1.9059286e-002
  1.9262890e-002
  1.9594025e-002
  1.9811117e-002
  2.0175347e-002
  2.0561894e-002
  2.0797515e-002
  2.1214699e-002
  2.1652791e-002
  2.2112825e-002
  2.2364039e-002
  2.2592817e-002
  2.3091782e-002
  2.3605314e-002
  2.4131481e-002
  2.4666396e-002
  2.5207295e-002
  2.5747886e-002
  2.6283148e-002
  2.6607002e-002
  2.7133901e-002
  2.7464017e-002
  2.7966584e-002
  2.8292339e-002
  2.8752735e-002
  2.9060868e-002
  2.9463976e-002
  2.9741202e-002
  3.0074774e-002
  3.0308153e-002
  3.0522446e-002
  3.0714060e-002
  3.0879808e-002
  3.1017010e-002
  3.1124632e-002
  3.1199484e-002
  3.1241708e-002
  3.1248709e-002
  3.1223474e-002
  3.1161015e-002
  3.1067455e-002
  3.0942646e-002
  3.0788911e-002
  3.0608410e-002
  3.0404254e-002
  3.0178079e-002
  2.9857280e-002
  2.9586020e-002
  2.9301029e-002
  2.8887049e-002
  2.8575322e-002
  2.8107153e-002
  2.7780558e-002
  2.7276288e-002
  2.6947709e-002
  2.6422038e-002
  2.5884798e-002
  2.5569858e-002
  2.5035611e-002
  2.4500479e-002
  2.3973685e-002
  2.3454702e-002
  2.2950294e-002
  2.2462133e-002
  2.1991524e-002
  2.1540814e-002
  2.1110566e-002
  2.0702348e-002
  2.0470197e-002
  2.0092214e-002
  1.9737296e-002
  1.9523438e-002
  1.9199855e-002
  1.8999303e-002
  1.8707533e-002
  1.8520909e-002
  1.8260834e-002
  1.8090250e-002
  1.7860366e-002
  1.7704970e-002
  1.7555867e-002
  1.7365561e-002
  1.7232359e-002
  1.7104996e-002
  1.6952622e-002
  1.6841487e-002
  1.6737412e-002
  1.6639444e-002
  1.6530610e-002
  1.6449065e-002
  1.6374070e-002
  1.6305379e-002
  1.6243721e-002
  1.6189064e-002
  1.6141169e-002
  1.6100111e-002
  1.6063955e-002
  1.6037830e-002
  1.6018532e-002
  1.6006006e-002
  1.6000367e-002
  1.6001557e-002
  1.6009619e-002
  1.6024470e-002
  1.6046142e-002
  1.6074644e-002
  1.6113582e-002
  1.6157100e-002
  1.6207451e-002
  1.6264561e-002
  1.6328684e-002
  1.6399492e-002
  1.6492759e-002
  1.6579389e-002
  1.6672711e-002
  1.6773164e-002
  1.6879714e-002
  1.7025610e-002
  1.7148912e-002
  1.7278144e-002
  1.7461549e-002
  1.7606736e-002
  1.7758291e-002
  1.7980917e-002
  1.8148613e-002
  1.8402111e-002
  1.8585166e-002
  1.8773208e-002
  1.9068489e-002
  1.9385447e-002
  1.9597351e-002
  1.9946954e-002
  2.0170575e-002
  2.0551938e-002
  2.0955497e-002
  2.1193533e-002
  2.1625392e-002
  2.2077463e-002
  2.2549149e-002
  2.3038056e-002
  2.3542838e-002
  2.4060235e-002
  2.4584944e-002
