




0.074
0.073883537925995
0.07376707585199
0.07308895846445
0.07202103609962
0.071488748039555
0.07095645997949
0.07017042618118
0.06928950886635
0.06840859155152
0.06653003488048
0.06556439483334
0.06455404595074
0.06354369706814
0.06156213878249
0.0602482375923
0.059279086657205
0.05830993572211
0.05682313753864
0.05502510950647
0.05423256473891
0.05344001997135
0.05184148446246
0.05103184583857
0.05022220721468
0.04884535151981
0.04725027007726
0.04666642163304
0.04608257318882
0.04455101300502
0.04358531907953
0.04286218922754
0.04213905937555
0.04070857947517
0.03998671736425
0.03932443148888
0.03866214561351
0.03736936024218
0.03685152826089
0.036256553509835
0.03566157875878
0.03451322696034
0.033957857534835
0.03340248810933
0.03308892194304
0.03206323851343
0.03156751146664
0.03107178441985
0.03011003941179
0.02917214937539
0.02882223378
0.02847231818461
0.02813165135573
0.02724347024758
0.026794757081015
0.02634604391445
0.02542749693523
0.024948498519535
0.02446950010384
0.02344301958148
0.02231598086154
0.02168073700741
0.02104549315328
0.01956219781041
0.01777633691549
0.01666789781089
0.01555945870629
0.01341114892729
0.01232045340012
0.010321158868586
0.008321864337052
0.002742651079676
-0.0013065541542695
-0.005355759388215
-0.01775779866733
-0.03785034844688
-0.055105456971405
-0.07236056549593
-0.1332423838085
-0.2247211589241
-0.255351780601
-0.2859824022779
-0.276445631485
-0.2120314411669
-0.1753199879338
-0.1386085347007
-0.1010650324021
-0.080167523527605
-0.05927001465311
-0.03295572042324
-0.02390800861257
-0.017020968272845
-0.01013392793312
-0.0009595919880405
0.001922188164687
0.004665612682173
0.007409037199659
0.01137036256603
0.01353858559996
0.01448570084546
0.01543281609096
0.01751537942719
0.01903265525822
0.01946771268976
0.0199027701213
0.02119846245602
0.021689042331305
0.02217962220659
0.02286560715235
0.02380729593388
0.024092547401585
0.02437779886929
0.0251676501957
0.02594936286638
0.026205276227665
0.02646118958895
0.02720529834613
0.02774060314691
0.028105627886825
0.02847065262674
0.02918579173169
0.029483452934655
0.02978111413762
0.03050507450398
0.0311646582779
0.031535866534265
0.03190707479063
0.03264843321556
0.03340979235227
0.033828815954275
0.03424783955628
0.03502764518292
0.03597712886216
0.03641309250654
0.03684905615092
0.03784646192775
0.038437094103505
0.03902772627926
0.0398570902961
0.04118466514777
0.041715450280125
0.04224623541248
0.04347176929716
0.04508616927203
0.045660204196105
0.04623423912018
0.04762546713529
0.04953392875532
0.050567210828955
0.05160049290259
0.05233761704029
0.05334425965021
0.05435090226013
0.05660709794327
0.05894318607073
0.060134263700525
0.06132534133032
0.06368997519437
0.06595869073982
0.06700698512887
0.06805527951792
0.06990207005279
0.07143144633249
0.07170321404799
0.07197498176349
0.07295723239323
0.07366180824311
0.07381124469142
0.07396068113973
0.07399441018498
0.073880556965365
0.07376670374575
0.07341624289804
0.07269877153911
0.072292788326655
0.0718868051142
0.07081406039569
0.06953847552245
0.068919649618405
0.06830082371436
0.06663398656691
0.06539749486019
0.06443780583034
0.06347811680049
0.0618161446913
0.06105832183771
0.06030049898412
0.05813182191593
0.05588369511838
0.055513431760305
0.05514316840223
0.05298984218589
0.05085040680128
0.049805745568685
0.04876108433609
0.04674695740643
0.04535510935959
0.04502412676646
0.04469314417333
0.04295556693018
0.042135290034295
0.04131501313841
0.03977850864273
0.03885436049905
0.03852889011129
0.03820341972353
0.0368169443182
0.0355346034066
0.034937626324065
0.03434064924153
0.03323317509121
0.03219711027768
0.032055474522025
0.03191383876637
0.03092957657736
0.03046766453624
0.03000575249512
0.0291278591178
0.02879284334959
0.02836674216019
0.02794064097079
0.02711601208636
0.02664432201039
0.026274013654495
0.0259037052986
0.02506860148913
0.02457356230867
0.024145515671
0.02371746903333
0.02277819808427
0.02216860517962
0.02161978045038
0.02107095572114
0.01991142008133
0.019422034743435
0.01893264940554
0.01736673264372
0.016073859031
0.014994708132615
0.01391555723423
0.01175268852031
0.008772400180622
0.0067030557483705
0.004633711316119
0.000531004503238
-0.006529648655439
-0.0101543010563295
-0.01377895345722
-0.02712106701452
-0.03477600997733
-0.04243095294014
-0.06865263723771
-0.1164979567914
-0.1332906802805
-0.1500834037696
-0.2326118135781
-0.2875
-0.26005590678905
-0.2326118135781
-0.1500834037696
-0.1164979567914
-0.092575297014555
-0.06865263723771
-0.04243095294014
-0.034776009977335
-0.02712106701453
-0.01377895345722
-0.006529648655439
-0.00299932207610055
0.0005310045032379
0.004633711316118
0.008772400180622
0.010262544350466
0.01175268852031
0.01391555723423
0.016073859031
0.01672029583736
0.01736673264372
0.01893264940554
0.019422034743435
0.01991142008133
0.02107095572114
0.02216860517962
0.022473401631945
0.02277819808427
0.02371746903333
0.02457356230867
0.0248210818989
0.02506860148913
0.0259037052986
0.02664432201039
0.026880167048375
0.02711601208636
0.02794064097079
0.02879284334959
0.028960351233695
0.0291278591178
0.03000575249512
0.03046766453624
0.03092957657736
0.03191383876637
0.03219711027768
0.032715142684445
0.03323317509121
0.03434064924153
0.0355346034066
0.0361757738624
0.0368169443182
0.03820341972353
0.03885436049905
0.03931643457089
0.03977850864273
0.04131501313841
0.042135290034295
0.04295556693018
0.04469314417333
0.04535510935959
0.04605103338301
0.04674695740643
0.04876108433609
0.05085040680128
0.051920124493585
0.05298984218589
0.05514316840223
0.05588369511838
0.057007758517155
0.05813182191593
0.06030049898412
0.06105832183771
0.0618161446913
0.06347811680049
0.06539749486019
0.06601574071355
0.06663398656691
0.06830082371436
0.06953847552245
0.07017626795907
0.07081406039569
0.0718868051142
0.07269877153911
0.073057507218575
0.07341624289804
0.07376670374575
0.073880556965365
0.07399441018498
0.07396068113973
0.07366180824311
0.07330952031817
0.07295723239323
0.07197498176349
0.07143144633249
0.07066675819264
0.06990207005279
0.06805527951792
0.06595869073982
0.064824332967095
0.06368997519437
0.06132534133032
0.05894318607073
0.057775142007
0.05660709794327
0.05435090226013
0.05334425965021
0.05233761704029
0.05160049290259
0.04953392875532
0.048579697945305
0.04762546713529
0.04623423912018
0.04508616927203
0.044278969284595
0.04347176929716
0.04224623541248
0.04118466514777
0.040520877721935
0.0398570902961
0.03902772627926
0.038437094103505
0.03784646192775
0.03684905615092
0.03597712886216
0.03550238702254
0.03502764518292
0.03424783955628
0.03340979235227
0.033029112783915
0.03264843321556
0.03190707479063
0.0311646582779
0.03083486639094
0.03050507450398
0.02978111413762
0.029483452934655
0.02918579173169
0.02847065262674
0.02774060314691
0.02747295074652
0.02720529834613
0.02646118958895
0.02594936286638
0.02555850653104
0.0251676501957
0.02437779886929
0.02380729593388
0.023336451543115
0.02286560715235
0.02217962220659
0.021689042331305
0.02119846245602
0.0199027701213
0.01903265525822
0.018274017342705
0.01751537942719
0.01543281609096
0.01353858559996
0.012454474082995
0.01137036256603
0.00740903719966
0.001922188164687
0.0004812980883232
-0.0009595919880406
-0.01013392793312
-0.02390800861257
-0.028431864517905
-0.03295572042324
-0.05927001465311
-0.080167523527605
-0.1010650324021
-0.1386085347007
-0.2120314411669
-0.24423853632595
-0.276445631485
-0.2859824022779
-0.2247211589241
-0.1789817713663
-0.1332423838085
-0.07236056549593
-0.03785034844688
-0.027804073557105
-0.01775779866733
-0.005355759388215
-0.0013065541542695
0.002742651079676
0.008321864337052
0.01232045340012
0.012865801163705
0.01341114892729
0.01555945870629
0.01777633691549
0.01866926736295
0.01956219781041
0.02104549315328
0.02231598086154
0.02287950022151
0.02344301958148
0.02446950010384
0.024948498519535
0.02542749693523
0.02634604391445
0.02724347024758
0.027687560801655
0.02813165135573
0.02847231818461
0.02917214937539
0.02964109439359
0.03011003941179
0.03107178441985
0.03206323851343
0.032576080228235
0.03308892194304
0.03340248810933
0.033957857534835
0.03451322696034
0.03566157875878
0.03685152826089
0.037110444251535
0.03736936024218
0.03866214561351
0.03998671736425
0.04034764841971
0.04070857947517
0.04213905937555
0.04358531907953
0.044068166042275
0.04455101300502
0.04608257318882
0.04725027007726
0.048047810798535
0.04884535151981
0.05022220721468
0.05103184583857
0.05184148446246
0.05344001997135
0.05502510950647
0.055924123522555
0.05682313753864
0.05830993572211
0.0602482375923
0.060905188187395
0.06156213878249
0.06354369706814
0.06556439483334
0.06604721485691
0.06653003488048
0.06840859155152
0.06928950886635
0.07017042618118
0.07095645997949
0.07202103609962
0.072554997282035
0.07308895846445
0.07376707585199
