




0.048805032
0.048805032
0.047647838
0.046490644
0.0455497155
0.044608787
0.0437163605
0.042823934
0.0419851025
0.041146271
0.040359829
0.039573387
0.038843197
0.038113007
0.03733799
0.036562973
0.03526808
0.034667419
0.034066758
0.033508284
0.03294981
0.032430375
0.03191094
0.031269512
0.030628084
0.030164495
0.029700906
0.0290861955
0.028471485
0.028042705
0.027613925
0.027197172
0.026780419
0.0261578755
0.025535332
0.025106652
0.024677972
0.023969574
0.023261176
0.0224346225
0.021608069
0.021019903
0.020431737
0.01925355
0.018075363
0.0164613805
0.014847398
0.012382645
0.0093668028
0.0063509606
0.001397731
-0.0035554986
-0.0123588888
-0.021162279
-0.0295510135
-0.037939748
-0.063502286
-0.089064824
-0.117646807
-0.14622879
-0.19936471
-0.25250063
-0.269785515
-0.2870704
-0.263135005
-0.23919961
-0.18619135
-0.13318309
-0.1072019375
-0.081220785
-0.0577227145
-0.034224644
-0.022289553
-0.010354462
-0.0039480276
0.0024584068
0.00480063645
0.0071428661
0.01001569005
0.012888514
0.016683995
0.0175300855
0.018376176
0.01952071
0.020665244
0.0215638925
0.022462541
0.022950964
0.023439387
0.024139697
0.024840007
0.0252676615
0.025695316
0.026315654
0.026935992
0.027354667
0.027773342
0.028378027
0.028982712
0.029426974
0.029871236
0.0304933095
0.031115383
0.031607831
0.032100279
0.032626476
0.033152673
0.033718792
0.034284911
0.0348940915
0.035503272
0.036999126
0.037690232
0.038381338
0.0391220255
0.039862713
0.040658074
0.041453435
0.042301384
0.043149333
0.0440508915
0.04495245
0.046028896
0.047105342
0.0481566025
0.049207863
0.050298496
0.051389129
0.052502362
0.053615595
0.054731544
0.055847493
0.057420613
0.058993733
0.0601037185
0.061213704
0.0628556115
0.064497519
0.066093488
0.067689457
0.069100595
0.070511733
0.0715700765
0.07262842
0.073793796
0.073879976
0.073966156
0.073952848
0.07393954
0.0735673545
0.073195169
0.0726958005
0.072196432
0.071487231
0.07077803
0.0697110175
0.068644005
0.067635479
0.066626953
0.065521637
0.064416321
0.06325173
0.062087139
0.060902907
0.059718675
0.0585448035
0.057370932
0.055989351
0.05460777
0.053478528
0.052349286
0.051295158
0.05024103
0.0488877555
0.047534481
0.045709414
0.0444641775
0.043218941
0.042463592
0.041708243
0.0406068135
0.039505384
0.0388971495
0.038288915
0.037330624
0.036372333
0.035488148
0.034603963
0.033787084
0.032970205
0.0322136975
0.03145719
0.0307522115
0.030047233
0.029383072
0.028718911
0.028080406
0.027441901
0.0268115765
0.026181252
0.0257936545
0.025406057
0.0247308005
0.024055544
0.0233183945
0.022581245
0.022041779
0.021502313
0.019555807
0.0187547945
0.017953782
0.016962224
0.015970666
0.014052629
0.012134592
0.01027657815
0.0084185643
0.00454213742
0.00066571054
-0.00353387443
-0.0077334594
-0.0176536732
-0.027573887
-0.039466815
-0.051359743
-0.0850991565
-0.11883857
-0.185394745
-0.25195092
-0.253390255
-0.25482959
-0.20353208
-0.15223457
-0.1205011865
-0.088767803
-0.0688526295
-0.048937456
-0.035904542
-0.022871628
-0.0085917997
-0.003993188445
0.00060542281
0.003713433455
0.0068214441
0.00902109005
0.011220736
0.0128462435
0.014471751
0.015712901
0.016954051
0.017935876
0.018917701
0.0197244105
0.02053112
0.021213504
0.021895888
0.0224929435
0.023089999
0.023627227
0.024164455
0.0246643905
0.025164326
0.0256382465
0.026112167
0.0265731265
0.027034086
0.027490239
0.027946392
0.0284054095
0.028864427
0.029328885
0.029793343
0.0307436
0.031233981
0.031724362
0.032375894
0.033027426
0.033575195
0.034122964
0.0346892195
0.035255475
0.0360869285
0.036918382
0.0375556505
0.038192919
0.03884638
0.039499841
0.0405514425
0.041603044
0.042787584
0.043972124
0.04473546
0.045498796
0.046860573
0.04822235
0.0497090035
0.051195657
0.05278422
0.054372783
0.056025621
0.057678459
0.0593272655
0.060976072
0.064112765
0.0650888635
0.066064962
0.0670322265
0.067999491
0.069179595
0.070359699
0.071084868
0.071810037
0.0723832485
0.07295646
0.073332221
0.073707982
0.0738529105
0.073997839
0.0738986
0.073799361
0.073464577
0.073129793
0.072590977
0.072052161
0.0713520255
0.07065189
0.069503747
0.068355604
0.067392395
0.066429186
0.0648966505
0.063364115
0.062352697
0.061341279
0.0596859485
0.058030618
0.054695514
0.053086475
0.051477436
0.0499696385
0.048461841
0.0470822215
0.045702602
0.0444552295
0.043207857
0.0424821605
0.041756464
0.0406906615
0.039624859
0.0389641365
0.038303414
0.0376593625
0.037015311
0.036173267
0.035331223
0.0347612495
0.034191276
0.0336385595
0.033085843
0.0324281025
0.031770362
0.031276152
0.030781942
0.0303033805
0.029824819
0.0293572765
0.028889734
0.027968582
0.0275098495
0.027051117
0.0265877395
0.026124362
0.0256480835
0.025171805
0.024669433
0.024167061
0.0236271335
0.023087206
0.0224869285
0.021886651
0.0212001505
0.02051365
0.0197034215
0.018893193
0.017903948
0.016914703
0.0156627115
0.01441072
0.012772812
0.011134904
0.0089165027
0.0066981014
0.003553830445
0.00040955949
-0.004229154755
-0.008867869
-0.0171093145
-0.02535076
-0.0373710425
-0.049391325
-0.088904804
-0.119904527
-0.15090425
-0.20043995
-0.24997565
-0.256322475
-0.2626693
-0.19665836
-0.13064742
-0.093889195
-0.05713097
-0.040155033
-0.023179096
-0.01644158385
-0.0097040717
-0.00519124315
-0.0006784146
0.00345400145
0.0075864175
0.00955115825
0.011515899
0.013530265
0.015544631
0.0165787315
0.017612832
0.018444362
0.019275892
0.0202796255
0.021283359
0.0221169555
0.022950552
0.023889571
0.0245721725
0.025254774
0.02564727
0.026039766
0.026671277
0.027302788
0.0279430255
0.028583263
0.0292465515
0.02990984
0.0302753135
0.030640787
0.0313524995
0.032064212
0.032829807
0.033595402
0.034420857
0.035246312
0.0357334365
0.036220561
0.037175942
0.038131323
0.0391597055
0.040188088
0.040869339
0.04155059
0.0427233015
0.043896013
0.04472622
0.045556427
0.0468523195
0.048148212
0.050111278
0.05117198
0.052232682
0.053620896
0.05500911
0.056156649
0.057304188
0.0584902575
0.059676327
0.060875809
0.062075291
0.063251476
0.064427661
0.065548392
0.066669123
0.0676849155
0.068700708
0.069777868
0.070855028
0.071562803
0.072270578
0.072763017
0.073255456
0.0736076055
0.073959755
0.0739527955
0.073945836
0.073553268
0.0731607
0.072308913
0.071457126
0.069000876
0.06753202
0.066063164
0.0650870125
0.064110861
0.0624584405
0.06080602
0.0592230155
0.057640011
0.056535871
0.055431731
0.0543138485
0.053195966
0.052086022
0.050976078
0.049890555
0.048805032
