




0.073883537925995
0.074
0.073883537925995
0.07376707585199
0.07342801715822
0.07308895846445
0.072554997282035
0.07202103609962
0.0710957311404
0.07017042618118
0.06928950886635
0.06840859155152
0.06653003488048
0.06503686597431
0.06354369706814
0.06189596733022
0.0602482375923
0.059279086657205
0.05830993572211
0.05666752261429
0.05502510950647
0.053433296984465
0.05184148446246
0.050343417991135
0.04884535151981
0.047463962354315
0.04608257318882
0.04531679309692
0.04455101300502
0.043345036190285
0.04213905937555
0.0410628883699
0.03998671736425
0.03932443148888
0.03866214561351
0.038015752927845
0.03736936024218
0.03566157875878
0.03508740285956
0.03451322696034
0.03380107445169
0.03308892194304
0.032576080228235
0.03206323851343
0.03156751146664
0.03107178441985
0.03059091191582
0.03011003941179
0.02964109439359
0.02917214937539
0.02865190036556
0.02813165135573
0.027687560801655
0.02724347024758
0.026794757081015
0.02634604391445
0.02588677042484
0.02542749693523
0.024948498519535
0.02446950010384
0.02395625984266
0.02344301958148
0.02287950022151
0.02231598086154
0.02104549315328
0.020303845481845
0.01956219781041
0.01866926736295
0.01777633691549
0.01666789781089
0.01555945870629
0.013939956053205
0.01232045340012
0.010321158868586
0.008321864337052
0.005532257708364
0.002742651079676
-0.0013065541542695
-0.005355759388215
-0.0115567790277725
-0.01775779866733
-0.027804073557105
-0.03785034844688
-0.055105456971405
-0.07236056549593
-0.102801474652215
-0.1332423838085
-0.1789817713663
-0.2247211589241
-0.2859824022779
-0.2490069217224
-0.2120314411669
-0.1565482367845
-0.1010650324021
-0.080167523527605
-0.05927001465311
-0.04158901163284
-0.02390800861257
-0.017020968272845
-0.01013392793312
-0.00554675996058025
-0.0009595919880405
0.00322472260580925
0.007409037199659
0.0093896998828445
0.01137036256603
0.013401589328495
0.01543281609096
0.016474097759075
0.01751537942719
0.018709074774245
0.0199027701213
0.02055061628866
0.02119846245602
0.02286560715235
0.023336451543115
0.02380729593388
0.02448747306479
0.0251676501957
0.025814419892325
0.02646118958895
0.02683324396754
0.02720529834613
0.027837975486435
0.02847065262674
0.02912588338218
0.02978111413762
0.03047288620776
0.0311646582779
0.03190654574673
0.03264843321556
0.03344813638592
0.03424783955628
0.03511248420922
0.03597712886216
0.036911795394955
0.03784646192775
0.038851776111925
0.0398570902961
0.040520877721935
0.04118466514777
0.04347176929716
0.044278969284595
0.04508616927203
0.04635581820366
0.04762546713529
0.048579697945305
0.04953392875532
0.050567210828955
0.05160049290259
0.05297569758136
0.05435090226013
0.0554790001017
0.05660709794327
0.057775142007
0.05894318607073
0.060134263700525
0.06132534133032
0.062507658262345
0.06368997519437
0.064824332967095
0.06595869073982
0.06700698512887
0.06805527951792
0.068978674785355
0.06990207005279
0.07143144633249
0.07219433936286
0.07295723239323
0.07330952031817
0.07366180824311
0.073828109214045
0.07399441018498
0.073880556965365
0.07376670374575
0.07323273764243
0.07269877153911
0.0717564159674
0.07081406039569
0.069557442055025
0.06830082371436
0.066849159287275
0.06539749486019
0.06443780583034
0.06347811680049
0.061889307892305
0.06030049898412
0.059216160450025
0.05813182191593
0.05663749515908
0.05514316840223
0.05298984218589
0.051920124493585
0.05085040680128
0.049805745568685
0.04876108433609
0.04775402087126
0.04674695740643
0.04572005078988
0.04469314417333
0.043824355551755
0.04295556693018
0.042135290034295
0.04131501313841
0.04054676089057
0.03977850864273
0.03899096418313
0.03820341972353
0.037510182020865
0.0368169443182
0.0361757738624
0.0355346034066
0.034937626324065
0.03434064924153
0.03378691216637
0.03323317509121
0.032715142684445
0.03219711027768
0.03092957657736
0.03046766453624
0.03000575249512
0.02956680580646
0.0291278591178
0.028534250044295
0.02794064097079
0.027528326528575
0.02711601208636
0.02650985869248
0.0259037052986
0.025486153393865
0.02506860148913
0.02439303526123
0.02371746903333
0.0232478335588
0.02277819808427
0.021924576902705
0.02107095572114
0.02000180256334
0.01893264940554
0.01814969102463
0.01736673264372
0.015641144938975
0.01391555723423
0.008772400180622
0.00465170234193
0.000531004503238
-0.0029993220761005
-0.006529648655439
-0.0168253578349795
-0.02712106701452
-0.047886852126115
-0.06865263723771
-0.092575297014555
-0.1164979567914
-0.17455488518475
-0.2326118135781
-0.26005590678905
-0.2875
-0.26005590678905
-0.2326118135781
-0.17455488518475
-0.1164979567914
-0.092575297014555
-0.06865263723771
-0.04788685212612
-0.02712106701453
-0.0168253578349845
-0.006529648655439
0.0005310045032379
0.00465170234192995
0.008772400180622
0.011343978707426
0.01391555723423
0.015641144938975
0.01736673264372
0.01814969102463
0.01893264940554
0.02000180256334
0.02107095572114
0.021924576902705
0.02277819808427
0.0232478335588
0.02371746903333
0.02439303526123
0.02506860148913
0.025486153393865
0.0259037052986
0.02650985869248
0.02711601208636
0.027528326528575
0.02794064097079
0.028534250044295
0.0291278591178
0.03000575249512
0.03046766453624
0.03092957657736
0.03156334342752
0.03219711027768
0.032715142684445
0.03323317509121
0.03378691216637
0.03434064924153
0.034937626324065
0.0355346034066
0.0361757738624
0.0368169443182
0.037510182020865
0.03820341972353
0.03899096418313
0.03977850864273
0.04054676089057
0.04131501313841
0.042135290034295
0.04295556693018
0.043824355551755
0.04469314417333
0.04572005078988
0.04674695740643
0.04775402087126
0.04876108433609
0.05085040680128
0.051920124493585
0.05298984218589
0.05406650529406
0.05514316840223
0.05663749515908
0.05813182191593
0.059216160450025
0.06030049898412
0.061889307892305
0.06347811680049
0.06443780583034
0.06539749486019
0.066849159287275
0.06830082371436
0.069557442055025
0.07081406039569
0.0717564159674
0.07269877153911
0.07323273764243
0.07376670374575
0.073880556965365
0.07399441018498
0.073828109214045
0.07366180824311
0.07295723239323
0.07219433936286
0.07143144633249
0.07066675819264
0.06990207005279
0.068978674785355
0.06805527951792
0.06700698512887
0.06595869073982
0.064824332967095
0.06368997519437
0.062507658262345
0.06132534133032
0.060134263700525
0.05894318607073
0.057775142007
0.05660709794327
0.0554790001017
0.05435090226013
0.05297569758136
0.05160049290259
0.050567210828955
0.04953392875532
0.048579697945305
0.04762546713529
0.04508616927203
0.044278969284595
0.04347176929716
0.042328217222465
0.04118466514777
0.040520877721935
0.0398570902961
0.038851776111925
0.03784646192775
0.036911795394955
0.03597712886216
0.03511248420922
0.03424783955628
0.03344813638592
0.03264843321556
0.03190654574673
0.0311646582779
0.03047288620776
0.02978111413762
0.02912588338218
0.02847065262674
0.027837975486435
0.02720529834613
0.02683324396754
0.02646118958895
0.025814419892325
0.0251676501957
0.02380729593388
0.023336451543115
0.02286560715235
0.022032034804185
0.02119846245602
0.02055061628866
0.0199027701213
0.018709074774245
0.01751537942719
0.016474097759075
0.01543281609096
0.013401589328495
0.01137036256603
0.009389699882845
0.00740903719966
0.0032247226058097
-0.0009595919880406
-0.0055467599605803
-0.01013392793312
-0.017020968272845
-0.02390800861257
-0.04158901163284
-0.05927001465311
-0.080167523527605
-0.1010650324021
-0.2120314411669
-0.2490069217224
-0.2859824022779
-0.255351780601
-0.2247211589241
-0.1789817713663
-0.1332423838085
-0.102801474652215
-0.07236056549593
-0.055105456971405
-0.03785034844688
-0.027804073557105
-0.01775779866733
-0.0115567790277725
-0.005355759388215
-0.0013065541542695
0.002742651079676
0.005532257708364
0.008321864337052
0.010321158868586
0.01232045340012
0.013939956053205
0.01555945870629
0.01666789781089
0.01777633691549
0.01956219781041
0.020303845481845
0.02104549315328
0.02168073700741
0.02231598086154
0.02287950022151
0.02344301958148
0.02395625984266
0.02446950010384
0.024948498519535
0.02542749693523
0.02588677042484
0.02634604391445
0.026794757081015
0.02724347024758
0.027687560801655
0.02813165135573
0.02865190036556
0.02917214937539
0.02964109439359
0.03011003941179
0.03059091191582
0.03107178441985
0.03156751146664
0.03206323851343
0.032576080228235
0.03308892194304
0.03451322696034
0.03508740285956
0.03566157875878
0.03651546950048
0.03736936024218
0.038015752927845
0.03866214561351
0.03932443148888
0.03998671736425
0.0410628883699
0.04213905937555
0.043345036190285
0.04455101300502
0.04531679309692
0.04608257318882
0.047463962354315
0.04884535151981
0.050343417991135
0.05184148446246
0.053433296984465
0.05502510950647
0.05666752261429
0.05830993572211
0.059279086657205
0.0602482375923
0.06354369706814
0.06503686597431
0.06653003488048
0.067469313216
0.06840859155152
0.06928950886635
0.07017042618118
0.0710957311404
0.07202103609962
0.072554997282035
0.07308895846445
0.07342801715822
0.07376707585199
