




0.031401545
0.031401545
0.0307846185
0.030167692
0.029724588
0.029281484
0.028859005
0.028436526
0.027848122
0.027259718
0.0268535635
0.026447409
0.025213317
0.024788254
0.024363191
0.023651695
0.022940199
0.0224405695
0.02194094
0.0210034175
0.020065895
0.018851668
0.017637441
0.0167375385
0.015837636
0.0137764025
0.011715169
0.0085417438
0.0053683186
6.48363999999997E-5
-0.0052386458
-0.0099847909
-0.014730936
-0.0293095505
-0.043888165
-0.10621324
-0.144876445
-0.18353965
-0.23297364
-0.28240763
-0.25445302
-0.22649841
-0.179131415
-0.13176442
-0.1045942735
-0.077424127
-0.0543187515
-0.031213376
-0.01990586025
-0.0085983445
-0.00256953045
0.0034592836
0.00567026195
0.0078812403
0.01060521515
0.01332919
0.015143257
0.016957324
0.018588881
0.019695548
0.020802215
0.021362373
0.021922531
0.022714942
0.023507353
0.02419259
0.024877827
0.025296397
0.025714967
0.026324264
0.026933561
0.027344856
0.027756151
0.028178901
0.028601651
0.029206238
0.029810825
0.0302685515
0.030726278
0.031211928
0.031697578
0.033007993
0.033555201
0.034102409
0.034690404
0.035278399
0.035911542
0.036544685
0.037227288
0.037909891
0.0386440475
0.039378204
0.040169584
0.040960964
0.04180591
0.042650856
0.0435531715
0.044455487
0.045410593
0.046365699
0.0473692475
0.048372796
0.0494125335
0.050452271
0.052590836
0.0540323485
0.055473861
0.0566055035
0.057737146
0.058831701
0.059926256
0.0615278995
0.063129543
0.064733186
0.066336829
0.067194416
0.068052003
0.069347356
0.070642709
0.0716223165
0.072601924
0.0731681615
0.073734399
0.073857531
0.073980663
0.0738311485
0.073681634
0.072977991
0.072206473
0.071434955
0.070659961
0.069884967
0.0689455155
0.068006064
0.066938999
0.065871934
0.0647203415
0.063568749
0.062369281
0.061169813
0.059965491
0.058761169
0.057581244
0.056401319
0.055268813
0.054136307
0.053062362
0.051988417
0.050638802
0.049289187
0.047385036
0.046508939
0.045632842
0.04443302
0.043233198
0.0420875575
0.040941917
0.0402861735
0.03963043
0.038628456
0.037626482
0.036695573
0.035764664
0.0349038455
0.034043027
0.0332483765
0.032453726
0.032088087
0.031722448
0.031024841
0.030327234
0.029671068
0.029014902
0.0283851175
0.027755333
0.027032465
0.0264015315
0.025770598
0.0253753385
0.024980079
0.024289238
0.023598397
0.0228331845
0.022067972
0.0214954205
0.020922869
0.0198800105
0.018837152
0.017962293
0.017087434
0.0154171
0.013746766
0.0121711255
0.010595485
0.0073677069
0.0041399288
0.00072727845
-0.0026853719
-0.012702944
-0.024984544
-0.037266144
-0.0522594265
-0.067252709
-0.1114499645
-0.15564722
-0.219872025
-0.28409683
-0.26258484
-0.24107285
-0.187068695
-0.13306454
-0.100734887
-0.068405234
-0.051489392
-0.03457355
-0.025040487
-0.015507424
-0.00967787255
-0.0038483211
-4.095875E-5
0.0037664036
0.0090200778
0.0109104859
0.012800894
0.014341823
0.015882752
0.0169465255
0.018010299
0.018868008
0.019725717
0.0204434815
0.021161246
0.021780035
0.022398824
0.022948114
0.023497404
0.0239988325
0.024500261
0.0249700605
0.02543986
0.0258905185
0.026341177
0.0267801405
0.027219104
0.028201027
0.028650833
0.029100639
0.0295589285
0.030017218
0.030484907
0.030952596
0.031560646
0.032168696
0.0326875
0.033206304
0.033741243
0.034276182
0.034831336
0.03538649
0.0362009005
0.037015311
0.0379355105
0.03885571
0.0395254585
0.040195207
0.041289137
0.042383067
0.043845909
0.045117069
0.046388229
0.0477878905
0.049187552
0.0507091465
0.052230741
0.053841266
0.055451791
0.0571054685
0.058759146
0.060386595
0.062014044
0.063009071
0.064004098
0.065479676
0.066955254
0.0678812305
0.068807207
0.0696661325
0.070525058
0.0712667905
0.072008523
0.073144611
0.0734980325
0.073851454
0.073921075
0.073990696
0.0738024545
0.073614213
0.0731773485
0.072740484
0.07209764
0.071454796
0.070658457
0.069862118
0.068970158
0.068078198
0.0666530325
0.065227867
0.064214623
0.063201379
0.0615618035
0.059922228
0.0582273305
0.056532433
0.053192035
0.0524097385
0.051627442
0.050148548
0.048669654
0.0478804415
0.047091229
0.045761849
0.044432469
0.0432399875
0.042047506
0.041338895
0.040630284
0.0399368645
0.039243445
0.03828554
0.037327635
0.036482345
0.035637055
0.0350668645
0.034496674
0.033946452
0.03339623
0.032330919
0.0317055225
0.031080126
0.0306017285
0.030123331
0.0296566935
0.029190056
0.0287315335
0.028273011
0.027817985
0.027362959
0.026905589
0.026448219
0.0259810865
0.025513954
0.025026301
0.024538648
0.024018026
0.023497404
0.022927439
0.022357474
0.02171145
0.021065426
0.020313812
0.019562198
0.017749006
0.016618
0.015486994
0.0140319665
0.012576939
0.0106258236
0.0086747082
0.00597086625
0.0032670243
-0.0006623506
-0.0045917255
-0.01059781825
-0.016603911
-0.0275156415
-0.038427372
-0.0549509765
-0.071474581
-0.0988113055
-0.12614803
-0.17524002
-0.22433201
-0.2555414
-0.28675079
-0.2010299
-0.146938764
-0.092847628
-0.073242352
-0.053637076
-0.037335298
-0.02103352
-0.01463373075
-0.0082339415
-0.00259917445
0.0030355926
0.00561907355
0.0082025545
0.01074472725
0.0132869
0.014561364
0.015835828
0.0168340625
0.017832297
0.0189866825
0.020141068
0.020770445
0.021399822
0.02303215
0.0237538175
0.024475485
0.0248874855
0.025299486
0.025942333
0.02658518
0.0269537395
0.027322299
0.0279540345
0.02858577
0.029239905
0.02989404
0.0305853545
0.031276669
0.032018407
0.032760145
0.033558061
0.034355977
0.0352200775
0.036084178
0.037017794
0.03795141
0.039129887
0.0402039035
0.04127792
0.042005647
0.042733374
0.04394749
0.045161606
0.046420341
0.047679076
0.048623234
0.049567392
0.050592604
0.051617816
0.0527165275
0.053815239
0.0551899785
0.056564718
0.0577205865
0.058876455
0.060050066
0.061223677
0.062393323
0.063562969
0.065812134
0.0668547145
0.067897295
0.069003276
0.070109257
0.070892262
0.071675267
0.072256785
0.072838303
0.0732126745
0.073587046
0.0737935195
0.073999993
0.0737663055
0.073532618
0.0732016155
0.072870613
0.0719821075
0.071093602
0.069879054
0.068664506
0.0672419475
0.065819389
0.063939151
0.062357568
0.060775985
0.0592565655
0.057737146
0.056671744
0.055606342
0.0545281085
0.053449875
0.052376366
0.051302857
0.0500731875
0.048843518
0.0478767355
0.046909953
0.0459838325
0.045057712
0.044177177
0.043296642
0.0424648515
0.041633061
0.0408516275
0.040070194
0.038608655
0.0379277955
0.037246936
0.036610846
0.035974756
0.0352683095
0.034561863
0.0339973145
0.033432766
0.03290804
0.032383314
0.0318924295
0.031401545
