7.400000000000e-002
7.376707585199e-002
7.308895846445e-002
7.202103609962e-002
7.095645997949e-002
7.017042618118e-002
6.840859155152e-002
6.653003488048e-002
6.556439483334e-002
6.354369706814e-002
6.156213878249e-002
6.024823759230e-002
5.830993572211e-002
5.682313753864e-002
5.502510950647e-002
5.344001997135e-002
5.184148446246e-002
5.022220721468e-002
4.884535151981e-002
4.725027007726e-002
4.608257318882e-002
4.455101300502e-002
4.358531907953e-002
4.213905937555e-002
4.070857947517e-002
3.998671736425e-002
3.866214561351e-002
3.736936024218e-002
3.685152826089e-002
3.566157875878e-002
3.451322696034e-002
3.340248810933e-002
3.308892194304e-002
3.206323851343e-002
3.107178441985e-002
3.011003941179e-002
2.917214937539e-002
2.847231818461e-002
2.813165135573e-002
2.724347024758e-002
2.634604391445e-002
2.542749693523e-002
2.446950010384e-002
2.344301958148e-002
2.231598086154e-002
2.104549315328e-002
1.956219781041e-002
1.777633691549e-002
1.555945870629e-002
1.341114892729e-002
1.232045340012e-002
8.321864337052e-003
2.742651079676e-003
-5.355759388215e-003
-1.775779866733e-002
-3.785034844688e-002
-7.236056549593e-002
-1.332423838085e-001
-2.247211589241e-001
-2.859824022779e-001
-2.764456314850e-001
-2.120314411669e-001
-1.386085347007e-001
-1.010650324021e-001
-5.927001465311e-002
-3.295572042324e-002
-2.390800861257e-002
-1.013392793312e-002
-9.595919880405e-004
1.922188164687e-003
7.409037199659e-003
1.137036256603e-002
1.353858559996e-002
1.543281609096e-002
1.751537942719e-002
1.903265525822e-002
1.990277012130e-002
2.119846245602e-002
2.217962220659e-002
2.286560715235e-002
2.380729593388e-002
2.437779886929e-002
2.516765019570e-002
2.594936286638e-002
2.646118958895e-002
2.720529834613e-002
2.774060314691e-002
2.847065262674e-002
2.918579173169e-002
2.978111413762e-002
3.050507450398e-002
3.116465827790e-002
3.190707479063e-002
3.264843321556e-002
3.340979235227e-002
3.424783955628e-002
3.502764518292e-002
3.597712886216e-002
3.684905615092e-002
3.784646192775e-002
3.902772627926e-002
3.985709029610e-002
4.118466514777e-002
4.224623541248e-002
4.347176929716e-002
4.508616927203e-002
4.623423912018e-002
4.762546713529e-002
4.953392875532e-002
5.160049290259e-002
5.233761704029e-002
5.435090226013e-002
5.660709794327e-002
5.894318607073e-002
6.132534133032e-002
6.368997519437e-002
6.595869073982e-002
6.805527951792e-002
6.990207005279e-002
7.143144633249e-002
7.197498176349e-002
7.295723239323e-002
7.366180824311e-002
7.396068113973e-002
7.399441018498e-002
7.376670374575e-002
7.341624289804e-002
7.269877153911e-002
7.188680511420e-002
7.081406039569e-002
6.953847552245e-002
6.830082371436e-002
6.663398656691e-002
6.539749486019e-002
6.347811680049e-002
6.181614469130e-002
6.030049898412e-002
5.813182191593e-002
5.588369511838e-002
5.514316840223e-002
5.298984218589e-002
5.085040680128e-002
4.876108433609e-002
4.674695740643e-002
4.535510935959e-002
4.469314417333e-002
4.295556693018e-002
4.131501313841e-002
3.977850864273e-002
3.885436049905e-002
3.820341972353e-002
3.681694431820e-002
3.553460340660e-002
3.434064924153e-002
3.323317509121e-002
3.219711027768e-002
3.191383876637e-002
3.092957657736e-002
3.000575249512e-002
2.912785911780e-002
2.879284334959e-002
2.794064097079e-002
2.711601208636e-002
2.664432201039e-002
2.590370529860e-002
2.506860148913e-002
2.457356230867e-002
2.371746903333e-002
2.277819808427e-002
2.216860517962e-002
2.107095572114e-002
1.991142008133e-002
1.893264940554e-002
1.736673264372e-002
1.607385903100e-002
1.391555723423e-002
1.175268852031e-002
8.772400180622e-003
4.633711316119e-003
5.310045032380e-004
-6.529648655439e-003
-1.377895345722e-002
-2.712106701452e-002
-4.243095294014e-002
-6.865263723771e-002
-1.164979567914e-001
-1.500834037696e-001
-2.326118135781e-001
-2.875000000000e-001
-2.326118135781e-001
-1.500834037696e-001
-1.164979567914e-001
-6.865263723771e-002
-4.243095294014e-002
-2.712106701453e-002
-1.377895345722e-002
-6.529648655439e-003
5.310045032379e-004
4.633711316118e-003
8.772400180622e-003
1.175268852031e-002
1.391555723423e-002
1.607385903100e-002
1.736673264372e-002
1.893264940554e-002
1.991142008133e-002
2.107095572114e-002
2.216860517962e-002
2.277819808427e-002
2.371746903333e-002
2.457356230867e-002
2.506860148913e-002
2.590370529860e-002
2.664432201039e-002
2.711601208636e-002
2.794064097079e-002
2.879284334959e-002
2.912785911780e-002
3.000575249512e-002
3.092957657736e-002
3.191383876637e-002
3.219711027768e-002
3.323317509121e-002
3.434064924153e-002
3.553460340660e-002
3.681694431820e-002
3.820341972353e-002
3.885436049905e-002
3.977850864273e-002
4.131501313841e-002
4.295556693018e-002
4.469314417333e-002
4.535510935959e-002
4.674695740643e-002
4.876108433609e-002
5.085040680128e-002
5.298984218589e-002
5.514316840223e-002
5.588369511838e-002
5.813182191593e-002
6.030049898412e-002
6.181614469130e-002
6.347811680049e-002
6.539749486019e-002
6.663398656691e-002
6.830082371436e-002
6.953847552245e-002
7.081406039569e-002
7.188680511420e-002
7.269877153911e-002
7.341624289804e-002
7.376670374575e-002
7.399441018498e-002
7.396068113973e-002
7.366180824311e-002
7.295723239323e-002
7.197498176349e-002
7.143144633249e-002
6.990207005279e-002
6.805527951792e-002
6.595869073982e-002
6.368997519437e-002
6.132534133032e-002
5.894318607073e-002
5.660709794327e-002
5.435090226013e-002
5.233761704029e-002
5.160049290259e-002
4.953392875532e-002
4.762546713529e-002
4.623423912018e-002
4.508616927203e-002
4.347176929716e-002
4.224623541248e-002
4.118466514777e-002
3.985709029610e-002
3.902772627926e-002
3.784646192775e-002
3.684905615092e-002
3.597712886216e-002
3.502764518292e-002
3.424783955628e-002
3.340979235227e-002
3.264843321556e-002
3.190707479063e-002
3.116465827790e-002
3.050507450398e-002
2.978111413762e-002
2.918579173169e-002
2.847065262674e-002
2.774060314691e-002
2.720529834613e-002
2.646118958895e-002
2.594936286638e-002
2.516765019570e-002
2.437779886929e-002
2.380729593388e-002
2.286560715235e-002
2.217962220659e-002
2.119846245602e-002
1.990277012130e-002
1.903265525822e-002
1.751537942719e-002
1.543281609096e-002
1.353858559996e-002
1.137036256603e-002
7.409037199660e-003
1.922188164687e-003
-9.595919880406e-004
-1.013392793312e-002
-2.390800861257e-002
-3.295572042324e-002
-5.927001465311e-002
-1.010650324021e-001
-1.386085347007e-001
-2.120314411669e-001
-2.764456314850e-001
-2.859824022779e-001
-2.247211589241e-001
-1.332423838085e-001
-7.236056549593e-002
-3.785034844688e-002
-1.775779866733e-002
-5.355759388215e-003
2.742651079676e-003
8.321864337052e-003
1.232045340012e-002
1.341114892729e-002
1.555945870629e-002
1.777633691549e-002
1.956219781041e-002
2.104549315328e-002
2.231598086154e-002
2.344301958148e-002
2.446950010384e-002
2.542749693523e-002
2.634604391445e-002
2.724347024758e-002
2.813165135573e-002
2.847231818461e-002
2.917214937539e-002
3.011003941179e-002
3.107178441985e-002
3.206323851343e-002
3.308892194304e-002
3.340248810933e-002
3.451322696034e-002
3.566157875878e-002
3.685152826089e-002
3.736936024218e-002
3.866214561351e-002
3.998671736425e-002
4.070857947517e-002
4.213905937555e-002
4.358531907953e-002
4.455101300502e-002
4.608257318882e-002
4.725027007726e-002
4.884535151981e-002
5.022220721468e-002
5.184148446246e-002
5.344001997135e-002
5.502510950647e-002
5.682313753864e-002
5.830993572211e-002
6.024823759230e-002
6.156213878249e-002
6.354369706814e-002
6.556439483334e-002
6.653003488048e-002
6.840859155152e-002
7.017042618118e-002
7.095645997949e-002
7.202103609962e-002
7.308895846445e-002
7.376707585199e-002
