  4.8805032e-002
  4.6490644e-002
  4.4608787e-002
  4.2823934e-002
  4.1146271e-002
  3.9573387e-002
  3.8113007e-002
  3.6562973e-002
  3.5268080e-002
  3.4066758e-002
  3.2949810e-002
  3.1910940e-002
  3.0628084e-002
  2.9700906e-002
  2.8471485e-002
  2.7613925e-002
  2.6780419e-002
  2.5535332e-002
  2.4677972e-002
  2.3261176e-002
  2.1608069e-002
  2.0431737e-002
  1.8075363e-002
  1.4847398e-002
  1.2382645e-002
  6.3509606e-003
 -3.5554986e-003
 -2.1162279e-002
 -3.7939748e-002
 -8.9064824e-002
 -1.4622879e-001
 -2.5250063e-001
 -2.8707040e-001
 -2.3919961e-001
 -1.3318309e-001
 -8.1220785e-002
 -3.4224644e-002
 -1.0354462e-002
  2.4584068e-003
  7.1428661e-003
  1.2888514e-002
  1.6683995e-002
  1.8376176e-002
  2.0665244e-002
  2.2462541e-002
  2.3439387e-002
  2.4840007e-002
  2.5695316e-002
  2.6935992e-002
  2.7773342e-002
  2.8982712e-002
  2.9871236e-002
  3.1115383e-002
  3.2100279e-002
  3.3152673e-002
  3.4284911e-002
  3.5503272e-002
  3.6999126e-002
  3.8381338e-002
  3.9862713e-002
  4.1453435e-002
  4.3149333e-002
  4.4952450e-002
  4.7105342e-002
  4.9207863e-002
  5.1389129e-002
  5.3615595e-002
  5.5847493e-002
  5.8993733e-002
  6.1213704e-002
  6.4497519e-002
  6.7689457e-002
  7.0511733e-002
  7.2628420e-002
  7.3793796e-002
  7.3966156e-002
  7.3939540e-002
  7.3195169e-002
  7.2196432e-002
  7.0778030e-002
  6.8644005e-002
  6.6626953e-002
  6.4416321e-002
  6.2087139e-002
  5.9718675e-002
  5.7370932e-002
  5.4607770e-002
  5.2349286e-002
  5.0241030e-002
  4.7534481e-002
  4.5709414e-002
  4.3218941e-002
  4.1708243e-002
  3.9505384e-002
  3.8288915e-002
  3.6372333e-002
  3.4603963e-002
  3.2970205e-002
  3.1457190e-002
  3.0047233e-002
  2.8718911e-002
  2.7441901e-002
  2.6181252e-002
  2.5406057e-002
  2.4055544e-002
  2.2581245e-002
  2.1502313e-002
  1.9555807e-002
  1.7953782e-002
  1.5970666e-002
  1.2134592e-002
  8.4185643e-003
  6.6571054e-004
 -7.7334594e-003
 -2.7573887e-002
 -5.1359743e-002
 -1.1883857e-001
 -2.5195092e-001
 -2.5482959e-001
 -1.5223457e-001
 -8.8767803e-002
 -4.8937456e-002
 -2.2871628e-002
 -8.5917997e-003
  6.0542281e-004
  6.8214441e-003
  1.1220736e-002
  1.4471751e-002
  1.6954051e-002
  1.8917701e-002
  2.0531120e-002
  2.1895888e-002
  2.3089999e-002
  2.4164455e-002
  2.5164326e-002
  2.6112167e-002
  2.7034086e-002
  2.7946392e-002
  2.8864427e-002
  2.9793343e-002
  3.0743600e-002
  3.1724362e-002
  3.3027426e-002
  3.4122964e-002
  3.5255475e-002
  3.6918382e-002
  3.8192919e-002
  3.9499841e-002
  4.1603044e-002
  4.3972124e-002
  4.5498796e-002
  4.8222350e-002
  5.1195657e-002
  5.4372783e-002
  5.7678459e-002
  6.0976072e-002
  6.4112765e-002
  6.6064962e-002
  6.7999491e-002
  7.0359699e-002
  7.1810037e-002
  7.2956460e-002
  7.3707982e-002
  7.3997839e-002
  7.3799361e-002
  7.3129793e-002
  7.2052161e-002
  7.0651890e-002
  6.8355604e-002
  6.6429186e-002
  6.3364115e-002
  6.1341279e-002
  5.8030618e-002
  5.4695514e-002
  5.1477436e-002
  4.8461841e-002
  4.5702602e-002
  4.3207857e-002
  4.1756464e-002
  3.9624859e-002
  3.8303414e-002
  3.7015311e-002
  3.5331223e-002
  3.4191276e-002
  3.3085843e-002
  3.1770362e-002
  3.0781942e-002
  2.9824819e-002
  2.8889734e-002
  2.7968582e-002
  2.7051117e-002
  2.6124362e-002
  2.5171805e-002
  2.4167061e-002
  2.3087206e-002
  2.1886651e-002
  2.0513650e-002
  1.8893193e-002
  1.6914703e-002
  1.4410720e-002
  1.1134904e-002
  6.6981014e-003
  4.0955949e-004
 -8.8678690e-003
 -2.5350760e-002
 -4.9391325e-002
 -8.8904804e-002
 -1.5090425e-001
 -2.4997565e-001
 -2.6266930e-001
 -1.3064742e-001
 -5.7130970e-002
 -2.3179096e-002
 -9.7040717e-003
 -6.7841460e-004
  7.5864175e-003
  1.1515899e-002
  1.5544631e-002
  1.7612832e-002
  1.9275892e-002
  2.1283359e-002
  2.2950552e-002
  2.3889571e-002
  2.5254774e-002
  2.6039766e-002
  2.7302788e-002
  2.8583263e-002
  2.9909840e-002
  3.0640787e-002
  3.2064212e-002
  3.3595402e-002
  3.5246312e-002
  3.6220561e-002
  3.8131323e-002
  4.0188088e-002
  4.1550590e-002
  4.3896013e-002
  4.5556427e-002
  4.8148212e-002
  5.0111278e-002
  5.2232682e-002
  5.5009110e-002
  5.7304188e-002
  5.9676327e-002
  6.2075291e-002
  6.4427661e-002
  6.6669123e-002
  6.8700708e-002
  7.0855028e-002
  7.2270578e-002
  7.3255456e-002
  7.3959755e-002
  7.3945836e-002
  7.3160700e-002
  7.1457126e-002
  6.9000876e-002
  6.6063164e-002
  6.4110861e-002
  6.0806020e-002
  5.7640011e-002
  5.5431731e-002
  5.3195966e-002
  5.0976078e-002
  4.8805032e-002
