  3.1401545e-002
  3.0167692e-002
  2.9281484e-002
  2.8436526e-002
  2.7259718e-002
  2.6447409e-002
  2.5213317e-002
  2.4363191e-002
  2.2940199e-002
  2.1940940e-002
  2.0065895e-002
  1.7637441e-002
  1.5837636e-002
  1.1715169e-002
  5.3683186e-003
 -5.2386458e-003
 -1.4730936e-002
 -4.3888165e-002
 -1.0621324e-001
 -1.8353965e-001
 -2.8240763e-001
 -2.2649841e-001
 -1.3176442e-001
 -7.7424127e-002
 -3.1213376e-002
 -8.5983445e-003
  3.4592836e-003
  7.8812403e-003
  1.3329190e-002
  1.6957324e-002
  1.8588881e-002
  2.0802215e-002
  2.1922531e-002
  2.3507353e-002
  2.4877827e-002
  2.5714967e-002
  2.6933561e-002
  2.7756151e-002
  2.8601651e-002
  2.9810825e-002
  3.0726278e-002
  3.1697578e-002
  3.3007993e-002
  3.4102409e-002
  3.5278399e-002
  3.6544685e-002
  3.7909891e-002
  3.9378204e-002
  4.0960964e-002
  4.2650856e-002
  4.4455487e-002
  4.6365699e-002
  4.8372796e-002
  5.0452271e-002
  5.2590836e-002
  5.5473861e-002
  5.7737146e-002
  5.9926256e-002
  6.3129543e-002
  6.6336829e-002
  6.8052003e-002
  7.0642709e-002
  7.2601924e-002
  7.3734399e-002
  7.3980663e-002
  7.3681634e-002
  7.2977991e-002
  7.1434955e-002
  6.9884967e-002
  6.8006064e-002
  6.5871934e-002
  6.3568749e-002
  6.1169813e-002
  5.8761169e-002
  5.6401319e-002
  5.4136307e-002
  5.1988417e-002
  4.9289187e-002
  4.7385036e-002
  4.5632842e-002
  4.3233198e-002
  4.0941917e-002
  3.9630430e-002
  3.7626482e-002
  3.5764664e-002
  3.4043027e-002
  3.2453726e-002
  3.1722448e-002
  3.0327234e-002
  2.9014902e-002
  2.7755333e-002
  2.7032465e-002
  2.5770598e-002
  2.4980079e-002
  2.3598397e-002
  2.2067972e-002
  2.0922869e-002
  1.8837152e-002
  1.7087434e-002
  1.3746766e-002
  1.0595485e-002
  4.1399288e-003
 -2.6853719e-003
 -1.2702944e-002
 -3.7266144e-002
 -6.7252709e-002
 -1.5564722e-001
 -2.8409683e-001
 -2.4107285e-001
 -1.3306454e-001
 -6.8405234e-002
 -3.4573550e-002
 -1.5507424e-002
 -3.8483211e-003
  3.7664036e-003
  9.0200778e-003
  1.2800894e-002
  1.5882752e-002
  1.8010299e-002
  1.9725717e-002
  2.1161246e-002
  2.2398824e-002
  2.3497404e-002
  2.4500261e-002
  2.5439860e-002
  2.6341177e-002
  2.7219104e-002
  2.8201027e-002
  2.9100639e-002
  3.0017218e-002
  3.0952596e-002
  3.2168696e-002
  3.3206304e-002
  3.4276182e-002
  3.5386490e-002
  3.7015311e-002
  3.8855710e-002
  4.0195207e-002
  4.2383067e-002
  4.3845909e-002
  4.6388229e-002
  4.9187552e-002
  5.2230741e-002
  5.5451791e-002
  5.8759146e-002
  6.2014044e-002
  6.4004098e-002
  6.6955254e-002
  6.8807207e-002
  7.0525058e-002
  7.2008523e-002
  7.3144611e-002
  7.3851454e-002
  7.3990696e-002
  7.3614213e-002
  7.2740484e-002
  7.1454796e-002
  6.9862118e-002
  6.8078198e-002
  6.5227867e-002
  6.3201379e-002
  5.9922228e-002
  5.6532433e-002
  5.3192035e-002
  5.1627442e-002
  4.8669654e-002
  4.7091229e-002
  4.4432469e-002
  4.2047506e-002
  4.0630284e-002
  3.9243445e-002
  3.7327635e-002
  3.5637055e-002
  3.4496674e-002
  3.3396230e-002
  3.2330919e-002
  3.1080126e-002
  3.0123331e-002
  2.9190056e-002
  2.8273011e-002
  2.7362959e-002
  2.6448219e-002
  2.5513954e-002
  2.4538648e-002
  2.3497404e-002
  2.2357474e-002
  2.1065426e-002
  1.9562198e-002
  1.7749006e-002
  1.5486994e-002
  1.2576939e-002
  8.6747082e-003
  3.2670243e-003
 -4.5917255e-003
 -1.6603911e-002
 -3.8427372e-002
 -7.1474581e-002
 -1.2614803e-001
 -2.2433201e-001
 -2.8675079e-001
 -2.0102990e-001
 -9.2847628e-002
 -5.3637076e-002
 -2.1033520e-002
 -8.2339415e-003
  3.0355926e-003
  8.2025545e-003
  1.3286900e-002
  1.5835828e-002
  1.7832297e-002
  2.0141068e-002
  2.1399822e-002
  2.3032150e-002
  2.4475485e-002
  2.5299486e-002
  2.6585180e-002
  2.7322299e-002
  2.8585770e-002
  2.9894040e-002
  3.1276669e-002
  3.2760145e-002
  3.4355977e-002
  3.6084178e-002
  3.7951410e-002
  3.9129887e-002
  4.1277920e-002
  4.2733374e-002
  4.5161606e-002
  4.7679076e-002
  4.9567392e-002
  5.1617816e-002
  5.3815239e-002
  5.6564718e-002
  5.8876455e-002
  6.1223677e-002
  6.3562969e-002
  6.5812134e-002
  6.7897295e-002
  7.0109257e-002
  7.1675267e-002
  7.2838303e-002
  7.3587046e-002
  7.3999993e-002
  7.3532618e-002
  7.2870613e-002
  7.1093602e-002
  6.8664506e-002
  6.5819389e-002
  6.3939151e-002
  6.0775985e-002
  5.7737146e-002
  5.5606342e-002
  5.3449875e-002
  5.1302857e-002
  4.8843518e-002
  4.6909953e-002
  4.5057712e-002
  4.3296642e-002
  4.1633061e-002
  4.0070194e-002
  3.8608655e-002
  3.7246936e-002
  3.5974756e-002
  3.4561863e-002
  3.3432766e-002
  3.2383314e-002
  3.1401545e-002
