




0.021058195
0.021036901
0.021026356
0.021015811
0.020994764
0.020973919
0.020953276
0.020932833
0.020921033
0.0209108435
0.020900654
0.020880632
0.020868416
0.020848615
0.020835962
0.0208263295
0.020816697
0.020803768
0.020784877
0.02077183
0.020753311
0.020740149
0.0207334975
0.020726846
0.020709033
0.020695615
0.020682214
0.02066852
0.0206601295
0.020651739
0.020638241
0.020624605
0.020610988
0.020597235
0.0205835
0.0205759485
0.020568397
0.020554855
0.02054133
0.020527671
0.020514182
0.020507447
0.020500712
0.020487259
0.020473824
0.02046056
0.02044716
0.020432562
0.020425881
0.0204192
0.020406006
0.02039283
0.020379822
0.020366831
0.020358987
0.020351143
0.020338339
0.020325702
0.020313231
0.020296726
0.020284441
0.02027838
0.020272319
0.020255583
0.020243795
0.020226809
0.020215203
0.0202065855
0.020197968
0.020186692
0.020169358
0.02015841
0.020141125
0.020123575
0.0201184205
0.020113266
0.020095765
0.020078295
0
0
0
-0.0111625425
-0.022325085
-0.022351468
-0.022377914
-0.022404241
-0.022420177
-0.0224333905
-0.022446604
-0.022463153
-0.022489499
-0.022515353
-0.022532745
-0.022558514
-0.022567523
-0.022576532
-0.022594766
-0.022620119
-0.022638797
-0.022657695
-0.0226701615
-0.022682628
-0.022701787
-0.022721356
-0.022741148
-0.022764945
-0.022784813
-0.02279486
-0.022804907
-0.022825227
-0.022845774
-0.022866358
-0.022887171
-0.0228978845
-0.022908598
-0.022929105
-0.02294965
-0.022971387
-0.022992395
-0.023013635
-0.0230242745
-0.023034914
-0.02305604
-0.02307701
-0.023098214
-0.02312336
-0.023134005
-0.02314465
-0.023165785
-0.023186762
-0.023214071
-0.023235137
-0.023255847
-0.0232701775
-0.023284508
-0.02330511
-0.023325351
-0.023354983
-0.023375112
-0.0233902925
-0.023405473
-0.023436716
-0.023456185
-0.023487968
-0.023520243
-0.023539044
-0.023555253
-0.023571462
-0.023604377
-0.023637794
-0.023671511
-0.023705327
-0.023722284
-0.023739241
-0.023773459
-0.023807365
-0.023841368
-0.023875262
-0.023895687
-0.023912608
-0.023929529
-0.023963259
-0.023984888
-0.024018566
-0.024040931
-0.0240525575
-0.024064184
-0.024097452
-0.024121242
-0.024154031
-0.024178148
-0.024202957
-0.024218928
-0.024234899
-0.024260041
-0.024285452
-0.024311349
-0.024337519
-0.024352586
-0.024367653
-0.024393947
-0.024420298
-0.024446926
-0.024473831
-0.024501017
-0.0245146405
-0.024528264
-0.024555573
-0.024582944
-0.024610377
-0.024637872
-0.02465154
-0.024665208
-0.024696843
-0.024724983
-0.024752739
-0.02478056
-0.0248152
-0.0248291815
-0.024843163
-0.024870965
-0.024898376
-0.024935627
-0.024962728
-0.024982138
-0.025001548
-0.025028566
-0.025068745
-0.02509522
-0.025136542
-0.025162468
-0.0251834745
-0.025204481
-0.025247338
-0.025291046
-0.025315421
-0.02535937
-0.0253816585
-0.025403947
-0.025448922
-0.025494059
-0.025539599
-0.025585066
-0.025630457
-0.025643704
-0.025656951
-0.025703088
-0.025748665
-0.025777357
-0.025823204
-0.025853289
-0.0258759825
-0.025898676
-0.025929927
-0.025975094
-0.026007278
-0.026051229
-0.0260677915
-0.026084354
-0.026118065
-0.026160895
-0.02619506
-0.026229822
-0.026265184
-0.0262831675
-0.026301151
-0.026337218
-0.026373897
-0.026413239
-0.026449622
-0.026467865
-0.026486108
-0.026523213
-0.026560166
-0.026597224
-0.026638293
-0.026676619
-0.026695708
-0.026714797
-0.026753087
-0.026790962
-0.026828683
-0.02687632
-0.026895437
-0.026914554
-0.026952366
-0.027003399
-0.027041199
-0.027094464
-0.027131985
-0.0271505285
-0.027169072
-0.027224488
-0.027281777
-0.027317914
-0.027376434
-0.0274065145
-0.027436595
-0.027497861
-0.027531802
-0.027593506
-0.027656057
-0.027719183
-0.027750894
-0.027782605
-0.027846612
-0.027910636
-0.027947644
-0.028012724
-0.0280449855
-0.028077247
-0.028117911
-0.028182642
-0.028246506
-0.028290032
-0.028334584
-0.0283664265
-0.028398269
-0.028444662
-0.028506764
-0.028554424
-0.028602852
-0.028627604
-0.028652356
-0.028712359
-0.028762256
-0.028813249
-0.028865043
-0.028917338
-0.028943738
-0.028970138
-0.029023448
-0.029077273
-0.029131304
-0.029185857
-0.029213082
-0.029240307
-0.029294966
-0.02934952
-0.029414815
-0.029470793
-0.029526348
-0.0295539115
-0.029581475
-0.02965401
-0.029709631
-0.029764487
-0.029842231
-0.0298695835
-0.029896936
-0.029978055
-0.030062303
-0.030115837
-0.030202914
-0.030254938
-0.0302994065
-0.030343875
-0.030434384
-0.030527179
-0.030621258
-0.030716639
-0.0307646395
-0.03081264
-0.030909268
-0.031006172
-0.031102635
-0.031162252
-0.031260093
-0.0312918545
-0.031323616
-0.031421419
-0.031488937
-0.0315856
-0.031656088
-0.0316922435
-0.031728399
-0.031823598
-0.031898223
-0.031974734
-0.032052773
-0.032143877
-0.0321835235
-0.03222317
-0.032303261
-0.03238494
-0.032467444
-0.032550784
-0.032634971
-0.032677492
-0.032720013
-0.032805121
-0.032903995
-0.032992138
-0.03308078
-0.0331247365
-0.033168693
-0.033256273
-0.033372145
-0.033460862
-0.033584554
-0.033673618
-0.0337394975
-0.033805377
-0.033893536
-0.034031448
-0.03411781
-0.034261172
-0.034335042
-0.034408912
-0.034561136
-0.034717049
-0.034876283
-0.035037532
-0.035200836
-0.03528283
-0.035364824
-0.035529021
-0.035632709
-0.035799569
-0.035911737
-0.0359955885
-0.03607944
-0.036198421
-0.036365013
-0.036490534
-0.036620523
-0.036754565
-0.036835995
-0.036917425
-0.037055364
-0.037196503
-0.03734091
-0.037488119
-0.0375631545
-0.03763819
-0.037790639
-0.037944969
-0.038101212
-0.038258292
-0.038448753
-0.0385308335
-0.038612914
-0.038776879
-0.038940626
-0.039164219
-0.039331535
-0.0394532545
-0.039574974
-0.039743113
-0.040004372
-0.040280572
-0.04044654
-0.040735828
-0.0408866305
-0.041037433
-0.041349225
-0.041670264
-0.041998862
-0.042331822
-0.042435561
-0.0425393
-0.042886799
-0.043119081
-0.043475703
-0.04373148
-0.04409113
-0.0442296085
-0.044368087
-0.044658289
-0.04496224
-0.04532152
-0.045638937
-0.045803474
-0.045968011
-0.046308353
-0.046657827
-0.047016766
-0.047382853
-0.047831622
-0.0480302455
-0.048228869
-0.048629857
-0.049033642
-0.049608302
-0.050030795
-0.050356986
-0.050683177
-0.051399003
-0.051842926
-0.052629612
-0.05347679
-0.054380042
-0.054858328
-0.055336614
-0.056339112
-0.0569952
-0.058096831
-0.059220246
-0.059646083
-0.06007192
-0.061007333
-0.062032364
-0.063301273
-0.064458016
-0.065702853
-0.066372523
-0.067042193
-0.068474956
-0.070313102
-0.072056422
-0.073884951
-0.075286795
-0.076688639
-0.078844008
-0.082583887
-0.087159086
-0.092710972
-0.099333342
-0.103157136
-0.10698093
-0.11310968
-0.12261408
-0.13125452
-0.14129526
-0.146831905
-0.15236855
-0.16745395
-0.17833438
-0.18875596
-0.18328378
-0.15908022
-0.14567755
-0.13227488
-0.098178077
-0.060293333
-0.021116419
0.018455723
0.058245416
0.0778082375
0.097371059
0.13298714
0.17035972
0.18498609
0.18773443
0.184125555
0.18051668
0.16286689
0.14959308
0.13703498
0.12625623
0.11495074
0.111296215
0.10764169
0.10198491
0.094656073
0.088526612
0.083515404
0.0814878245
0.079460245
0.077171163
0.074171059
0.072241795
0.070412282
0.06868807
0.0678842405
0.067080411
0.065591797
0.064221638
0.062965405
0.061818879
0.0612969925
0.060775106
0.059826523
0.058616303
0.057819
0.056699771
0.055618609
0.0553270005
0.055035392
0.054074927
0.053171519
0.052329643
0.051550876
0.051325925
0.051100974
0.050397524
0.049758348
0.049336145
0.048912397
0.048376163
0.048177092
0.047978021
0.047585388
0.047198143
0.046819639
0.046450428
0.0462707245
0.046091021
0.045744354
0.045409119
0.045087277
0.044778312
0.044407705
0.0442621225
0.04411654
0.043841545
0.043473143
0.043220685
0.04285868
0.04274513
0.04263158
0.042281691
0.042081743
0.041749038
0.041423372
0.041105816
0.04095255
0.040799284
0.040505243
0.040223214
0.040055547
0.039788726
0.039703848
0.03961897
0.039370217
0.039201373
0.03903003
0.03880694
0.03864043
0.0385568175
0.038473205
0.038306421
0.038140636
0.037961086
0.037804449
0.037727091
0.037649733
0.037497436
0.03734751
0.037185794
0.037037486
0.036893008
0.0368226435
0.036752279
0.036616233
0.03648477
0.036314524
0.03618881
0.036102709
0.036016608
0.03589841
0.035725771
0.035616264
0.03544602
0.035275161
0.035227432
0.035179703
0.035014768
0.034851464
0.034691118
0.034534111
0.034457682
0.034381253
0.034232448
0.034145472
0.034001401
0.033911791
0.033774046
0.0337080835
0.033642121
0.033552392
0.033461494
0.033339581
0.033249066
0.033203656
0.033158246
0.033066725
0.032959134
0.032870772
0.032782106
0.03269394
0.0326501055
0.032606271
0.032519092
0.032433183
0.032348137
0.03226433
0.032181746
0.032141249
0.032100752
0.032006098
0.031926402
0.03184825
0.03177237
0.0317230685
0.031673767
0.031600603
0.031529267
0.031429664
0.031361681
0.031261729
0.0312297375
0.031197746
0.03109816
0.030997811
0.030940263
0.030842378
0.0307934065
0.030744435
0.030647483
0.030551511
0.03045719
0.030364494
0.030274077
0.030247693
0.030221309
0.030132444
0.030077846
0.029991846
0.029908997
0.0298812925
0.029853588
0.02979708
0.029718275
0.029661646
0.029587456
0.029531341
0.029503073
0.029474805
0.029417853
0.029360811
0.029295763
0.029240154
0.0292123015
0.029184449
0.029129275
0.029074005
0.029019261
0.028965039
0.028911334
0.0288847375
0.028858141
0.028805761
0.028754186
0.028693699
0.028642234
0.0286170485
0.028591863
0.028542573
0.028479415
0.028431417
0.028384475
0.028319673
0.028297127
0.028274581
0.028209122
0.028165851
0.028100328
0.028059427
0.028026775
0.027994123
0.027928271
0.027891029
0.027826243
0.027761766
0.027697595
0.027665802
0.027634009
0.027571281
0.027509123
0.027448082
0.027388421
0.027370669
0.027352917
0.027294227
0.027257881
0.027200695
0.027163249
0.027107818
0.0270889565
0.027070095
0.027016929
0.02697893
0.026940509
0.026901402
0.0268767445
0.026852087
0.026813507
0.026774777
0.026735637
0.026696352
0.026652754
0.026633756
0.026614758
0.026576613
0.02653858
0.026500658
0.026462847
0.0264441245
0.026425402
0.026388321
0.026351601
0.026310669
0.026273664
0.026237521
0.0262196265
0.026201732
0.026166545
0.026122446
0.026087974
0.026053845
0.0260371975
0.02602055
0.025975469
0.025943119
0.025897328
0.025866157
0.025819665
0.025804784
0.025789903
0.025743448
0.025715076
0.025668654
0.025622163
0.025575604
0.025552291
0.025528978
0.025504658
0.025459245
0.025413997
0.025369148
0.0253469215
0.025324695
0.025281102
0.025256094
0.025212742
0.025170468
0.025144294
0.025123505
0.025102716
0.025075995
0.025035333
0.025008301
0.024969003
0.024955218
0.024941433
0.024913698
0.024876287
0.024848248
0.024820047
0.024784944
0.0247709165
0.024756889
0.024728899
0.024700527
0.024672222
0.024643982
0.024629784
0.024615586
0.024585489
0.024557671
0.024530138
0.024502667
0.024475477
0.02446093
0.024446383
0.024418884
0.024391448
0.024364509
0.024337631
0.024324438
0.024311245
0.024285132
0.024253055
0.024227284
0.024201783
0.024176977
0.0241603375
0.024143698
0.024119226
0.024085472
0.024061754
0.024038506
0.024021428
0.02400435
0.023969663
0.023947642
0.023912913
0.023891832
0.023857266
0.023839827
0.023822388
0.023802917
0.023768612
0.023734202
0.023700098
0.023682993
0.023665888
0.023632187
0.023598583
0.023565481
0.023546839
0.023513683
0.0234975545
0.023481426
0.023461714
0.023429802
0.023398578
0.023378407
0.023363163
0.023347919
0.023327241
0.023306401
0.023276894
0.023255949
0.023227359
0.023216833
0.023206307
0.023185097
0.023163536
0.023136933
0.023115462
0.023104747
0.023094032
0.023072447
0.023050903
0.023026884
0.02300562
0.022984395
0.0229738025
0.02296321
0.022942064
0.022920958
0.022899891
0.022879055
0.0228686555
0.022858256
0.022837687
0.022814685
0.022794006
0.022773364
0.022753137
0.0227431365
0.022733136
0.022708466
0.022688732
0.02266922
0.022643755
0.0226341315
0.022624508
0.022605667
0.022579603
0.022561209
0.022534693
0.022516742
0.0225033525
0.022489963
0.022472821
0.022445964
0.02242944
0.022402505
0.0223889785
0.022375452
0.022359945
0.022333178
0.022306294
0.022279476
0.022252723
0.022239379
0.022226035
0.022199592
0.022173212
0.022147252
0.022121533
0.02209623
0.022088671
0.022081112
0.02205608
0.022040486
0.022015901
0.022000011
0.021987852
0.021975693
0.021952131
0.021935984
0.021919511
0.021896595
0.021880181
0.0218718125
0.021863444
0.021841516
0.021824839
0.021808014
0.021791042
0.0217807555
0.021770469
0.021753557
0.02173667
0.021719639
0.021702634
0.021684114
0.021675811
0.021667508
0.021650756
0.021634031
0.021617502
0.021600829
0.02159259
0.021584351
0.021567899
0.021551472
0.021533549
0.021517006
0.021500826
0.021492664
0.021484502
0.021468539
0.021449247
0.021433337
0.021417618
0.0214098535
0.021402089
0.021386915
0.021366774
0.021351651
0.021336882
0.021316338
0.0213091435
0.021301949
0.021281144
0.021266967
0.021245902
0.021232429
0.021221849
0.021211269
0.021198004
0.021176914
0.021155539
0.021143159
0.021122016
0.0211113845
0.021100753
0.021079533
0.021058195
