




0
0
-0.01115791024021
-0.02231582048042
-0.02234236329082
-0.02236897009789
-0.02239545824053
-0.02241138163371
-0.02243797163026
-0.022451206590145
-0.02246444155003
-0.02248120170234
-0.02250740555772
-0.02252478582709
-0.02255090726047
-0.02256891297836
-0.022581746291895
-0.02259457960543
-0.02261284256515
-0.02263169591328
-0.02265694571885
-0.0226758736686
-0.02269539734341
-0.022705176225375
-0.02271495510734
-0.02273926175949
-0.02275908518739
-0.02277913296366
-0.02279959584037
-0.02280984592269
-0.02282009600501
-0.02284063356172
-0.02286311561298
-0.02288373175484
-0.0229043856134
-0.02292507729444
-0.022935538158505
-0.02294599902257
-0.02296676702029
-0.02298776598934
-0.02300880392179
-0.02303201014083
-0.02305351818652
-0.023064195434745
-0.02307487268297
-0.02309607265212
-0.02311731215794
-0.02313839591139
-0.02316460965928
-0.02318597725137
-0.02319648447535
-0.02320699169933
-0.02323474270818
-0.02325584695272
-0.02327659456486
-0.0233057043919
-0.023316024072865
-0.02332634375383
-0.02335637662183
-0.02337670816633
-0.02340747295072
-0.02342749412246
-0.02345899757563
-0.02346865040346
-0.02347830323129
-0.02351034925964
-0.02354288898262
-0.0235757232296
-0.02359400468155
-0.0236269839302
-0.02364372487007
-0.02366046580994
-0.0236940441787
-0.02372792509944
-0.02376169832682
-0.02379577616816
-0.023805298229235
-0.02381482029031
-0.02384926095993
-0.02388338619461
-0.0239042429971
-0.02393852838599
-0.02397249390767
-0.0239835274323
-0.02399456095693
-0.02402847739572
-0.02405128345316
-0.02408472725023
-0.0241082791669
-0.02413230358394
-0.0241488201479
-0.02416533671186
-0.02418990463156
-0.02421495199389
-0.02424714125019
-0.02427252468268
-0.02429817801996
-0.02431124856505
-0.02432431911014
-0.02435073422228
-0.02438111863821
-0.02440744166027
-0.02443425910026
-0.024447697829235
-0.02446113655821
-0.02448829349413
-0.02451551185153
-0.02454279184466
-0.02457035443949
-0.02459798010849
-0.024611713709665
-0.02462544731084
-0.02465319928816
-0.02468458003469
-0.02471291465731
-0.02474086780735
-0.02476888541501
-0.024782701648805
-0.0247965178826
-0.02483165437745
-0.02485965580754
-0.02488726844267
-0.02492471294405
-0.02495224527348
-0.02496581414997
-0.02497938302646
-0.02501848476226
-0.02504531052692
-0.02508577441009
-0.02511205515153
-0.025132744555785
-0.02515343396004
-0.02519564902319
-0.02522123372943
-0.025264148585
-0.02530791597826
-0.02535230888192
-0.02536420306819
-0.02537609725446
-0.02542049807449
-0.02546505767438
-0.02551025353177
-0.02555537421127
-0.02558051170468
-0.02560343967353
-0.02562636764238
-0.0256723916923
-0.02571810023297
-0.02574623653683
-0.02579197048869
-0.02582149349913
-0.025844374742265
-0.0258672559854
-0.02589793838182
-0.02594323838937
-0.02597534155544
-0.02601992634611
-0.026036199484595
-0.02605247262308
-0.02608609985233
-0.0261295727141
-0.02616365476625
-0.02619833105995
-0.02623360607259
-0.02625154522536
-0.02626948437813
-0.02631053872221
-0.02634637818277
-0.02638257290551
-0.02641938145843
-0.02645629524692
-0.02647480499276
-0.0264933147386
-0.02653069859345
-0.02656819058515
-0.02660579120012
-0.02664350092781
-0.02668132026074
-0.026703167208445
-0.02672501415615
-0.0267635967123
-0.0268020299107
-0.02684031194597
-0.02688878674156
-0.0269080550301
-0.02692732331864
-0.02696543938543
-0.02700313080356
-0.02705543556495
-0.02709311599623
-0.02714740288904
-0.02716596766435
-0.02718453243966
-0.02724110388297
-0.02727740374307
-0.02733519633238
-0.02739461930673
-0.02742968176706
-0.027459743549175
-0.02748980533129
-0.02755131595374
-0.02761367044134
-0.02767659709811
-0.02774038492428
-0.027772430274965
-0.02780447562565
-0.02786858583977
-0.02793300072861
-0.02797064574002
-0.02803583647521
-0.02810046897866
-0.02812112705392
-0.02814178512918
-0.02820662911213
-0.02825002958401
-0.02831420831978
-0.02835943080951
-0.02840599050662
-0.02843770016317
-0.02846940981972
-0.02851754043361
-0.02856644008478
-0.02862818558239
-0.02867778045748
-0.02872846495767
-0.028754357520805
-0.02878025008394
-0.02883253446856
-0.02888563018714
-0.02894232383152
-0.02899521826003
-0.02902176545772
-0.02904831265541
-0.02910192047029
-0.029156046485
-0.02921541659144
-0.0292712441446
-0.02932697534737
-0.029354950846235
-0.0293829263451
-0.02943845893568
-0.02949388799272
-0.02956468844079
-0.02962061082954
-0.02967642742568
-0.029714407531875
-0.02975238763807
-0.02980806378418
-0.02988835364284
-0.02994356490784
-0.03002694583894
-0.03008135187703
-0.030124618960595
-0.03016788604416
-0.03022045996894
-0.03030884656285
-0.03039982194792
-0.03049239793238
-0.030539498881315
-0.03058659983025
-0.03068210522996
-0.03077893396884
-0.03087604727598
-0.03097344482985
-0.03107076861914
-0.031100693405265
-0.03113061819139
-0.03122897491377
-0.03129309137443
-0.0313917917586
-0.03145954387844
-0.03155786616273
-0.031593231026025
-0.03162859588932
-0.03170152198915
-0.03179842883709
-0.03187368480926
-0.03195083026096
-0.03202989124775
-0.03207633335107
-0.03212277545439
-0.03220273000394
-0.03228426437321
-0.03236662155392
-0.03245059474242
-0.032493007056635
-0.03253541937085
-0.03262110592712
-0.03270726693339
-0.03279390659312
-0.03288102916268
-0.03298403121363
-0.033028940285885
-0.03307384935814
-0.03316377293993
-0.03325297515377
-0.03337048418901
-0.03346086151634
-0.03355049538669
-0.03361438529121
-0.03367827519573
-0.03376743874997
-0.0339025504811
-0.03399038185724
-0.03413130559617
-0.03427786274164
-0.03432016172704
-0.03436246071244
-0.03451246594632
-0.03466611326979
-0.0348230332881
-0.0349828421814
-0.035063528111495
-0.03514421404159
-0.03530717363521
-0.03540478070333
-0.0355717502678
-0.03567809550348
-0.03584830927974
-0.035905772537765
-0.03596323579579
-0.03613341891216
-0.03625575082913
-0.03642390788696
-0.03655238236021
-0.03668538244788
-0.0367539371549
-0.03682249186192
-0.03698651479172
-0.0371270918061
-0.03727091956502
-0.03741806614235
-0.03749306702469
-0.03756806790703
-0.03772044508277
-0.03787524440684
-0.03803141700718
-0.03818953619932
-0.03837813952756
-0.03846102298566
-0.03854390644376
-0.03870951743149
-0.03887437329057
-0.03909772304498
-0.03926677389672
-0.0394338575483
-0.039557770337345
-0.03968168312639
-0.03984899056391
-0.04011361698476
-0.04039271856735
-0.04055717630465
-0.0408482012094
-0.040999592787245
-0.04115098436509
-0.0414633520526
-0.04178365369543
-0.04196758070694
-0.04230759924907
-0.042479260254175
-0.04265092125928
-0.04287326266675
-0.0432275626315
-0.0434742339021
-0.04383442685551
-0.04410401494792
-0.04424565924221
-0.0443873035365
-0.04474969844448
-0.04505106703502
-0.04536425745241
-0.04569054620017
-0.04602795886599
-0.046202868592315
-0.04637777831864
-0.04673705903707
-0.0471052758064
-0.0474818588492
-0.04786436865619
-0.04835611126619
-0.04856207873928
-0.04876804621237
-0.04918121448948
-0.04977771880664
-0.05020958904686
-0.05088717277745
-0.051107846195285
-0.05132851961312
-0.05208084835715
-0.05289526438527
-0.05376891377813
-0.05470084353487
-0.05568462212329
-0.056198543665915
-0.05671246520854
-0.05740061594311
-0.05852477448767
-0.05935210551792
-0.06026499351966
-0.06151821665399
-0.062047345970515
-0.06257647528704
-0.06373104280903
-0.06498417609234
-0.06634199668211
-0.067805274736
-0.069369986902
-0.07020238828903
-0.07103478967606
-0.07338674603369
-0.0753965463497
-0.07748250073531
-0.08098877099159
-0.083146460973545
-0.0853041509555
-0.09059392047701
-0.09698913004139
-0.1045014842315
-0.1104187442094
-0.1201144713453
-0.1244893699617
-0.1288642685781
-0.1392942371582
-0.1510866507544
-0.1632607712187
-0.1793285523109
-0.1892410931441
-0.1837332617556
-0.1782254303671
-0.1474423479712
-0.1159035729849
-0.07877999460573
-0.03956833068829
-3.694563404302E-6
0.0197857915304478
0.0395752776243
0.07877272401836
0.1158967546846
0.1474365551842
0.1782221544603
0.18373172207525
0.1892412896902
0.1793311585172
0.1632575102285
0.1510902395792
0.1392977158201
0.1288675219362
0.1244895859803
0.1201116500244
0.1104214088224
0.104499185111
0.09698710691011
0.09059581582992
0.08530256479782
0.08314495414711
0.0809873434964
0.07748119937795
0.0753978510913
0.07338558769256
0.07103593601296
0.070203505401125
0.06937107478929
0.06780430157919
0.06634298150718
0.06498511616871
0.06373019617852
0.06257733841663
0.06204819269813
0.06151904697963
0.06026578583255
0.05935287072448
0.05852407707404
0.05739994875626
0.05671181616072
0.056198549864315
0.05568528356791
0.05470147858422
0.05376952439658
0.05289471081284
0.05208141615562
0.05132906892646
0.05110786739696
0.05088666586746
0.05021011155275
0.04977723661224
0.04918074526995
0.04876758585145
0.048561622742185
0.04835565963292
0.04786392730506
0.04748142539374
0.04710485003689
0.04673664069914
0.04637736715243
0.046202877790745
0.04602838842906
0.04569014853408
0.04536467330531
0.04505068167519
0.04475010185326
0.04438693069115
0.044245289027455
0.04410364736376
0.04383481217479
0.043474612247
0.0432279362469
0.04287291739002
0.0426505799179
0.042478921922925
0.04230726392795
0.04196793075234
0.04178400038175
0.04146303124669
0.04115066882645
0.040999599977705
0.04084853112896
0.04055750111534
0.04039304051337
0.04011393410593
0.03984869638757
0.03968139162657
0.03955777736861
0.03943416311065
0.03926707665937
0.03909802299149
0.03887466954181
0.03870924117991
0.03854363273847
0.03846075054731
0.03837786835615
0.03818926789289
0.03803169957021
0.03787498083237
0.03772072269827
0.03756780890661
0.037492809132015
0.03741780935742
0.03727119012485
0.03712683928501
0.0369862643147
0.03682275549564
0.036754199740885
0.03668564398613
0.03655264187569
0.03642416545772
0.03625551081246
0.03613318061968
0.03596299988918
0.035905537432585
0.03584807497599
0.03567834196254
0.03557151979365
0.03540455252253
0.03530694678857
0.03514445273064
0.03506353623212
0.0349826197336
0.03482326737586
0.03466589506711
0.03451224978508
0.03436268829686
0.03427764967502
0.03420458981674
0.03413152995846
0.03399060426878
0.03390234230913
0.03376765809637
0.03367806991594
0.03361418082989
0.03355029174384
0.0334610766895
0.0333706981411
0.03325277529187
0.03316357420337
0.03307405933168
0.03302894703238
0.03298383473308
0.03288083396802
0.03279371248219
0.03270707389661
0.03262091395505
0.03253522845414
0.032492816660605
0.03245040486707
0.03236682222105
0.03228407653002
0.03220292855011
0.03212258957184
0.032076338571725
0.03203008757161
0.03195102557319
0.03187350192711
0.03179824685577
0.03170134116397
0.03162841593132
0.031593051487395
0.03155768704347
0.03145936592129
0.03139198000525
0.03129291537454
0.03122916113129
0.03113044408976
0.031100698483525
0.03107095287729
0.03097362788866
0.03087587612451
0.03077876393507
0.03068228472577
0.03058677816691
0.03053950466926
0.03049223117161
0.03039965623674
0.03030902155315
0.03022029628039
0.03016772294576
0.03012445634653
0.0300811897473
0.03002711747031
0.02994340431365
0.02988819366158
0.02980823283335
0.02975255603401
0.02971441290932
0.02967626978463
0.02962077768516
0.02956453202567
0.02949405337475
0.0294386236755
0.02938277191245
0.029354955356155
0.02932713879986
0.02927109092289
0.02921526397301
0.02915589450665
0.02910208134157
0.0290484729153
0.0290217704616
0.0289950680079
0.02894217414467
0.02888578859977
0.02883269228092
0.02878010212162
0.02875436185942
0.02872862159722
0.02867793652765
0.02862803922781
0.02856629438017
0.02851739524259
0.0284695635614
0.02844617634706
0.02842278913272
0.02835958333017
0.02831436033997
0.02824988718452
0.02820648716265
0.02814193524967
0.028121276947805
0.02810061864594
0.02803598543507
0.02797079398824
0.02793286159788
0.02786873297774
0.02780433780794
0.02777229278333
0.02774024775872
0.02767674216022
0.02761353456006
0.02755118070195
0.02748994838958
0.027459748064045
0.02742954773851
0.02739476134989
0.02733533774385
0.02727727123721
0.02724097173865
0.02718467225657
0.02716610728555
0.02714754231453
0.02709298532018
0.02705530526129
0.02700326871392
0.02696557690148
0.02692719427667
0.02690792617723
0.02688865807779
0.02684018375704
0.02680216572446
0.0267637321274
0.02672514917169
0.02668119362243
0.02666241436189
0.02664363510135
0.02660592498512
0.02656832398335
0.02653083160658
0.0264934473684
0.0264748090769
0.0264561707854
0.02641925735202
0.02638270440333
0.02634650931177
0.02631066948658
0.02626936170793
0.026251548882025
0.02623373605612
0.02619846068632
0.02616378404205
0.02612970164584
0.02608597892668
0.02605260077835
0.02603620341248
0.02601980604661
0.0259752216768
0.02594336544897
0.02589806498856
0.02586713712369
0.025844256095115
0.02582137506654
0.02579209603952
0.0257461188081
0.0257179827668
0.02567227465198
0.02562649155277
0.025603443535295
0.02558039551782
0.02555549742202
0.02551013799523
0.02546517999819
0.02542038336584
0.02537598295415
0.025364088877105
0.02535219480006
0.02530803676721
0.02526426894834
0.02522135367624
0.02519576872205
0.0251535532504
0.025132863646305
0.02511217404221
0.02508566276028
0.02504542877444
0.02501860275183
0.02497950064058
0.02496581773598
0.02495213483138
0.02492460275007
0.02488738517486
0.02485977227607
0.02483177057892
0.02479663374945
0.024782705184575
0.0247687766197
0.02474098314528
0.02471280636202
0.02468469483897
0.02465309152496
0.02462556155594
0.024611717196
0.02459787283606
0.02457046816495
0.02454290531062
0.02451540530979
0.02448818719295
0.02446103049677
0.024447591886285
0.0244341532758
0.02440755385658
0.02438101328145
0.02435084588895
0.02432443053055
0.024311359863755
0.02429828919696
0.02427242027821
0.02424703706763
0.02421506239784
0.02419001480343
0.02416523324277
0.024148823232925
0.02413241322308
0.02410817619388
0.0240846244816
0.02405118097439
0.02402837511436
0.02399445896878
0.023983530522425
0.02397260207607
0.02393842688124
0.02390414178753
0.02388349354759
0.02384916022276
0.02381492701809
0.023805301453735
0.02379567588938
0.02376180457158
0.02372782540058
0.02369414980999
0.02366036668586
0.023643727820575
0.02362708895529
0.02359390612201
0.02357582779257
0.02354279085609
0.02351025140823
0.02347840691902
0.02346865353829
0.02345890015756
0.02342739696972
0.02340757600455
0.02337681094548
0.02335647921968
0.02332644608416
0.023316126311385
0.02330580653861
0.02327669645287
0.02325575123887
0.02323484422489
0.02320689639294
0.02318588211994
0.023175296337665
0.02316471055539
0.02313830117552
0.02311721759706
0.02309617294372
0.0230747784738
0.02306410131393
0.02305342415406
0.02303210986913
0.02300871025877
0.02298786532958
0.02296686617664
0.02294590587716
0.0229355409817
0.02292517608624
0.02290429281011
0.0228836391211
0.02286302314832
0.0228407316173
0.02282000389264
0.02280975389413
0.02279950389562
0.02277923048489
0.02275918253477
0.02273935893513
0.02271505207261
0.02270517916039
0.02269530624817
0.02267597029615
0.02265685493603
0.02263160533531
0.02261293864933
0.02259448932814
0.02258165611841
0.02256882290868
0.02255081733628
0.02252488115488
0.02250750073659
0.02248111234024
0.02246435232279
0.02245120926911
0.02243806621543
0.02241129283273
0.02239555246315
0.02236906409501
0.0223424570617
0.02231573244441
0.02230856469869
0.02230139695297
0.02227513342903
0.02224893244203
0.02222297381849
0.02219689679706
0.0221899854789
0.02218307416074
0.02215709175771
0.02213152798405
0.02210602382917
0.02208111227814
0.02206601510391
0.0220536934208
0.02204137173769
0.02202597578736
0.02200159920477
0.02198590700666
0.02196214740947
0.02194598542354
0.021934411946105
0.02192283846867
0.0219065600193
0.02188419521506
0.0218679747335
0.02185143051294
0.02182987400087
0.02182163100398
0.02181338800709
0.02179675403593
0.02178014569776
0.02176011140275
0.02174338717549
0.02173512405545
0.02172686093541
0.02171001657698
0.02169337008289
0.02167657816397
0.02165981250525
0.02164307304411
0.02163471638113
0.02162635971815
0.02160967246514
0.02159301122308
0.02157654554722
0.02155993587799
0.02154369022351
0.02153557975918
0.02152746929485
0.02151127303464
0.02149526971372
0.02147945851664
0.02146065030564
0.02144472298356
0.02143693854049
0.02142915409742
0.02141377507837
0.02139408243535
0.02137892071252
0.02136394694352
0.021353814956835
0.02134368297015
0.02132909042784
0.02131468351323
0.02129401830981
0.02127998907898
0.02125922713207
0.021252400043815
0.02124557295556
0.02122471468151
0.02120357024036
0.02119047877295
0.02116940313956
0.02114804403997
0.02114193958585
0.02113583513173
0.02111470671518
0.02109345888235
0.02107225419115
0.02105109250828
0.02102997370099
0.02101951603124
0.02100905836149
0.02098818498665
0.02096735344834
0.02094688314724
0.02092661261367
0.0209207161514
0.02091481968913
0.02089461172592
0.02087476045652
0.02086255101574
0.02084291933385
0.0208304314901
0.020820803801135
0.02081117611217
0.02079841163964
0.02077968753517
0.02076664799638
0.02074845171113
0.02073529516866
0.020728725311635
0.02072215545461
0.02070450589914
0.02069124966737
0.02067785490236
0.02066432218
0.020656012578785
0.02064770297757
0.02063436502816
0.02062088966733
0.02060727747205
0.02059368339805
0.02057856582524
0.02057186485035
0.02056516387546
0.02055177952655
0.02053825920416
0.02052491015294
0.02051157859704
0.02049811156739
0.020491463332565
0.02048481509774
0.02047153601872
0.02045842663087
0.02044518203057
0.02043210665784
0.02041753080528
0.02041093517592
0.02040433954656
0.02039131679835
0.02037846194271
0.02036577437082
0.02035008800849
0.020343762021905
0.02033743603532
0.02032495025571
0.02031247992841
0.02029627656529
0.02028414114162
0.02027216989452
0.020263876633345
0.02025558337217
0.02024379521243
0.02022695769713
0.02021550051685
0.02019856195057
0.02018728546553
0.0201787659739
0.02017024648227
0.02015944547212
0.02014215857022
0.02012490153452
0.0201145910595
0.02009738159607
0.020088718341815
0.02008005508756
0.02006261222041
0
