




0
0
0
0
0
0
0
-0.02231582048042
-0.02232181592728
-0.02232781137414
-0.02233508733248
-0.02234236329082
-0.02235401865681
-0.02236149437735
-0.02236897009789
-0.02237673001435
-0.02238448993081
-0.02239545824053
-0.02240341993712
-0.02241138163371
-0.022416604135905
-0.0224218266381
-0.02243797163026
-0.02244623977655
-0.02245450792284
-0.02246444155003
-0.022472821626185
-0.02248120170234
-0.02248848698788
-0.02249577227342
-0.02250740555772
-0.022516095692405
-0.02252478582709
-0.022532007114995
-0.0225392284029
-0.02255090726047
-0.022559910119415
-0.02256891297836
-0.022578023449135
-0.02258713391991
-0.02259457960543
-0.02260371108529
-0.02261284256515
-0.022622269239215
-0.02263169591328
-0.02264665187478
-0.022651798796815
-0.02265694571885
-0.022666409693725
-0.0226758736686
-0.02269539734341
-0.022705176225375
-0.02271495510734
-0.022718061591405
-0.02272116807547
-0.02273926175949
-0.02274917347344
-0.02275908518739
-0.022769109075525
-0.02277913296366
-0.02279959584037
-0.02280984592269
-0.02282009600501
-0.022830364783365
-0.02284063356172
-0.02284863050997
-0.022855873061475
-0.02286311561298
-0.02287342368391
-0.02288373175484
-0.0229043856134
-0.02291473145392
-0.02292507729444
-0.022935538158505
-0.02294599902257
-0.02296676702029
-0.022977266504815
-0.02298776598934
-0.02300880392179
-0.023011412554245
-0.0230140211867
-0.023023015663765
-0.02303201014083
-0.02305351818652
-0.023064195434745
-0.02307487268297
-0.023085472667545
-0.02309607265212
-0.02311731215794
-0.023127854034665
-0.02313839591139
-0.02314298967192
-0.02314758343245
-0.02316460965928
-0.023175293455325
-0.02318597725137
-0.02319648447535
-0.02320699169933
-0.02322784788071
-0.023231295294445
-0.02323474270818
-0.02324529483045
-0.02325584695272
-0.02327659456486
-0.02328451102865
-0.02329242749244
-0.02329906594217
-0.0233057043919
-0.02332634375383
-0.02333648300739
-0.02334662226095
-0.02335149944139
-0.02335637662183
-0.02337670816633
-0.023386692057765
-0.0233966759492
-0.02340207444996
-0.02340747295072
-0.02342749412246
-0.023435816115655
-0.02344413810885
-0.02345156784224
-0.02345899757563
-0.02347830323129
-0.02348474741266
-0.02349119159403
-0.02351034925964
-0.02351903430942
-0.0235277193592
-0.02353530417091
-0.02354288898262
-0.02356132147489
-0.023568522352245
-0.0235757232296
-0.023584863955575
-0.02359400468155
-0.02360926122561
-0.023618122577905
-0.0236269839302
-0.023635042154395
-0.02364310037859
-0.02366046580994
-0.02366875198611
-0.02367703816228
-0.02368554117049
-0.0236940441787
-0.02371148570726
-0.02371970540335
-0.02372792509944
-0.023736877166615
-0.02374582923379
-0.02376169832682
-0.02377098613437
-0.02378027394192
-0.02378802505504
-0.02379577616816
-0.02381482029031
-0.023822179427615
-0.02382953856492
-0.023839399762425
-0.02384926095993
-0.0238692246752
-0.023876305434905
-0.02388338619461
-0.023893814595855
-0.0239042429971
-0.02391740179491
-0.02392796509045
-0.02393852838599
-0.02394942527469
-0.02396032216339
-0.02397249390767
-0.0239835274323
-0.02399456095693
-0.02401645857649
-0.024022467986105
-0.02402847739572
-0.02403988042444
-0.02405128345316
-0.02407455711691
-0.02407964218357
-0.02408472725023
-0.024096503208565
-0.0241082791669
-0.02413230358394
-0.02413975698982
-0.0241472103957
-0.02415627355378
-0.02416533671186
-0.02418990463156
-0.024202428312725
-0.02421495199389
-0.024225032874045
-0.0242351137542
-0.02424714125019
-0.024259832966435
-0.02427252468268
-0.02428535135132
-0.02429817801996
-0.02432431911014
-0.02433752666621
-0.02435073422228
-0.024360821890925
-0.02437090955957
-0.02438111863821
-0.02439428014924
-0.02440744166027
-0.024420850380265
-0.02443425910026
-0.02446113655821
-0.02447471502617
-0.02448829349413
-0.02450190267283
-0.02451551185153
-0.02454279184466
-0.024556573142075
-0.02457035443949
-0.02458416727399
-0.02459798010849
-0.02462544731084
-0.0246393232995
-0.02465319928816
-0.02466231924144
-0.02467143919472
-0.02468458003469
-0.024698747346
-0.02471291465731
-0.02474086780735
-0.02475487661118
-0.02476888541501
-0.024782701648805
-0.0247965178826
-0.02481655128792
-0.024824102832685
-0.02483165437745
-0.024845655092495
-0.02485965580754
-0.02488726844267
-0.02490065184619
-0.02491403524971
-0.02491937409688
-0.02492471294405
-0.02495224527348
-0.02496581414997
-0.02497938302646
-0.024986693015355
-0.02499400300425
-0.02501848476226
-0.02503189764459
-0.02504531052692
-0.0250546135509
-0.02506391657488
-0.02508577441009
-0.02509891478081
-0.02511205515153
-0.02511956003658
-0.02512706492163
-0.02515343396004
-0.025166298649
-0.02517916333796
-0.025187406180575
-0.02519564902319
-0.02522123372943
-0.02523078709156
-0.02524034045369
-0.025252244519345
-0.025264148585
-0.02528893894107
-0.025298427459665
-0.02530791597826
-0.025320002619155
-0.02533208926005
-0.02535230888192
-0.02536420306819
-0.02537609725446
-0.02539733321
-0.025408915642245
-0.02542049807449
-0.02543150951497
-0.02544252095545
-0.02546505767438
-0.025476703237375
-0.02548834880037
-0.02549930116607
-0.02551025353177
-0.02553434539589
-0.02554485980358
-0.02555537421127
-0.025567942957975
-0.02558051170468
-0.02560065806552
-0.02561351285395
-0.02562636764238
-0.02563780287752
-0.02564923811266
-0.0256723916923
-0.02568604590584
-0.02569970011938
-0.025708900176175
-0.02571810023297
-0.02574623653683
-0.02575814621487
-0.02577005589291
-0.0257810131908
-0.02579197048869
-0.02582149349913
-0.02583053821588
-0.02583958293263
-0.025853419459015
-0.0258672559854
-0.02589793838182
-0.02590777627356
-0.0259176141653
-0.025930426277335
-0.02594323838937
-0.02597534155544
-0.025991681669825
-0.02600802178421
-0.02601397406516
-0.02601992634611
-0.02605247262308
-0.026069286237705
-0.02608609985233
-0.02610320797164
-0.02612031609095
-0.0261295727141
-0.026146613740175
-0.02616365476625
-0.02619833105995
-0.02621596856627
-0.02623360607259
-0.02625154522536
-0.02626948437813
-0.02630343353106
-0.026306986126635
-0.02631053872221
-0.02632845845249
-0.02634637818277
-0.02638257290551
-0.02640097718197
-0.02641938145843
-0.026437838352675
-0.02645629524692
-0.0264933147386
-0.026512006666025
-0.02653069859345
-0.0265494445893
-0.02656819058515
-0.02660579120012
-0.026624646063965
-0.02664350092781
-0.026662410594275
-0.02668132026074
-0.02668863597213
-0.02670682506414
-0.02672501415615
-0.026744305434225
-0.0267635967123
-0.0268020299107
-0.026821170928335
-0.02684031194597
-0.02685924389444
-0.02687817584291
-0.02688878674156
-0.0269080550301
-0.02692732331864
-0.026946381352035
-0.02696543938543
-0.02700313080356
-0.02701022862345
-0.02701732644334
-0.027036381004145
-0.02705543556495
-0.02709311599623
-0.02710633619485
-0.02711955639347
-0.02714740288904
-0.02716596766435
-0.02718453243966
-0.027198660221805
-0.02721278800395
-0.02724110388297
-0.02725925381302
-0.02727740374307
-0.027288208041145
-0.02729901233922
-0.02733519633238
-0.027352924761955
-0.02737065319153
-0.02738263624913
-0.02739461930673
-0.02742968176706
-0.027442548842855
-0.02745541591865
-0.02747261062497
-0.02748980533129
-0.0275206645161
-0.02753599023492
-0.02755131595374
-0.02756779529338
-0.02758427463302
-0.02761367044134
-0.027629664641505
-0.02764565884167
-0.02766112796989
-0.02767659709811
-0.02770788881013
-0.027724136867205
-0.02774038492428
-0.02775539611912
-0.02777040731396
-0.02780447562565
-0.027820128049425
-0.0278357804732
-0.027852183156485
-0.02786858583977
-0.02790519324808
-0.027919096988345
-0.02793300072861
-0.027951823234315
-0.02797064574002
-0.02799685757237
-0.02801634702379
-0.02803583647521
-0.02807637714692
-0.02808842306279
-0.02810046897866
-0.02812112705392
-0.02814178512918
-0.02817358455613
-0.02819010683413
-0.02820662911213
-0.02822832934807
-0.02825002958401
-0.02828355353299
-0.028298880926385
-0.02831420831978
-0.028336819564645
-0.02835943080951
-0.02840599050662
-0.028414461919805
-0.02842293333299
-0.028446171576355
-0.02846940981972
-0.02851754043361
-0.028541990259195
-0.02856644008478
-0.028576214133705
-0.02858598818263
-0.02862818558239
-0.028652983019935
-0.02867778045748
-0.028703122707575
-0.02872846495767
-0.02878025008394
-0.02880639227625
-0.02883253446856
-0.02885908232785
-0.02888563018714
-0.02891826263685
-0.028930293234185
-0.02894232383152
-0.028968771045775
-0.02899521826003
-0.02904831265541
-0.02907511656285
-0.02910192047029
-0.029128983477645
-0.029156046485
-0.02916074929086
-0.02918808294115
-0.02921541659144
-0.02924333036802
-0.0292712441446
-0.02932697534737
-0.029354950846235
-0.0293829263451
-0.02943845893568
-0.0294661734642
-0.02949388799272
-0.02950641889707
-0.02951894980142
-0.02956468844079
-0.029592649635165
-0.02962061082954
-0.02964851912761
-0.02967642742568
-0.02971582439476
-0.029734106016415
-0.02975238763807
-0.029780225711125
-0.02980806378418
-0.02986296792948
-0.02987566078616
-0.02988835364284
-0.02991595927534
-0.02994356490784
-0.02999765795383
-0.030012301896385
-0.03002694583894
-0.030054148857985
-0.03008135187703
-0.03013394884574
-0.03015091744495
-0.03016788604416
-0.03019417300655
-0.03022045996894
-0.03025663032549
-0.03028273844417
-0.03030884656285
-0.030332832888725
-0.0303568192146
-0.03039982194792
-0.030424643978045
-0.03044946600817
-0.030470931970275
-0.03049239793238
-0.03054097628664
-0.030563788058445
-0.03058659983025
-0.030610350685815
-0.03063410154138
-0.03068210522996
-0.030705136785195
-0.03072816834043
-0.03077893396884
-0.03080088579925
-0.03082283762966
-0.03084944245282
-0.03087604727598
-0.03092590592488
-0.030949675377365
-0.03097344482985
-0.03100228277109
-0.03103112071233
-0.03107076861914
-0.031100693405265
-0.03113061819139
-0.031155076910945
-0.0311795356305
-0.03122897491377
-0.0312610331441
-0.03129309137443
-0.0313114460314
-0.03132980068837
-0.0313917917586
-0.03142566781852
-0.03145954387844
-0.031482703649595
-0.03150586342075
-0.03155786616273
-0.031593231026025
-0.03162859588932
-0.031665058939235
-0.03170152198915
-0.03172615780661
-0.03176229332185
-0.03179842883709
-0.031836056823175
-0.03187368480926
-0.03195083026096
-0.031990360754355
-0.03202989124775
-0.03204438614456
-0.03205888104137
-0.03212277545439
-0.032162752729165
-0.03220273000394
-0.032243497188575
-0.03228426437321
-0.03236662155392
-0.03240860814817
-0.03245059474242
-0.03253541937085
-0.032578262648985
-0.03262110592712
-0.032664186430255
-0.03270726693339
-0.03279390659312
-0.0328374678779
-0.03288102916268
-0.032921191153295
-0.03296135314391
-0.03298403121363
-0.033028940285885
-0.03307384935814
-0.033118811149035
-0.03316377293993
-0.03325297515377
-0.033297207405125
-0.03334143965648
-0.033355961922745
-0.03337048418901
-0.03346086151634
-0.033505678451515
-0.03355049538669
-0.03358395798336
-0.03361742058003
-0.03367827519573
-0.03372285697285
-0.03376743874997
-0.033806919815025
-0.03384640088008
-0.0339025504811
-0.03394646616917
-0.03399038185724
-0.0340204425762
-0.03405050329516
-0.03413130559617
-0.0341740985016
-0.03421689140703
-0.034247377074335
-0.03427786274164
-0.03436246071244
-0.034395660660655
-0.03442886060887
-0.034470663277595
-0.03451246594632
-0.03458440629222
-0.034625259781005
-0.03466611326979
-0.034704910316765
-0.03474370736374
-0.0348230332881
-0.03486448682316
-0.03490594035822
-0.0349828421814
-0.035026775992785
-0.03507070980417
-0.03510746192288
-0.03514421404159
-0.03523713778161
-0.03527215570841
-0.03530717363521
-0.03535597716927
-0.03540478070333
-0.03548167250615
-0.035526711386975
-0.0355717502678
-0.03562492288564
-0.03567809550348
-0.03573800245815
-0.035793155868945
-0.03584830927974
-0.035905772537765
-0.03596323579579
-0.03601586816667
-0.036074643539415
-0.03613341891216
-0.036194584870645
-0.03625575082913
-0.03636850136939
-0.036396204628175
-0.03642390788696
-0.036488145123585
-0.03655238236021
-0.03668538244788
-0.0367539371549
-0.03682249186192
-0.03688154381107
-0.03694059576022
-0.03698651479172
-0.03705680329891
-0.0371270918061
-0.03719900568556
-0.03727091956502
-0.03741806614235
-0.03749306702469
-0.03756806790703
-0.0376442564949
-0.03772044508277
-0.03787524440684
-0.03795333070701
-0.03803141700718
-0.03818953619932
-0.03824672098479
-0.03830390577026
-0.03834102264891
-0.03837813952756
-0.03854390644376
-0.038626711937625
-0.03870951743149
-0.03879194536103
-0.03887437329057
-0.03899959432254
-0.03904865868376
-0.03909772304498
-0.03918224847085
-0.03926677389672
-0.0394338575483
-0.039472492647105
-0.03951112774591
-0.03959640543615
-0.03968168312639
-0.03984899056391
-0.03989674571111
-0.03994450085831
-0.040029058921535
-0.04011361698476
-0.04027560322999
-0.04033416089867
-0.04039271856735
-0.040474947436
-0.04055717630465
-0.0406856075588
-0.0407669043841
-0.0408482012094
-0.040919557492265
-0.04099091377513
-0.04115098436509
-0.04122908119813
-0.04130717803117
-0.041385265041885
-0.0414633520526
-0.04163350684325
-0.04170858026934
-0.04178365369543
-0.041875617201185
-0.04196758070694
-0.04211080454782
-0.042209201898445
-0.04230759924907
-0.04239549051316
-0.04248338177725
-0.04265092125928
-0.042762091963015
-0.04287326266675
-0.04299470904391
-0.043111135837705
-0.0432275626315
-0.0433508982668
-0.0434742339021
-0.04363795057659
-0.04373618871605
-0.04383442685551
-0.043969220901715
-0.04410401494792
-0.0443873035365
-0.04449555089526
-0.04460379825402
-0.04467674834925
-0.04474969844448
-0.04505106703502
-0.045207662243715
-0.04536425745241
-0.04552740182629
-0.04569054620017
-0.04602795886599
-0.046202868592315
-0.04637777831864
-0.046557418677855
-0.04673705903707
-0.0471052758064
-0.0472935673278
-0.0474818588492
-0.047673113752695
-0.04786436865619
-0.04814753443781
-0.048251822852
-0.04835611126619
-0.04856207873928
-0.04876804621237
-0.04918121448948
-0.04936469836484
-0.0495481822402
-0.04966295052342
-0.04977771880664
-0.05020958904686
-0.0504236130456
-0.05063763704434
-0.050762404910895
-0.05088717277745
-0.05132851961312
-0.051479330844875
-0.05163014207663
-0.05208084835715
-0.05230005271794
-0.05251925707873
-0.052707260732
-0.05289526438527
-0.05333557118097
-0.05355224247955
-0.05376891377813
-0.053987229547505
-0.05420554531688
-0.05470084353487
-0.054922919091515
-0.05514499464816
-0.055414808385725
-0.05568462212329
-0.05630616761358
-0.05650931641106
-0.05671246520854
-0.057056540575825
-0.05740061594311
-0.05808834486506
-0.058306559676365
-0.05852477448767
-0.058938440002795
-0.05935210551792
-0.06026499351966
-0.06049693330517
-0.06072887309068
-0.061123544872335
-0.06151821665399
-0.06257647528704
-0.063153759048035
-0.06373104280903
-0.064357609450685
-0.06498417609234
-0.06634199668211
-0.067073635709055
-0.067805274736
-0.068587630819
-0.069369986902
-0.07103478967606
-0.07184328802818
-0.0726517863803
-0.073019266206995
-0.07338674603369
-0.0753965463497
-0.076439523542505
-0.07748250073531
-0.07862744319334
-0.079808107092465
-0.08098877099159
-0.082180860845135
-0.08337295069868
-0.0853041509555
-0.086612087755105
-0.08792002455471
-0.08925697251586
-0.09059392047701
-0.09337634773705
-0.09518273888922
-0.09698913004139
-0.098555661909245
-0.1001221937771
-0.1045014842315
-0.10746011422045
-0.1104187442094
-0.11280692775355
-0.1151951112977
-0.1201144713453
-0.1244893699617
-0.1288642685781
-0.13407925286815
-0.1392942371582
-0.1510866507544
-0.15717371098655
-0.1632607712187
-0.16576097959835
-0.168261187978
-0.1793285523109
-0.18299189100855
-0.1866552297062
-0.18794816142515
-0.1892410931441
-0.1875271684791
-0.1828762994231
-0.1782254303671
-0.16779797027905
-0.157370510191
-0.1474423479712
-0.13167296047805
-0.1159035729849
-0.097341783795315
-0.07877999460573
-0.03956833068829
-0.0197860126258472
-3.694563404302E-6
0.0197857915304478
0.0395752776243
0.07877272401836
0.09733473935148
0.1158967546846
0.1474365551842
0.1524059970469
0.1573754389096
0.16779879668495
0.1782221544603
0.1875284027947
0.18838484624245
0.1892412896902
0.1879475653131
0.186653840936
0.1793311585172
0.17379782910475
0.1682644996923
0.1657610049604
0.1632575102285
0.1510902395792
0.14519397769965
0.1392977158201
0.13408261887815
0.1288675219362
0.1201116500244
0.11765479780205
0.1151979455797
0.11280967720105
0.1104214088224
0.104499185111
0.1023096197768
0.1001200544426
0.098553580676355
0.09698710691011
0.09337445971899
0.091985137774455
0.09059581582992
0.089257078408385
0.08791834098685
0.08530256479782
0.084337000361255
0.08337143592469
0.082179389710545
0.0809873434964
0.07862886944832
0.078055034413135
0.07748119937795
0.076439525234625
0.0753978510913
0.07338558769256
0.073019289145455
0.07265299059835
0.07103593601296
0.070203505401125
0.06937107478929
0.06858768818424
0.06780430157919
0.06634298150718
0.065664048837945
0.06498511616871
0.064357656173615
0.06373019617852
0.06257733841663
0.06204819269813
0.06151904697963
0.061124363173305
0.06072967936698
0.06026578583255
0.059809328278515
0.05935287072448
0.05893847389926
0.05852407707404
0.05808765927336
0.05774380401481
0.05739994875626
0.05705588245849
0.05671181616072
0.05630552914415
0.05599540635603
0.05568528356791
0.05541483471835
0.05514438586879
0.05470147858422
0.054453219274565
0.05420495996491
0.053987242180745
0.05376952439658
0.05333500704623
0.053114858929535
0.05289471081284
0.05270727331625
0.05251983581966
0.05208141615562
0.051856057456085
0.05163069875655
0.051479883841505
0.05132906892646
0.05088666586746
0.050761900813465
0.05063713575947
0.05042362365611
0.05021011155275
0.04977723661224
0.049662470838375
0.04954770506451
0.04918074526995
0.0489741655607
0.04876758585145
0.048561622742185
0.04835565963292
0.04814708718391
0.048005507244485
0.04786392730506
0.0476726763494
0.04748142539374
0.04710485003689
0.046920745368015
0.04673664069914
0.046557003925785
0.04637736715243
0.04602838842906
0.04585926848157
0.04569014853408
0.045527410919695
0.04536467330531
0.04505068167519
0.044900391764225
0.04475010185326
0.044676761604535
0.04460342135581
0.04438693069115
0.044245289027455
0.04410364736376
0.043969229769275
0.04383481217479
0.04363833208145
0.043556472164225
0.043474612247
0.04335127424695
0.0432279362469
0.0429950782295
0.04293399780976
0.04287291739002
0.04276174865396
0.0426505799179
0.04248304338226
0.042395153655105
0.04230726392795
0.04220886828739
0.04211047264683
0.04196793075234
0.041875965567045
0.04178400038175
0.04163318314473
0.04154810719571
0.04146303124669
0.04138494555618
0.04130685986567
0.04115066882645
0.04107063487033
0.04099060091421
0.040919566021585
0.04084853112896
0.04068529976502
0.04062140044018
0.04055750111534
0.040475270814355
0.04039304051337
0.04027530215857
0.04019461813225
0.04011393410593
0.040029374592155
0.03994481507838
0.03984869638757
0.03976504400707
0.03968139162657
0.03959641311755
0.03951143460853
0.03943416311065
0.03935061988501
0.03926707665937
0.03918254982543
0.03909802299149
0.03899989264198
0.038937281091895
0.03887466954181
0.03879195536086
0.03870924117991
0.03854363273847
0.03846075054731
0.03837786835615
0.038340752042465
0.03830363572878
0.03818926789289
0.03811048373155
0.03803169957021
0.03795334020129
0.03787498083237
0.03772072269827
0.03764426580244
0.03756780890661
0.03741780935742
0.037344499741135
0.03727119012485
0.03719901470493
0.03712683928501
0.0369862643147
0.036963562760985
0.03694086120727
0.036881808351455
0.03682275549564
0.03668564398613
0.03661914293091
0.03655264187569
0.036488403666705
0.03642416545772
0.03636825975678
0.03631188528462
0.03625551081246
0.03619434571607
0.03613318061968
0.03601563152377
0.035989315706475
0.03596299988918
0.035905537432585
0.03584807497599
0.03573824979862
0.03570829588058
0.03567834196254
0.035624930878095
0.03557151979365
0.03548191608876
0.035443234305645
0.03540455252253
0.03535574965555
0.03530694678857
0.0352373778121
0.03519091527137
0.03514445273064
0.035107700083
0.03507094743536
0.0349826197336
0.034944397681045
0.03490617562849
0.034864721502175
0.03482326737586
0.03474348812567
0.03470469159639
0.03466589506711
0.03462504212185
0.03458418917659
0.03451224978508
0.03447044766932
0.03442864555356
0.03436268829686
0.03432016898594
0.03427764967502
0.03424738331705
0.03421711695908
0.03413152995846
0.03409112824807
0.03405072653768
0.03402066540323
0.03399060426878
0.03390234230913
0.03387426787181
0.03384619343449
0.03380692576543
0.03376765809637
0.03367806991594
0.033647853897125
0.03361763787831
0.033583964811075
0.03355029174384
0.0334610766895
0.0334158874153
0.0333706981411
0.03335596840795
0.0333412386748
0.03325277529187
0.03320817474762
0.03316357420337
0.033118816767525
0.03307405933168
0.03298383473308
0.032972698176685
0.03296156162029
0.032921197794155
0.03288083396802
0.03279371248219
0.0327503931894
0.03270707389661
0.03266399392583
0.03262091395505
0.03253522845414
0.032492816660605
0.03245040486707
0.03240861354406
0.03236682222105
0.03228407653002
0.032243502540065
0.03220292855011
0.03212258957184
0.03209064275152
0.0320586959312
0.032044391751405
0.03203008757161
0.03195102557319
0.03191226375015
0.03187350192711
0.03183587439144
0.03179824685577
0.03172597668793
0.03171365892595
0.03170134116397
0.031664878547645
0.03162841593132
0.03155768704347
0.03153168598007
0.03150568491667
0.03148252541898
0.03145936592129
0.03139198000525
0.03136098408309
0.03132998816093
0.031311451767735
0.03129291537454
0.03122916113129
0.03120444118285
0.03117972123441
0.031155082662085
0.03113044408976
0.03107095287729
0.031051128679315
0.03103130448134
0.031002466185
0.03097362788866
0.03092573419793
0.03090080516122
0.03087587612451
0.030849447483005
0.0308230188415
0.03077876393507
0.03075338141215
0.03072799888923
0.0307051418075
0.03068228472577
0.03063393316659
0.03061035566675
0.03058677816691
0.030563966119015
0.03054115407112
0.03049223117161
0.030470936929835
0.03044964268806
0.03039965623674
0.030378155113205
0.03035665398967
0.03033283777141
0.03030902155315
0.03025680469078
0.030238550485585
0.03022029628039
0.030194009613075
0.03016772294576
0.03013412174765
0.030107655747475
0.0300811897473
0.030054153608805
0.03002711747031
0.02999749675781
0.02997045053573
0.02994340431365
0.029915798987615
0.02988819366158
0.02986280822959
0.02983552053147
0.02980823283335
0.02978039443368
0.02975255603401
0.0297159923625
0.029696131073565
0.02967626978463
0.029648523734895
0.02962077768516
0.02956453202567
0.029541823749975
0.02951911547428
0.029506584424515
0.02949405337475
0.0294386236755
0.029410697793975
0.02938277191245
0.029354955356155
0.02932713879986
0.02927109092289
0.02924317744795
0.02921526397301
0.029187930617435
0.02916059726186
0.02915589450665
0.02912898792411
0.02910208134157
0.0290484729153
0.0290217704616
0.0289950680079
0.028968621076285
0.02894217414467
0.02891842141904
0.028902105009405
0.02888578859977
0.028859240440345
0.02883269228092
0.02878010212162
0.02875436185942
0.02872862159722
0.028703279062435
0.02867793652765
0.02862803922781
0.028607091226205
0.0285861432246
0.028576218802385
0.02856629438017
0.02851739524259
0.028493479401995
0.0284695635614
0.02844617634706
0.02842278913272
0.02840614354353
0.02838286343685
0.02835958333017
0.02833697183507
0.02831436033997
0.02828341078535
0.028266648984935
0.02824988718452
0.028228187173585
0.02820648716265
0.02817373502596
0.028157835137815
0.02814193524967
0.028121276947805
0.02810061864594
0.02807623654318
0.028056110989125
0.02803598543507
0.028016495770785
0.0279970061065
0.02797079398824
0.02795182779306
0.02793286159788
0.02790534078375
0.027887036880745
0.02786873297774
0.027852330116515
0.02783592725529
0.02780433780794
0.027787445598135
0.02777055338833
0.027755400573525
0.02774024775872
0.02770775197457
0.027692247067395
0.02767674216022
0.027661272865515
0.02764580357081
0.02761353456006
0.027598836804385
0.02758413904871
0.02756765987533
0.02755118070195
0.02752080790436
0.02750537814697
0.02748994838958
0.027472615010705
0.02745528163183
0.02742954773851
0.0274121545442
0.02739476134989
0.02738264055214
0.02737051975439
0.02733533774385
0.027317245555335
0.02729915336682
0.027288212302015
0.02727727123721
0.02724097173865
0.027226949928895
0.02721292811914
0.027198800187855
0.02718467225657
0.02714754231453
0.027133618920165
0.0271196955258
0.02710634042299
0.02709298532018
0.02705530526129
0.027036250888495
0.0270171965157
0.02701023261481
0.02700326871392
0.02696557690148
0.026946385589075
0.02692719427667
0.02688865807779
0.02688335268047
0.02687804728315
0.026859115520095
0.02684018375704
0.02680216572446
0.02678294892593
0.0267637321274
0.026744440649545
0.02672514917169
0.0266885092627
0.026684851442565
0.02668119362243
0.02666241436189
0.02664363510135
0.02660592498512
0.026587124484235
0.02656832398335
0.026549577794965
0.02653083160658
0.0264934473684
0.0264748090769
0.0264561707854
0.02643771406871
0.02641925735202
0.02638270440333
0.02636460685755
0.02634650931177
0.026328589399175
0.02631066948658
0.0263035642232
0.026286462965565
0.02626936170793
0.026251548882025
0.02623373605612
0.02619846068632
0.026181122364185
0.02616378404205
0.026146742843945
0.02612970164584
0.02612019484085
0.026103086883765
0.02608597892668
0.026069289852515
0.02605260077835
0.02601980604661
0.02601385382189
0.02600790159717
0.0259752216768
0.025959293562885
0.02594336544897
0.025930553208795
0.02591774096862
0.02589806498856
0.025882601056125
0.02586713712369
0.0258533007271
0.02583946433051
0.02582137506654
0.02580673555303
0.02579209603952
0.025781016990585
0.02576993794165
0.0257461188081
0.02573205078745
0.0257179827668
0.025708903760765
0.02569982475473
0.02567227465198
0.025660697969855
0.02564912128773
0.02563780642025
0.02562649155277
0.02560054169181
0.025590468604815
0.02558039551782
0.02556794646992
0.02555549742202
0.02553422963658
0.025522183815905
0.02551013799523
0.025499304673895
0.02548847135256
0.02546517999819
0.025453911528335
0.02544264305848
0.02543151321216
0.02542038336584
0.02539721871449
0.02538660083432
0.02537598295415
0.025364088877105
0.02535219480006
0.02533221028442
0.025320123525815
0.02530803676721
0.02529843110362
0.02528882544003
0.02526426894834
0.025252364767095
0.02524046058585
0.02522135367624
0.025208561199145
0.02519576872205
0.02518752579963
0.02517928287721
0.0251535532504
0.0251403686038
0.0251271839572
0.025119678999705
0.02511217404221
0.02508566276028
0.02507484888089
0.0250640350015
0.02505473188797
0.02504542877444
0.02501860275183
0.02500636175525
0.02499412075867
0.024986810699625
0.02497950064058
0.02495213483138
0.024938368790725
0.02492460275007
0.024919377493935
0.0249141522378
0.02488738517486
0.024873578725465
0.02485977227607
0.024845771427495
0.02483177057892
0.0248166673455
0.024806650547475
0.02479663374945
0.024782705184575
0.0247687766197
0.02474098314528
0.02472689475365
0.02471280636202
0.024698750600495
0.02468469483897
0.02467133126914
0.02466221139705
0.02465309152496
0.02463932654045
0.02462556155594
0.02459787283606
0.024584170500505
0.02457046816495
0.02454290531062
0.024529155310205
0.02451540530979
0.02450179625137
0.02448818719295
0.02446103049677
0.024447591886285
0.0244341532758
0.02442085356619
0.02440755385658
0.02438101328145
0.02437590878699
0.02437080429253
0.02436082509074
0.02435084588895
0.02432443053055
0.024311359863755
0.02429828919696
0.024285354737585
0.02427242027821
0.02424703706763
0.02424102337217
0.02423500967671
0.024225036037275
0.02421506239784
0.02419001480343
0.0241776240231
0.02416523324277
0.024156170163555
0.02414710708434
0.02413241322308
0.02412029470848
0.02410817619388
0.02409640033774
0.0240846244816
0.02407466622337
0.02406292359888
0.02405118097439
0.024039778044375
0.02402837511436
0.02401635639908
0.02400540768393
0.02399445896878
0.023983530522425
0.02397260207607
0.02396022047076
0.023949323676
0.02393842688124
0.0239173004721
0.023910721129815
0.02390414178753
0.02389381766756
0.02388349354759
0.02386933189889
0.023859246060825
0.02384916022276
0.02383940282475
0.02382964542674
0.02381492701809
0.023805301453735
0.02379567588938
0.023788028122415
0.02378038035545
0.02376180457158
0.02375386995303
0.02374593533448
0.02373688036753
0.02372782540058
0.02371138614864
0.023702767979315
0.02369414980999
0.02368564672483
0.02367714363967
0.02366036668586
0.023651684044025
0.02364300140219
0.02363504517874
0.02362708895529
0.02360916253663
0.02360153432932
0.02359390612201
0.02358486695729
0.02357582779257
0.02356122319233
0.02355200702421
0.02354279085609
0.023535307173245
0.0235278234904
0.02351025140823
0.02350067265632
0.02349109390441
0.023484750411715
0.02347840691902
0.02345890015756
0.02345147048677
0.02344404081598
0.02343571889285
0.02342739696972
0.02340757600455
0.02340217745557
0.02339677890659
0.02337681094548
0.02336664508258
0.02335647921968
0.02335160199577
0.02334672477186
0.02332644608416
0.023316126311385
0.02330580653861
0.023299069005755
0.0232923314729
0.02327669645287
0.02326622384587
0.02325575123887
0.02324529773188
0.02323484422489
0.02322775240049
0.023217324396715
0.02320689639294
0.02319638925644
0.02318588211994
0.02316471055539
0.023156197366795
0.0231476841782
0.02314299267686
0.02313830117552
0.02311721759706
0.02310669527039
0.02309617294372
0.02308547570876
0.0230747784738
0.02305342415406
0.023042767011595
0.02303210986913
0.023023115313125
0.02301412075712
0.02300871025877
0.022998287794175
0.02298786532958
0.02297736575311
0.02296686617664
0.02294590587716
0.0229355409817
0.02292517608624
0.022914734448175
0.02290429281011
0.0228836391211
0.02287333113471
0.02286302314832
0.02284853816401
0.022844634890655
0.0228407316173
0.02283036775497
0.02282000389264
0.02279950389562
0.022789367190255
0.02277923048489
0.02276920650983
0.02275918253477
0.02273935893513
0.02273021785282
0.02272107677051
0.02271806442156
0.02271505207261
0.02269530624817
0.02268563827216
0.02267597029615
0.02266641261609
0.02265685493603
0.02264674825021
0.02263917679276
0.02263160533531
0.02262227199232
0.02261293864933
0.02259448932814
0.022590859555535
0.02258722978293
0.022578026345805
0.02256882290868
0.02255081733628
0.022545070595405
0.02253932385453
0.022532102504705
0.02252488115488
0.02250750073659
0.02250159176528
0.02249568279397
0.022488397567105
0.02248111234024
0.02246435232279
0.022459477486005
0.02245460264922
0.022446334432325
0.02243806621543
0.0224219210855
0.022416606959115
0.02241129283273
0.02239555246315
0.022390068261585
0.02238458406002
0.022376824077515
0.02236906409501
0.02235393031544
0.02234819368857
0.0223424570617
0.02233509015202
0.02232772324234
0.02231573244441
0.02230856469869
0.02230139695297
0.02229523470868
0.02228907246439
0.02227513342903
0.022268805155975
0.02226247688292
0.022255704662475
0.02224893244203
0.02223576519582
0.022229369507155
0.02222297381849
0.02221613597634
0.02220929813419
0.02219689679706
0.0221899854789
0.02218307416074
0.02217715710314
0.02217124004554
0.02215709175771
0.02215145689647
0.02214582203523
0.02213867500964
0.02213152798405
0.02211760924966
0.022111816539415
0.02210602382917
0.02209863590403
0.02209124797889
0.02208111227814
0.022073563691025
0.02206601510391
0.022059540530595
0.02205306595728
0.02204137173769
0.022033673762525
0.02202597578736
0.02202155658472
0.02201713738208
0.02200159920477
0.021993753105715
0.02198590700666
0.02197780530521
0.02196997635734
0.02196214740947
0.021954066416505
0.02194598542354
0.02193791345002
0.021930375959345
0.02192283846867
0.021914699243985
0.0219065600193
0.02189117925346
0.02188768723426
0.02188419521506
0.02187608497428
0.0218679747335
0.02185143051294
0.02184351856314
0.02183560661334
0.021832740307105
0.02182987400087
0.02181338800709
0.02180507102151
0.02179675403593
0.021788449866845
0.02178014569776
0.02176321772955
0.02176166456615
0.02176011140275
0.02175174928912
0.02174338717549
0.02172686093541
0.021718438756195
0.02171001657698
0.021701693329935
0.02169337008289
0.02167657816397
0.02166819533461
0.02165981250525
0.02165144277468
0.02164307304411
0.02162635971815
0.021618016091645
0.02160967246514
0.02160134184411
0.02159301122308
0.02157654554722
0.021568240712605
0.02155993587799
0.02154369022351
0.02153557975918
0.02152746929485
0.021519371164745
0.02151127303464
0.02149526971372
0.02148736411518
0.02147945851664
0.021476181982985
0.02147290544933
0.02146065030564
0.0214526866446
0.02144472298356
0.02143693854049
0.02142915409742
0.02141377507837
0.02140392875686
0.02139408243535
0.021386501573935
0.02137892071252
0.02136394694352
0.021358380250755
0.02135281355799
0.02134824826407
0.02134368297015
0.02132909042784
0.021321886970535
0.02131468351323
0.021311540259505
0.02130839700578
0.02129401830981
0.021287003694395
0.02127998907898
0.02127652647933
0.02127306387968
0.02125922713207
0.021252400043815
0.02124557295556
0.02124187522431
0.02123817749306
0.02122471468151
0.021218073823945
0.02121143296638
0.02120750160337
0.02120357024036
0.02119047877295
0.021185411442
0.02118034411105
0.021174873625305
0.02116940313956
0.02115684327839
0.02115244365918
0.02114804403997
0.02113583513173
0.021131200505275
0.02112656587882
0.021120636297
0.02111470671518
0.0211041584966
0.021098808689475
0.02109345888235
0.021087871756355
0.02108228463036
0.02107225419115
0.021066839933335
0.02106142567552
0.0210562590919
0.02105109250828
0.02104060835989
0.02103529103044
0.02102997370099
0.021024903128985
0.02101983255698
0.02100905836149
0.02100407825115
0.02099909814081
0.02099364156373
0.02098818498665
0.02097824473472
0.02097279909153
0.02096735344834
0.02096159369232
0.0209558339363
0.02094688314724
0.020941054942855
0.02093522673847
0.02093091967607
0.02092661261367
0.02091481968913
0.020910282391855
0.02090574509458
0.02090017841025
0.02089461172592
0.02088237883872
0.02087856964762
0.02087476045652
0.02086865573613
0.02086255101574
0.02085146402843
0.02084719168114
0.02084291933385
0.0208304314901
0.020825773232105
0.02082111497411
0.02081614554314
0.02081117611217
0.02079841163964
0.020793531807835
0.02078865197603
0.0207841697556
0.02077968753517
0.02076664799638
0.02076005807853
0.02075346816068
0.020750959935905
0.02074845171113
0.02073529516866
0.020728725311635
0.02072215545461
0.020716296607715
0.02071043776082
0.02070450589914
0.020697877783255
0.02069124966737
0.020684552284865
0.02067785490236
0.02066432218
0.020661524919945
0.02065872765989
0.02065321531873
0.02064770297757
0.02063436502816
0.020627627347745
0.02062088966733
0.02061408356969
0.02060727747205
0.02059368339805
0.020586895403345
0.02058010740864
0.02057933661694
0.02057856582524
0.02056516387546
0.020558471701005
0.02055177952655
0.020545019365355
0.02053825920416
0.02052491015294
0.02051824437499
0.02051157859704
0.02049811156739
0.020491463332565
0.02048481509774
0.02047817555823
0.02047153601872
0.02045842663087
0.02045180433072
0.02044518203057
0.020438644344205
0.02043210665784
0.02042967589143
0.020423603348355
0.02041753080528
0.02041093517592
0.02040433954656
0.02039131679835
0.02038488937053
0.02037846194271
0.020372118156765
0.02036577437082
0.02035385654308
0.020351972275785
0.02035008800849
0.020343762021905
0.02033743603532
0.02032495025571
0.02031871509206
0.02031247992841
0.02030880254929
0.02030512517017
0.02029627656529
0.020290208853455
0.02028414114162
0.02027815551807
0.02027216989452
0.02026648854268
0.020261035957425
0.02025558337217
0.0202496892923
0.02024379521243
0.02023365951695
0.02023030860704
0.02022695769713
0.02022122910699
0.02021550051685
0.02020420495811
0.02020138345434
0.02019856195057
0.02019292370805
0.02018728546553
0.02017750302342
0.020173874752845
0.02017024648227
0.02015944547212
0.020155971519595
0.02015249756707
0.020147328068645
0.02014215857022
0.02013183026402
0.02012836589927
0.02012490153452
0.02011974629701
0.0201145910595
0.02010738006227
0.02010238082917
0.02009738159607
0.020092460781125
0.02008753996618
0.02008005508756
0.02007521610257
0.02007037711758
0.020066494668995
0.02006261222041
0
0
0
