




0.020874126
0.020854472
0.020842129
0.020832569
0.020823009
0.02081023
0.020791484
0.020778744
0.02076037
0.020747355
0.0207407775
0.0207342
0.020716529
0.020703414
0.020690159
0.02067661
0.020659815
0.0206531385
0.020646462
0.020633125
0.020619497
0.020606041
0.020592294
0.020577179
0.0205704785
0.020563778
0.020550242
0.020536877
0.020523377
0.020510047
0.020496735
0.0204900115
0.020483288
0.020470011
0.020456751
0.020443661
0.020429068
0.020415862
0.0204092675
0.020402673
0.020389804
0.0203768
0.020364114
0.02034843
0.02033578
0.0203295385
0.020323297
0.020310828
0.020294628
0.020282494
0.020265891
0.020253941
0.020248048
0.020242155
0.02022532
0.020213865
0.020196781
0.020185654
0.02016847
0.020159819
0.020151168
0.0201336
0.020123133
0.020105762
0.020088127
0.020078295
0.0100391475
0
0
0
0
-0.022325267
-0.022339815
-0.0223531155
-0.022366416
-0.022381932
-0.022408818
-0.022435402
-0.022451934
-0.022478437
-0.022491628
-0.022504819
-0.022522196
-0.022548311
-0.022566127
-0.022591973
-0.022610232
-0.0226196565
-0.022629081
-0.022654325
-0.022673436
-0.022692767
-0.022717214
-0.02273681
-0.0227467195
-0.022756629
-0.022776672
-0.022799975
-0.022820096
-0.022840253
-0.022860637
-0.0228709425
-0.022881248
-0.022901898
-0.022922776
-0.022943694
-0.02296465
-0.022985645
-0.0229960655
-0.023006486
-0.023027559
-0.023048477
-0.023069433
-0.023094126
-0.023115362
-0.023125902
-0.023136442
-0.023157366
-0.023184015
-0.023205223
-0.023226076
-0.02325407
-0.023264541
-0.023275012
-0.023295597
-0.023324755
-0.023345229
-0.023375312
-0.023406273
-0.0234161825
-0.023426092
-0.023457792
-0.023477297
-0.023509138
-0.023541877
-0.023560308
-0.02357675
-0.023593192
-0.023626372
-0.023659852
-0.023693634
-0.023727514
-0.023761492
-0.0237785305
-0.023795569
-0.023829539
-0.023849261
-0.023883595
-0.023904243
-0.023938738
-0.023955826
-0.023972914
-0.023994982
-0.024028899
-0.024051918
-0.024075404
-0.024109129
-0.0241212485
-0.024133368
-0.024158083
-0.024190974
-0.024216238
-0.02424177
-0.024273817
-0.024286753
-0.024299689
-0.024325833
-0.024352468
-0.02437938
-0.024406571
-0.024434041
-0.024447917
-0.024461793
-0.024490267
-0.02451771
-0.024545215
-0.024574108
-0.024602406
-0.0246165885
-0.024630771
-0.02465898
-0.024687477
-0.024715595
-0.024743779
-0.024778089
-0.024792366
-0.024806643
-0.024834813
-0.024862821
-0.024899964
-0.024927895
-0.024955663
-0.024975176
-0.024994689
-0.02502215
-0.025062537
-0.02508946
-0.025130994
-0.025157371
-0.0251784855
-0.0251996
-0.025243139
-0.025268355
-0.025312137
-0.025356545
-0.025401585
-0.025424305
-0.025447025
-0.025492869
-0.025538644
-0.025584826
-0.025630938
-0.025676979
-0.0256997205
-0.025722462
-0.025750608
-0.025796602
-0.025841785
-0.025871915
-0.025916876
-0.0259324005
-0.025947925
-0.025979793
-0.026024393
-0.0260572
-0.02609059
-0.026134078
-0.026151125
-0.026168172
-0.026202861
-0.026238148
-0.026279356
-0.026314855
-0.026350706
-0.0263688095
-0.026386913
-0.026423478
-0.026460403
-0.026497435
-0.02653483
-0.026572334
-0.0265911405
-0.026609947
-0.026647408
-0.026684978
-0.026728946
-0.026767277
-0.026805721
-0.0268247355
-0.02684375
-0.026892237
-0.026930518
-0.026968643
-0.027020275
-0.027058392
-0.027077102
-0.027095812
-0.02715011
-0.027206534
-0.027243557
-0.027301203
-0.027337392
-0.0273669705
-0.027396549
-0.027457078
-0.027518995
-0.027581758
-0.027645659
-0.027709865
-0.0277255495
-0.027741234
-0.027805044
-0.027840055
-0.02790548
-0.027970646
-0.028035547
-0.028055672
-0.028075797
-0.028141202
-0.028205751
-0.028248855
-0.028312733
-0.028357951
-0.0283810795
-0.028404208
-0.028467619
-0.028515145
-0.028564036
-0.028613703
-0.028675054
-0.0287002395
-0.028725425
-0.028776893
-0.028829165
-0.028881941
-0.028938311
-0.02899119
-0.0290177295
-0.029044269
-0.029099423
-0.029154793
-0.029210381
-0.029265873
-0.029321583
-0.0293495475
-0.029377512
-0.029433024
-0.029501916
-0.029558238
-0.029614458
-0.029669926
-0.0297077255
-0.029745525
-0.029801174
-0.029881096
-0.029935948
-0.030019285
-0.030073663
-0.030116739
-0.030159815
-0.03024851
-0.03033979
-0.03039128
-0.030483458
-0.030577602
-0.0306253255
-0.030673049
-0.030769468
-0.030866519
-0.030963854
-0.031061115
-0.031120926
-0.031170072
-0.031219218
-0.03128293
-0.031381929
-0.031479378
-0.031547894
-0.031618577
-0.0316669525
-0.031715328
-0.031788298
-0.031863504
-0.031940976
-0.032034465
-0.032113193
-0.0321531455
-0.032193098
-0.032274581
-0.032357276
-0.032441198
-0.032525971
-0.032611606
-0.032654859
-0.032698112
-0.032785101
-0.032872174
-0.03295933
-0.033065293
-0.033155577
-0.033200155
-0.033244733
-0.03333398
-0.033421649
-0.033543356
-0.033631768
-0.033761053
-0.0338050105
-0.033848968
-0.03398477
-0.03412608
-0.034212076
-0.034358485
-0.0345089
-0.0345859315
-0.034662963
-0.034820762
-0.034981007
-0.035143751
-0.035307174
-0.035404781
-0.0354889785
-0.035573176
-0.035740403
-0.035850726
-0.035966642
-0.036137351
-0.036260702
-0.036345055
-0.036429408
-0.036558932
-0.036692491
-0.036830682
-0.036973088
-0.03713647
-0.037208948
-0.037281426
-0.037429192
-0.037579825
-0.037733383
-0.037888841
-0.038063807
-0.0381463395
-0.038228872
-0.038394927
-0.038560851
-0.03872719
-0.038946976
-0.039118112
-0.0392030275
-0.039287943
-0.039533777
-0.039704545
-0.039969525
-0.04024954
-0.040418984
-0.040566273
-0.040713562
-0.0408764
-0.041180294
-0.041338047
-0.041493814
-0.041815309
-0.041907766
-0.042000223
-0.042340826
-0.042684745
-0.04290819
-0.043263131
-0.043510988
-0.043691049
-0.04387111
-0.0441412
-0.044425792
-0.04478732
-0.045089255
-0.04540304
-0.0455660865
-0.045729133
-0.046067186
-0.046415977
-0.04677506
-0.047143072
-0.047518546
-0.0477096795
-0.047900813
-0.048392472
-0.048803208
-0.049215114
-0.049810564
-0.050240037
-0.0505777285
-0.05091542
-0.051655009
-0.052102902
-0.05291354
-0.053781955
-0.054708241
-0.0551964315
-0.055684622
-0.056300901
-0.057385483
-0.058142138
-0.059319449
-0.060223502
-0.060844292
-0.061465082
-0.062511212
-0.063650829
-0.064887626
-0.066227521
-0.067671087
-0.06844365
-0.069216213
-0.071269275
-0.073160531
-0.075144195
-0.078304928
-0.080637032
-0.082749274
-0.084861516
-0.090045256
-0.096313188
-0.10370507
-0.10947325
-0.11908437
-0.123396065
-0.12770776
-0.13805556
-0.14986791
-0.16220792
-0.17866276
-0.18921603
-0.18358965
-0.17796327
-0.15559296
-0.12054151
-0.079132767
-0.037203846
0.0031374486
0.0228677728
0.042598097
0.081465186
0.11795495
0.14864477
0.17847513
0.18925962
0.184607725
0.17995583
0.16426953
0.15228854
0.14053018
0.13002852
0.12115315
0.11137934
0.108344885
0.10531043
0.097675772
0.093954097
0.088396583
0.083757523
0.081348193
0.0795588605
0.077769528
0.075654587
0.07299603
0.071216682
0.069529857
0.067943113
0.067201469
0.066459825
0.065083825
0.063812388
0.062644438
0.061573903
0.060593863
0.0601468195
0.059699776
0.058548542
0.057789634
0.05671985
0.056093115
0.055121795
0.054658549
0.054195303
0.053319886
0.052499623
0.051736844
0.051302427
0.050609237
0.0503939645
0.050178692
0.049562473
0.049146899
0.048732482
0.048216386
0.047827546
0.047635728
0.04744391
0.047067123
0.046697849
0.046338393
0.045989235
0.045651635
0.045488799
0.045325963
0.045012566
0.04471255
0.044348517
0.044066532
0.043798196
0.043618061
0.043437926
0.043191708
0.042837342
0.042616816
0.042274095
0.041934665
0.041843531
0.041752397
0.041432618
0.041121405
0.040820374
0.040531039
0.040366188
0.0402274505
0.040088713
0.039825654
0.039658559
0.039412823
0.039245932
0.039077656
0.0389666795
0.038855703
0.038691587
0.038526141
0.038332622
0.038174332
0.038017445
0.0379396915
0.037861938
0.037707794
0.03755606
0.03740722
0.037260689
0.037117467
0.0370477335
0.036978
0.03681457
0.036678538
0.036546094
0.036418167
0.036251056
0.0361901525
0.036129249
0.035959594
0.035845659
0.035676428
0.035570569
0.035404082
0.035320963
0.035237844
0.035144916
0.034984455
0.03482554
0.034669046
0.034515817
0.034441241
0.034366665
0.034282045
0.034136321
0.033996218
0.033908355
0.03377362
0.033729233
0.033684846
0.033557434
0.033468597
0.033348702
0.03326061
0.033171774
0.0331269935
0.033082213
0.032976542
0.032889694
0.032802523
0.032716234
0.032630024
0.032587353
0.032544682
0.032460199
0.032376174
0.032293766
0.032212567
0.032132561
0.03208628
0.032039999
0.031960886
0.03188369
0.031808385
0.031734945
0.031638441
0.031603053
0.031567665
0.031469647
0.031401849
0.031303083
0.031238924
0.031140143
0.031110199
0.031080255
0.03098287
0.03088541
0.030788236
0.030737089
0.030691347
0.030643564
0.030595781
0.030501177
0.030408203
0.030317176
0.030228401
0.030142179
0.030115531
0.030088883
0.030005146
0.029950693
0.029870057
0.029815126
0.029737854
0.029710314
0.029682774
0.029627257
0.029570663
0.029499833
0.029444381
0.029388507
0.0293605205
0.029332534
0.029276464
0.029220301
0.029160597
0.029106454
0.029052518
0.0290258075
0.028999097
0.028946188
0.028889479
0.028836062
0.02878346
0.028731662
0.0287061625
0.028680663
0.028630756
0.02858163
0.028519791
0.028471653
0.028424574
0.028392819
0.028361064
0.028315836
0.028251062
0.028207658
0.028165267
0.0281012
0.0280687375
0.028036275
0.027997294
0.027932862
0.027868447
0.027833078
0.027769703
0.027738304
0.027706905
0.02764468
0.027582741
0.027521921
0.027461931
0.027427889
0.027398241
0.027368593
0.027310656
0.027275085
0.027218641
0.027181959
0.02712726
0.0271086405
0.027090021
0.027037579
0.027000057
0.026962374
0.026912564
0.026874866
0.0268558065
0.026836747
0.026798475
0.026760053
0.026715194
0.026677537
0.026639729
0.0266208795
0.02660203
0.026564182
0.026526701
0.026489071
0.026452064
0.026414906
0.026396636
0.026378366
0.026338112
0.026301281
0.026265061
0.026229195
0.026193932
0.0261766
0.026159268
0.026125198
0.02608149
0.026048124
0.026003192
0.025970525
0.0259546025
0.02593868
0.025893396
0.025862725
0.025816979
0.025787466
0.025741506
0.0257183675
0.025695229
0.02566793
0.025621922
0.025575843
0.025529933
0.025483952
0.0254724295
0.025460907
0.025438377
0.025392969
0.025371976
0.025348195
0.025303817
0.0252820575
0.025260298
0.025217396
0.025191819
0.025149617
0.025108482
0.025081979
0.025061868
0.025041757
0.025014939
0.024987722
0.024948946
0.024921421
0.024884213
0.0248704105
0.024856608
0.024828613
0.024793485
0.02476586
0.024738073
0.024710126
0.0246960735
0.024682021
0.024650647
0.024623122
0.024595439
0.02456804
0.024540703
0.0245270655
0.024513428
0.024486214
0.024459062
0.024432189
0.024405594
0.024375799
0.0243624555
0.024349112
0.0243227
0.024296779
0.024271128
0.024239304
0.024213777
0.0242012545
0.024188732
0.024155847
0.024131349
0.024107539
0.024073819
0.024050547
0.024033557
0.024016567
0.023994038
0.023959801
0.023938218
0.023903933
0.023869332
0.023859246
0.02384916
0.023814927
0.023780587
0.023746141
0.023711797
0.023677758
0.023660686
0.023643614
0.023609977
0.02357664
0.023543803
0.023511261
0.023492303
0.0234762045
0.023460106
0.0234288
0.023408976
0.023378208
0.023357873
0.023327837
0.023317615
0.023307393
0.023278279
0.023257528
0.023236618
0.023208862
0.023187844
0.0231772565
0.023166669
0.023145338
0.023119363
0.02309812
0.023076916
0.023055558
0.0230448985
0.023034239
0.023012768
0.022991337
0.022969176
0.022948212
0.022927478
0.022917034
0.02290659
0.022884977
0.022863977
0.022843206
0.022822474
0.02280197
0.022791831
0.022781692
0.022761639
0.022737661
0.022717687
0.022697937
0.022678597
0.022666041
0.022653485
0.022634221
0.02261555
0.022589835
0.022571424
0.022553414
0.022540443
0.022527472
0.022510088
0.022483877
0.022466929
0.022440637
0.022414041
0.022406077
0.022398113
0.022371619
0.022345006
0.022318275
0.022303936
0.022277666
0.0222645625
0.022251459
0.022238289
0.022211816
0.022185586
0.022159598
0.022133849
0.0221210945
0.02210834
0.022093561
0.022068323
0.022043674
0.022028098
0.022003717
0.021995869
0.021988021
0.021964081
0.021948092
0.021924941
0.021908659
0.021892227
0.0218810595
0.021869892
0.021853345
0.021836475
0.021815296
0.021798659
0.021781875
0.0217734095
0.021764944
0.02174511
0.021728409
0.021711734
0.021694914
0.021678119
0.021669735
0.021661351
0.021644439
0.021627723
0.021611034
0.02159437
0.021577733
0.021569427
0.021561121
0.021544705
0.021528482
0.021512285
0.02149628
0.021477442
0.0214694655
0.021461489
0.021445561
0.021429991
0.02141461
0.021394749
0.021379587
0.0213720995
0.021364612
0.021344347
0.021329588
0.021315014
0.021294514
0.021280319
0.0212699375
0.021259556
0.021238342
0.021224879
0.021211597
0.021190642
0.021169403
0.021163123
0.021156843
0.021135835
0.021114544
0.021093297
0.021072092
0.021061103
0.0210506945
0.021040286
0.02101935
0.020998616
0.020978084
0.020966873
0.020946244
0.0209361095
0.020925975
0.020905904
0.020893976
0.020874126
