000000000000
000000000000
000000000000
000000000000
-2.231582048042e-002
-2.232781137414e-002
-2.234236329082e-002
-2.235401865681e-002
-2.236897009789e-002
-2.238448993081e-002
-2.239545824053e-002
-2.241138163371e-002
-2.242182663810e-002
-2.243797163026e-002
-2.245450792284e-002
-2.246444155003e-002
-2.248120170234e-002
-2.249577227342e-002
-2.250740555772e-002
-2.252478582709e-002
-2.253922840290e-002
-2.255090726047e-002
-2.256891297836e-002
-2.258713391991e-002
-2.259457960543e-002
-2.261284256515e-002
-2.263169591328e-002
-2.264665187478e-002
-2.265694571885e-002
-2.267587366860e-002
-2.269539734341e-002
-2.271495510734e-002
-2.272116807547e-002
-2.273926175949e-002
-2.275908518739e-002
-2.277913296366e-002
-2.279959584037e-002
-2.282009600501e-002
-2.284063356172e-002
-2.284863050997e-002
-2.286311561298e-002
-2.288373175484e-002
-2.290438561340e-002
-2.292507729444e-002
-2.294599902257e-002
-2.296676702029e-002
-2.298776598934e-002
-2.300880392179e-002
-2.301402118670e-002
-2.303201014083e-002
-2.305351818652e-002
-2.307487268297e-002
-2.309607265212e-002
-2.311731215794e-002
-2.313839591139e-002
-2.314758343245e-002
-2.316460965928e-002
-2.318597725137e-002
-2.320699169933e-002
-2.322784788071e-002
-2.323474270818e-002
-2.325584695272e-002
-2.327659456486e-002
-2.329242749244e-002
-2.330570439190e-002
-2.332634375383e-002
-2.334662226095e-002
-2.335637662183e-002
-2.337670816633e-002
-2.339667594920e-002
-2.340747295072e-002
-2.342749412246e-002
-2.344413810885e-002
-2.345899757563e-002
-2.347830323129e-002
-2.349119159403e-002
-2.351034925964e-002
-2.352771935920e-002
-2.354288898262e-002
-2.356132147489e-002
-2.357572322960e-002
-2.359400468155e-002
-2.360926122561e-002
-2.362698393020e-002
-2.364310037859e-002
-2.366046580994e-002
-2.367703816228e-002
-2.369404417870e-002
-2.371148570726e-002
-2.372792509944e-002
-2.374582923379e-002
-2.376169832682e-002
-2.378027394192e-002
-2.379577616816e-002
-2.381482029031e-002
-2.382953856492e-002
-2.384926095993e-002
-2.386922467520e-002
-2.388338619461e-002
-2.390424299710e-002
-2.391740179491e-002
-2.393852838599e-002
-2.396032216339e-002
-2.397249390767e-002
-2.399456095693e-002
-2.401645857649e-002
-2.402847739572e-002
-2.405128345316e-002
-2.407455711691e-002
-2.408472725023e-002
-2.410827916690e-002
-2.413230358394e-002
-2.414721039570e-002
-2.416533671186e-002
-2.418990463156e-002
-2.421495199389e-002
-2.423511375420e-002
-2.424714125019e-002
-2.427252468268e-002
-2.429817801996e-002
-2.432431911014e-002
-2.435073422228e-002
-2.437090955957e-002
-2.438111863821e-002
-2.440744166027e-002
-2.443425910026e-002
-2.446113655821e-002
-2.448829349413e-002
-2.451551185153e-002
-2.454279184466e-002
-2.457035443949e-002
-2.459798010849e-002
-2.462544731084e-002
-2.465319928816e-002
-2.467143919472e-002
-2.468458003469e-002
-2.471291465731e-002
-2.474086780735e-002
-2.476888541501e-002
-2.479651788260e-002
-2.481655128792e-002
-2.483165437745e-002
-2.485965580754e-002
-2.488726844267e-002
-2.491403524971e-002
-2.492471294405e-002
-2.495224527348e-002
-2.497938302646e-002
-2.499400300425e-002
-2.501848476226e-002
-2.504531052692e-002
-2.506391657488e-002
-2.508577441009e-002
-2.511205515153e-002
-2.512706492163e-002
-2.515343396004e-002
-2.517916333796e-002
-2.519564902319e-002
-2.522123372943e-002
-2.524034045369e-002
-2.526414858500e-002
-2.528893894107e-002
-2.530791597826e-002
-2.533208926005e-002
-2.535230888192e-002
-2.537609725446e-002
-2.539733321000e-002
-2.542049807449e-002
-2.544252095545e-002
-2.546505767438e-002
-2.548834880037e-002
-2.551025353177e-002
-2.553434539589e-002
-2.555537421127e-002
-2.558051170468e-002
-2.560065806552e-002
-2.562636764238e-002
-2.564923811266e-002
-2.567239169230e-002
-2.569970011938e-002
-2.571810023297e-002
-2.574623653683e-002
-2.577005589291e-002
-2.579197048869e-002
-2.582149349913e-002
-2.583958293263e-002
-2.586725598540e-002
-2.589793838182e-002
-2.591761416530e-002
-2.594323838937e-002
-2.597534155544e-002
-2.600802178421e-002
-2.601992634611e-002
-2.605247262308e-002
-2.608609985233e-002
-2.612031609095e-002
-2.612957271410e-002
-2.616365476625e-002
-2.619833105995e-002
-2.623360607259e-002
-2.626948437813e-002
-2.630343353106e-002
-2.631053872221e-002
-2.634637818277e-002
-2.638257290551e-002
-2.641938145843e-002
-2.645629524692e-002
-2.649331473860e-002
-2.653069859345e-002
-2.656819058515e-002
-2.660579120012e-002
-2.664350092781e-002
-2.668132026074e-002
-2.668863597213e-002
-2.672501415615e-002
-2.676359671230e-002
-2.680202991070e-002
-2.684031194597e-002
-2.687817584291e-002
-2.688878674156e-002
-2.692732331864e-002
-2.696543938543e-002
-2.700313080356e-002
-2.701732644334e-002
-2.705543556495e-002
-2.709311599623e-002
-2.711955639347e-002
-2.714740288904e-002
-2.718453243966e-002
-2.721278800395e-002
-2.724110388297e-002
-2.727740374307e-002
-2.729901233922e-002
-2.733519633238e-002
-2.737065319153e-002
-2.739461930673e-002
-2.742968176706e-002
-2.745541591865e-002
-2.748980533129e-002
-2.752066451610e-002
-2.755131595374e-002
-2.758427463302e-002
-2.761367044134e-002
-2.764565884167e-002
-2.767659709811e-002
-2.770788881013e-002
-2.774038492428e-002
-2.777040731396e-002
-2.780447562565e-002
-2.783578047320e-002
-2.786858583977e-002
-2.790519324808e-002
-2.793300072861e-002
-2.797064574002e-002
-2.799685757237e-002
-2.803583647521e-002
-2.807637714692e-002
-2.810046897866e-002
-2.814178512918e-002
-2.817358455613e-002
-2.820662911213e-002
-2.825002958401e-002
-2.828355353299e-002
-2.831420831978e-002
-2.835943080951e-002
-2.840599050662e-002
-2.842293333299e-002
-2.846940981972e-002
-2.851754043361e-002
-2.856644008478e-002
-2.858598818263e-002
-2.862818558239e-002
-2.867778045748e-002
-2.872846495767e-002
-2.878025008394e-002
-2.883253446856e-002
-2.888563018714e-002
-2.891826263685e-002
-2.894232383152e-002
-2.899521826003e-002
-2.904831265541e-002
-2.910192047029e-002
-2.915604648500e-002
-2.916074929086e-002
-2.921541659144e-002
-2.927124414460e-002
-2.932697534737e-002
-2.938292634510e-002
-2.943845893568e-002
-2.949388799272e-002
-2.951894980142e-002
-2.956468844079e-002
-2.962061082954e-002
-2.967642742568e-002
-2.971582439476e-002
-2.975238763807e-002
-2.980806378418e-002
-2.986296792948e-002
-2.988835364284e-002
-2.994356490784e-002
-2.999765795383e-002
-3.002694583894e-002
-3.008135187703e-002
-3.013394884574e-002
-3.016788604416e-002
-3.022045996894e-002
-3.025663032549e-002
-3.030884656285e-002
-3.035681921460e-002
-3.039982194792e-002
-3.044946600817e-002
-3.049239793238e-002
-3.054097628664e-002
-3.058659983025e-002
-3.063410154138e-002
-3.068210522996e-002
-3.072816834043e-002
-3.077893396884e-002
-3.082283762966e-002
-3.087604727598e-002
-3.092590592488e-002
-3.097344482985e-002
-3.103112071233e-002
-3.107076861914e-002
-3.113061819139e-002
-3.117953563050e-002
-3.122897491377e-002
-3.129309137443e-002
-3.132980068837e-002
-3.139179175860e-002
-3.145954387844e-002
-3.150586342075e-002
-3.155786616273e-002
-3.162859588932e-002
-3.170152198915e-002
-3.172615780661e-002
-3.179842883709e-002
-3.187368480926e-002
-3.195083026096e-002
-3.202989124775e-002
-3.205888104137e-002
-3.212277545439e-002
-3.220273000394e-002
-3.228426437321e-002
-3.236662155392e-002
-3.245059474242e-002
-3.253541937085e-002
-3.262110592712e-002
-3.270726693339e-002
-3.279390659312e-002
-3.288102916268e-002
-3.296135314391e-002
-3.298403121363e-002
-3.307384935814e-002
-3.316377293993e-002
-3.325297515377e-002
-3.334143965648e-002
-3.337048418901e-002
-3.346086151634e-002
-3.355049538669e-002
-3.361742058003e-002
-3.367827519573e-002
-3.376743874997e-002
-3.384640088008e-002
-3.390255048110e-002
-3.399038185724e-002
-3.405050329516e-002
-3.413130559617e-002
-3.421689140703e-002
-3.427786274164e-002
-3.436246071244e-002
-3.442886060887e-002
-3.451246594632e-002
-3.458440629222e-002
-3.466611326979e-002
-3.474370736374e-002
-3.482303328810e-002
-3.490594035822e-002
-3.498284218140e-002
-3.507070980417e-002
-3.514421404159e-002
-3.523713778161e-002
-3.530717363521e-002
-3.540478070333e-002
-3.548167250615e-002
-3.557175026780e-002
-3.567809550348e-002
-3.573800245815e-002
-3.584830927974e-002
-3.596323579579e-002
-3.601586816667e-002
-3.613341891216e-002
-3.625575082913e-002
-3.636850136939e-002
-3.642390788696e-002
-3.655238236021e-002
-3.668538244788e-002
-3.682249186192e-002
-3.694059576022e-002
-3.698651479172e-002
-3.712709180610e-002
-3.727091956502e-002
-3.741806614235e-002
-3.756806790703e-002
-3.772044508277e-002
-3.787524440684e-002
-3.803141700718e-002
-3.818953619932e-002
-3.830390577026e-002
-3.837813952756e-002
-3.854390644376e-002
-3.870951743149e-002
-3.887437329057e-002
-3.899959432254e-002
-3.909772304498e-002
-3.926677389672e-002
-3.943385754830e-002
-3.951112774591e-002
-3.968168312639e-002
-3.984899056391e-002
-3.994450085831e-002
-4.011361698476e-002
-4.027560322999e-002
-4.039271856735e-002
-4.055717630465e-002
-4.068560755880e-002
-4.084820120940e-002
-4.099091377513e-002
-4.115098436509e-002
-4.130717803117e-002
-4.146335205260e-002
-4.163350684325e-002
-4.178365369543e-002
-4.196758070694e-002
-4.211080454782e-002
-4.230759924907e-002
-4.248338177725e-002
-4.265092125928e-002
-4.287326266675e-002
-4.299470904391e-002
-4.322756263150e-002
-4.347423390210e-002
-4.363795057659e-002
-4.383442685551e-002
-4.410401494792e-002
-4.438730353650e-002
-4.460379825402e-002
-4.474969844448e-002
-4.505106703502e-002
-4.536425745241e-002
-4.569054620017e-002
-4.602795886599e-002
-4.637777831864e-002
-4.673705903707e-002
-4.710527580640e-002
-4.748185884920e-002
-4.786436865619e-002
-4.814753443781e-002
-4.835611126619e-002
-4.876804621237e-002
-4.918121448948e-002
-4.954818224020e-002
-4.977771880664e-002
-5.020958904686e-002
-5.063763704434e-002
-5.088717277745e-002
-5.132851961312e-002
-5.163014207663e-002
-5.208084835715e-002
-5.251925707873e-002
-5.289526438527e-002
-5.333557118097e-002
-5.376891377813e-002
-5.420554531688e-002
-5.470084353487e-002
-5.514499464816e-002
-5.568462212329e-002
-5.630616761358e-002
-5.671246520854e-002
-5.740061594311e-002
-5.808834486506e-002
-5.852477448767e-002
-5.935210551792e-002
-6.026499351966e-002
-6.072887309068e-002
-6.151821665399e-002
-6.257647528704e-002
-6.373104280903e-002
-6.498417609234e-002
-6.634199668211e-002
-6.780527473600e-002
-6.936998690200e-002
-7.103478967606e-002
-7.265178638030e-002
-7.338674603369e-002
-7.539654634970e-002
-7.748250073531e-002
-7.862744319334e-002
-8.098877099159e-002
-8.337295069868e-002
-8.530415095550e-002
-8.792002455471e-002
-9.059392047701e-002
-9.337634773705e-002
-9.698913004139e-002
-1.001221937771e-001
-1.045014842315e-001
-1.104187442094e-001
-1.151951112977e-001
-1.201144713453e-001
-1.288642685781e-001
-1.392942371582e-001
-1.510866507544e-001
-1.632607712187e-001
-1.682611879780e-001
-1.793285523109e-001
-1.866552297062e-001
-1.892410931441e-001
-1.875271684791e-001
-1.782254303671e-001
-1.573705101910e-001
-1.474423479712e-001
-1.159035729849e-001
-7.877999460573e-002
-3.956833068829e-002
-3.694563404302e-006
3.957527762430e-002
7.877272401836e-002
1.158967546846e-001
1.474365551842e-001
1.573754389096e-001
1.782221544603e-001
1.875284027947e-001
1.892412896902e-001
1.866538409360e-001
1.793311585172e-001
1.682644996923e-001
1.632575102285e-001
1.510902395792e-001
1.392977158201e-001
1.288675219362e-001
1.201116500244e-001
1.151979455797e-001
1.104214088224e-001
1.044991851110e-001
1.001200544426e-001
9.698710691011e-002
9.337445971899e-002
9.059581582992e-002
8.791834098685e-002
8.530256479782e-002
8.337143592469e-002
8.098734349640e-002
7.862886944832e-002
7.748119937795e-002
7.539785109130e-002
7.338558769256e-002
7.265299059835e-002
7.103593601296e-002
6.937107478929e-002
6.780430157919e-002
6.634298150718e-002
6.498511616871e-002
6.373019617852e-002
6.257733841663e-002
6.151904697963e-002
6.072967936698e-002
6.026578583255e-002
5.935287072448e-002
5.852407707404e-002
5.808765927336e-002
5.739994875626e-002
5.671181616072e-002
5.630552914415e-002
5.568528356791e-002
5.514438586879e-002
5.470147858422e-002
5.420495996491e-002
5.376952439658e-002
5.333500704623e-002
5.289471081284e-002
5.251983581966e-002
5.208141615562e-002
5.163069875655e-002
5.132906892646e-002
5.088666586746e-002
5.063713575947e-002
5.021011155275e-002
4.977723661224e-002
4.954770506451e-002
4.918074526995e-002
4.876758585145e-002
4.835565963292e-002
4.814708718391e-002
4.786392730506e-002
4.748142539374e-002
4.710485003689e-002
4.673664069914e-002
4.637736715243e-002
4.602838842906e-002
4.569014853408e-002
4.536467330531e-002
4.505068167519e-002
4.475010185326e-002
4.460342135581e-002
4.438693069115e-002
4.410364736376e-002
4.383481217479e-002
4.363833208145e-002
4.347461224700e-002
4.322793624690e-002
4.299507822950e-002
4.287291739002e-002
4.265057991790e-002
4.248304338226e-002
4.230726392795e-002
4.211047264683e-002
4.196793075234e-002
4.178400038175e-002
4.163318314473e-002
4.146303124669e-002
4.130685986567e-002
4.115066882645e-002
4.099060091421e-002
4.084853112896e-002
4.068529976502e-002
4.055750111534e-002
4.039304051337e-002
4.027530215857e-002
4.011393410593e-002
3.994481507838e-002
3.984869638757e-002
3.968139162657e-002
3.951143460853e-002
3.943416311065e-002
3.926707665937e-002
3.909802299149e-002
3.899989264198e-002
3.887466954181e-002
3.870924117991e-002
3.854363273847e-002
3.837786835615e-002
3.830363572878e-002
3.818926789289e-002
3.803169957021e-002
3.787498083237e-002
3.772072269827e-002
3.756780890661e-002
3.741780935742e-002
3.727119012485e-002
3.712683928501e-002
3.698626431470e-002
3.694086120727e-002
3.682275549564e-002
3.668564398613e-002
3.655264187569e-002
3.642416545772e-002
3.636825975678e-002
3.625551081246e-002
3.613318061968e-002
3.601563152377e-002
3.596299988918e-002
3.584807497599e-002
3.573824979862e-002
3.567834196254e-002
3.557151979365e-002
3.548191608876e-002
3.540455252253e-002
3.530694678857e-002
3.523737781210e-002
3.514445273064e-002
3.507094743536e-002
3.498261973360e-002
3.490617562849e-002
3.482326737586e-002
3.474348812567e-002
3.466589506711e-002
3.458418917659e-002
3.451224978508e-002
3.442864555356e-002
3.436268829686e-002
3.427764967502e-002
3.421711695908e-002
3.413152995846e-002
3.405072653768e-002
3.399060426878e-002
3.390234230913e-002
3.384619343449e-002
3.376765809637e-002
3.367806991594e-002
3.361763787831e-002
3.355029174384e-002
3.346107668950e-002
3.337069814110e-002
3.334123867480e-002
3.325277529187e-002
3.316357420337e-002
3.307405933168e-002
3.298383473308e-002
3.296156162029e-002
3.288083396802e-002
3.279371248219e-002
3.270707389661e-002
3.262091395505e-002
3.253522845414e-002
3.245040486707e-002
3.236682222105e-002
3.228407653002e-002
3.220292855011e-002
3.212258957184e-002
3.205869593120e-002
3.203008757161e-002
3.195102557319e-002
3.187350192711e-002
3.179824685577e-002
3.172597668793e-002
3.170134116397e-002
3.162841593132e-002
3.155768704347e-002
3.150568491667e-002
3.145936592129e-002
3.139198000525e-002
3.132998816093e-002
3.129291537454e-002
3.122916113129e-002
3.117972123441e-002
3.113044408976e-002
3.107095287729e-002
3.103130448134e-002
3.097362788866e-002
3.092573419793e-002
3.087587612451e-002
3.082301884150e-002
3.077876393507e-002
3.072799888923e-002
3.068228472577e-002
3.063393316659e-002
3.058677816691e-002
3.054115407112e-002
3.049223117161e-002
3.044964268806e-002
3.039965623674e-002
3.035665398967e-002
3.030902155315e-002
3.025680469078e-002
3.022029628039e-002
3.016772294576e-002
3.013412174765e-002
3.008118974730e-002
3.002711747031e-002
2.999749675781e-002
2.994340431365e-002
2.988819366158e-002
2.986280822959e-002
2.980823283335e-002
2.975255603401e-002
2.971599236250e-002
2.967626978463e-002
2.962077768516e-002
2.956453202567e-002
2.951911547428e-002
2.949405337475e-002
2.943862367550e-002
2.938277191245e-002
2.932713879986e-002
2.927109092289e-002
2.921526397301e-002
2.916059726186e-002
2.915589450665e-002
2.910208134157e-002
2.904847291530e-002
2.899506800790e-002
2.894217414467e-002
2.891842141904e-002
2.888578859977e-002
2.883269228092e-002
2.878010212162e-002
2.872862159722e-002
2.867793652765e-002
2.862803922781e-002
2.858614322460e-002
2.856629438017e-002
2.851739524259e-002
2.846956356140e-002
2.842278913272e-002
2.840614354353e-002
2.835958333017e-002
2.831436033997e-002
2.828341078535e-002
2.824988718452e-002
2.820648716265e-002
2.817373502596e-002
2.814193524967e-002
2.810061864594e-002
2.807623654318e-002
2.803598543507e-002
2.799700610650e-002
2.797079398824e-002
2.793286159788e-002
2.790534078375e-002
2.786873297774e-002
2.783592725529e-002
2.780433780794e-002
2.777055338833e-002
2.774024775872e-002
2.770775197457e-002
2.767674216022e-002
2.764580357081e-002
2.761353456006e-002
2.758413904871e-002
2.755118070195e-002
2.752080790436e-002
2.748994838958e-002
2.745528163183e-002
2.742954773851e-002
2.739476134989e-002
2.737051975439e-002
2.733533774385e-002
2.729915336682e-002
2.727727123721e-002
2.724097173865e-002
2.721292811914e-002
2.718467225657e-002
2.714754231453e-002
2.711969552580e-002
2.709298532018e-002
2.705530526129e-002
2.701719651570e-002
2.700326871392e-002
2.696557690148e-002
2.692719427667e-002
2.688865807779e-002
2.687804728315e-002
2.684018375704e-002
2.680216572446e-002
2.676373212740e-002
2.672514917169e-002
2.668850926270e-002
2.668119362243e-002
2.664363510135e-002
2.660592498512e-002
2.656832398335e-002
2.653083160658e-002
2.649344736840e-002
2.645617078540e-002
2.641925735202e-002
2.638270440333e-002
2.634650931177e-002
2.631066948658e-002
2.630356422320e-002
2.626936170793e-002
2.623373605612e-002
2.619846068632e-002
2.616378404205e-002
2.612970164584e-002
2.612019484085e-002
2.608597892668e-002
2.605260077835e-002
2.601980604661e-002
2.600790159717e-002
2.597522167680e-002
2.594336544897e-002
2.591774096862e-002
2.589806498856e-002
2.586713712369e-002
2.583946433051e-002
2.582137506654e-002
2.579209603952e-002
2.576993794165e-002
2.574611880810e-002
2.571798276680e-002
2.569982475473e-002
2.567227465198e-002
2.564912128773e-002
2.562649155277e-002
2.560054169181e-002
2.558039551782e-002
2.555549742202e-002
2.553422963658e-002
2.551013799523e-002
2.548847135256e-002
2.546517999819e-002
2.544264305848e-002
2.542038336584e-002
2.539721871449e-002
2.537598295415e-002
2.535219480006e-002
2.533221028442e-002
2.530803676721e-002
2.528882544003e-002
2.526426894834e-002
2.524046058585e-002
2.522135367624e-002
2.519576872205e-002
2.517928287721e-002
2.515355325040e-002
2.512718395720e-002
2.511217404221e-002
2.508566276028e-002
2.506403500150e-002
2.504542877444e-002
2.501860275183e-002
2.499412075867e-002
2.497950064058e-002
2.495213483138e-002
2.492460275007e-002
2.491415223780e-002
2.488738517486e-002
2.485977227607e-002
2.483177057892e-002
2.481666734550e-002
2.479663374945e-002
2.476877661970e-002
2.474098314528e-002
2.471280636202e-002
2.468469483897e-002
2.467133126914e-002
2.465309152496e-002
2.462556155594e-002
2.459787283606e-002
2.457046816495e-002
2.454290531062e-002
2.451540530979e-002
2.448818719295e-002
2.446103049677e-002
2.443415327580e-002
2.440755385658e-002
2.438101328145e-002
2.437080429253e-002
2.435084588895e-002
2.432443053055e-002
2.429828919696e-002
2.427242027821e-002
2.424703706763e-002
2.423500967671e-002
2.421506239784e-002
2.419001480343e-002
2.416523324277e-002
2.414710708434e-002
2.413241322308e-002
2.410817619388e-002
2.408462448160e-002
2.407466622337e-002
2.405118097439e-002
2.402837511436e-002
2.401635639908e-002
2.399445896878e-002
2.397260207607e-002
2.396022047076e-002
2.393842688124e-002
2.391730047210e-002
2.390414178753e-002
2.388349354759e-002
2.386933189889e-002
2.384916022276e-002
2.382964542674e-002
2.381492701809e-002
2.379567588938e-002
2.378038035545e-002
2.376180457158e-002
2.374593533448e-002
2.372782540058e-002
2.371138614864e-002
2.369414980999e-002
2.367714363967e-002
2.366036668586e-002
2.364300140219e-002
2.362708895529e-002
2.360916253663e-002
2.359390612201e-002
2.357582779257e-002
2.356122319233e-002
2.354279085609e-002
2.352782349040e-002
2.351025140823e-002
2.349109390441e-002
2.347840691902e-002
2.345890015756e-002
2.344404081598e-002
2.342739696972e-002
2.340757600455e-002
2.339677890659e-002
2.337681094548e-002
2.335647921968e-002
2.334672477186e-002
2.332644608416e-002
2.330580653861e-002
2.329233147290e-002
2.327669645287e-002
2.325575123887e-002
2.323484422489e-002
2.322775240049e-002
2.320689639294e-002
2.318588211994e-002
2.316471055539e-002
2.314768417820e-002
2.313830117552e-002
2.311721759706e-002
2.309617294372e-002
2.307477847380e-002
2.305342415406e-002
2.303210986913e-002
2.301412075712e-002
2.300871025877e-002
2.298786532958e-002
2.296686617664e-002
2.294590587716e-002
2.292517608624e-002
2.290429281011e-002
2.288363912110e-002
2.286302314832e-002
2.284853816401e-002
2.284073161730e-002
2.282000389264e-002
2.279950389562e-002
2.277923048489e-002
2.275918253477e-002
2.273935893513e-002
2.272107677051e-002
2.271505207261e-002
2.269530624817e-002
2.267597029615e-002
2.265685493603e-002
2.264674825021e-002
2.263160533531e-002
2.261293864933e-002
2.259448932814e-002
2.258722978293e-002
2.256882290868e-002
2.255081733628e-002
2.253932385453e-002
2.252488115488e-002
2.250750073659e-002
2.249568279397e-002
2.248111234024e-002
2.246435232279e-002
2.245460264922e-002
2.243806621543e-002
2.242192108550e-002
2.241129283273e-002
2.239555246315e-002
2.238458406002e-002
2.236906409501e-002
2.235393031544e-002
2.234245706170e-002
2.232772324234e-002
2.231573244441e-002
2.230139695297e-002
2.228907246439e-002
2.227513342903e-002
2.226247688292e-002
2.224893244203e-002
2.223576519582e-002
2.222297381849e-002
2.220929813419e-002
2.219689679706e-002
2.218307416074e-002
2.217124004554e-002
2.215709175771e-002
2.214582203523e-002
2.213152798405e-002
2.211760924966e-002
2.210602382917e-002
2.209124797889e-002
2.208111227814e-002
2.206601510391e-002
2.205306595728e-002
2.204137173769e-002
2.202597578736e-002
2.201713738208e-002
2.200159920477e-002
2.198590700666e-002
2.197780530521e-002
2.196214740947e-002
2.194598542354e-002
2.193791345002e-002
2.192283846867e-002
2.190656001930e-002
2.189117925346e-002
2.188419521506e-002
2.186797473350e-002
2.185143051294e-002
2.183560661334e-002
2.182987400087e-002
2.181338800709e-002
2.179675403593e-002
2.178014569776e-002
2.176321772955e-002
2.176011140275e-002
2.174338717549e-002
2.172686093541e-002
2.171001657698e-002
2.169337008289e-002
2.167657816397e-002
2.165981250525e-002
2.164307304411e-002
2.162635971815e-002
2.160967246514e-002
2.159301122308e-002
2.157654554722e-002
2.155993587799e-002
2.154369022351e-002
2.152746929485e-002
2.151127303464e-002
2.149526971372e-002
2.147945851664e-002
2.147290544933e-002
2.146065030564e-002
2.144472298356e-002
2.142915409742e-002
2.141377507837e-002
2.139408243535e-002
2.137892071252e-002
2.136394694352e-002
2.135281355799e-002
2.134368297015e-002
2.132909042784e-002
2.131468351323e-002
2.130839700578e-002
2.129401830981e-002
2.127998907898e-002
2.127306387968e-002
2.125922713207e-002
2.124557295556e-002
2.123817749306e-002
2.122471468151e-002
2.121143296638e-002
2.120357024036e-002
2.119047877295e-002
2.118034411105e-002
2.116940313956e-002
2.115684327839e-002
2.114804403997e-002
2.113583513173e-002
2.112656587882e-002
2.111470671518e-002
2.110415849660e-002
2.109345888235e-002
2.108228463036e-002
2.107225419115e-002
2.106142567552e-002
2.105109250828e-002
2.104060835989e-002
2.102997370099e-002
2.101983255698e-002
2.100905836149e-002
2.099909814081e-002
2.098818498665e-002
2.097824473472e-002
2.096735344834e-002
2.095583393630e-002
2.094688314724e-002
2.093522673847e-002
2.092661261367e-002
2.091481968913e-002
2.090574509458e-002
2.089461172592e-002
2.088237883872e-002
2.087476045652e-002
2.086255101574e-002
2.085146402843e-002
2.084291933385e-002
2.083043149010e-002
2.082111497411e-002
2.081117611217e-002
2.079841163964e-002
2.078865197603e-002
2.077968753517e-002
2.076664799638e-002
2.075346816068e-002
2.074845171113e-002
2.073529516866e-002
2.072215545461e-002
2.071043776082e-002
2.070450589914e-002
2.069124966737e-002
2.067785490236e-002
2.066432218000e-002
2.065872765989e-002
2.064770297757e-002
2.063436502816e-002
2.062088966733e-002
2.060727747205e-002
2.059368339805e-002
2.058010740864e-002
2.057856582524e-002
2.056516387546e-002
2.055177952655e-002
2.053825920416e-002
2.052491015294e-002
2.051157859704e-002
2.049811156739e-002
2.048481509774e-002
2.047153601872e-002
2.045842663087e-002
2.044518203057e-002
2.043210665784e-002
2.042967589143e-002
2.041753080528e-002
2.040433954656e-002
2.039131679835e-002
2.037846194271e-002
2.036577437082e-002
2.035385654308e-002
2.035008800849e-002
2.033743603532e-002
2.032495025571e-002
2.031247992841e-002
2.030512517017e-002
2.029627656529e-002
2.028414114162e-002
2.027216989452e-002
2.026648854268e-002
2.025558337217e-002
2.024379521243e-002
2.023365951695e-002
2.022695769713e-002
2.021550051685e-002
2.020420495811e-002
2.019856195057e-002
2.018728546553e-002
2.017750302342e-002
2.017024648227e-002
2.015944547212e-002
2.015249756707e-002
2.014215857022e-002
2.013183026402e-002
2.012490153452e-002
2.011459105950e-002
2.010738006227e-002
2.009738159607e-002
2.008753996618e-002
2.008005508756e-002
2.007037711758e-002
2.006261222041e-002
000000000000
000000000000
