  2.1058195e-002
  2.1036901e-002
  2.1015811e-002
  2.0994764e-002
  2.0973919e-002
  2.0953276e-002
  2.0932833e-002
  2.0921033e-002
  2.0900654e-002
  2.0880632e-002
  2.0868416e-002
  2.0848615e-002
  2.0835962e-002
  2.0816697e-002
  2.0803768e-002
  2.0784877e-002
  2.0771830e-002
  2.0753311e-002
  2.0740149e-002
  2.0726846e-002
  2.0709033e-002
  2.0695615e-002
  2.0682214e-002
  2.0668520e-002
  2.0651739e-002
  2.0638241e-002
  2.0624605e-002
  2.0610988e-002
  2.0597235e-002
  2.0583500e-002
  2.0568397e-002
  2.0554855e-002
  2.0541330e-002
  2.0527671e-002
  2.0514182e-002
  2.0500712e-002
  2.0487259e-002
  2.0473824e-002
  2.0460560e-002
  2.0447160e-002
  2.0432562e-002
  2.0419200e-002
  2.0406006e-002
  2.0392830e-002
  2.0379822e-002
  2.0366831e-002
  2.0351143e-002
  2.0338339e-002
  2.0325702e-002
  2.0313231e-002
  2.0296726e-002
  2.0284441e-002
  2.0272319e-002
  2.0255583e-002
  2.0243795e-002
  2.0226809e-002
  2.0215203e-002
  2.0197968e-002
  2.0186692e-002
  2.0169358e-002
  2.0158410e-002
  2.0141125e-002
  2.0123575e-002
  2.0113266e-002
  2.0095765e-002
  2.0078295e-002
  0.0000000e+000
  0.0000000e+000
  0.0000000e+000
 -2.2325085e-002
 -2.2351468e-002
 -2.2377914e-002
 -2.2404241e-002
 -2.2420177e-002
 -2.2446604e-002
 -2.2463153e-002
 -2.2489499e-002
 -2.2515353e-002
 -2.2532745e-002
 -2.2558514e-002
 -2.2576532e-002
 -2.2594766e-002
 -2.2620119e-002
 -2.2638797e-002
 -2.2657695e-002
 -2.2682628e-002
 -2.2701787e-002
 -2.2721356e-002
 -2.2741148e-002
 -2.2764945e-002
 -2.2784813e-002
 -2.2804907e-002
 -2.2825227e-002
 -2.2845774e-002
 -2.2866358e-002
 -2.2887171e-002
 -2.2908598e-002
 -2.2929105e-002
 -2.2949650e-002
 -2.2971387e-002
 -2.2992395e-002
 -2.3013635e-002
 -2.3034914e-002
 -2.3056040e-002
 -2.3077010e-002
 -2.3098214e-002
 -2.3123360e-002
 -2.3144650e-002
 -2.3165785e-002
 -2.3186762e-002
 -2.3214071e-002
 -2.3235137e-002
 -2.3255847e-002
 -2.3284508e-002
 -2.3305110e-002
 -2.3325351e-002
 -2.3354983e-002
 -2.3375112e-002
 -2.3405473e-002
 -2.3436716e-002
 -2.3456185e-002
 -2.3487968e-002
 -2.3520243e-002
 -2.3539044e-002
 -2.3571462e-002
 -2.3604377e-002
 -2.3637794e-002
 -2.3671511e-002
 -2.3705327e-002
 -2.3739241e-002
 -2.3773459e-002
 -2.3807365e-002
 -2.3841368e-002
 -2.3875262e-002
 -2.3895687e-002
 -2.3929529e-002
 -2.3963259e-002
 -2.3984888e-002
 -2.4018566e-002
 -2.4040931e-002
 -2.4064184e-002
 -2.4097452e-002
 -2.4121242e-002
 -2.4154031e-002
 -2.4178148e-002
 -2.4202957e-002
 -2.4234899e-002
 -2.4260041e-002
 -2.4285452e-002
 -2.4311349e-002
 -2.4337519e-002
 -2.4367653e-002
 -2.4393947e-002
 -2.4420298e-002
 -2.4446926e-002
 -2.4473831e-002
 -2.4501017e-002
 -2.4528264e-002
 -2.4555573e-002
 -2.4582944e-002
 -2.4610377e-002
 -2.4637872e-002
 -2.4665208e-002
 -2.4696843e-002
 -2.4724983e-002
 -2.4752739e-002
 -2.4780560e-002
 -2.4815200e-002
 -2.4843163e-002
 -2.4870965e-002
 -2.4898376e-002
 -2.4935627e-002
 -2.4962728e-002
 -2.5001548e-002
 -2.5028566e-002
 -2.5068745e-002
 -2.5095220e-002
 -2.5136542e-002
 -2.5162468e-002
 -2.5204481e-002
 -2.5247338e-002
 -2.5291046e-002
 -2.5315421e-002
 -2.5359370e-002
 -2.5403947e-002
 -2.5448922e-002
 -2.5494059e-002
 -2.5539599e-002
 -2.5585066e-002
 -2.5630457e-002
 -2.5656951e-002
 -2.5703088e-002
 -2.5748665e-002
 -2.5777357e-002
 -2.5823204e-002
 -2.5853289e-002
 -2.5898676e-002
 -2.5929927e-002
 -2.5975094e-002
 -2.6007278e-002
 -2.6051229e-002
 -2.6084354e-002
 -2.6118065e-002
 -2.6160895e-002
 -2.6195060e-002
 -2.6229822e-002
 -2.6265184e-002
 -2.6301151e-002
 -2.6337218e-002
 -2.6373897e-002
 -2.6413239e-002
 -2.6449622e-002
 -2.6486108e-002
 -2.6523213e-002
 -2.6560166e-002
 -2.6597224e-002
 -2.6638293e-002
 -2.6676619e-002
 -2.6714797e-002
 -2.6753087e-002
 -2.6790962e-002
 -2.6828683e-002
 -2.6876320e-002
 -2.6914554e-002
 -2.6952366e-002
 -2.7003399e-002
 -2.7041199e-002
 -2.7094464e-002
 -2.7131985e-002
 -2.7169072e-002
 -2.7224488e-002
 -2.7281777e-002
 -2.7317914e-002
 -2.7376434e-002
 -2.7436595e-002
 -2.7497861e-002
 -2.7531802e-002
 -2.7593506e-002
 -2.7656057e-002
 -2.7719183e-002
 -2.7782605e-002
 -2.7846612e-002
 -2.7910636e-002
 -2.7947644e-002
 -2.8012724e-002
 -2.8077247e-002
 -2.8117911e-002
 -2.8182642e-002
 -2.8246506e-002
 -2.8290032e-002
 -2.8334584e-002
 -2.8398269e-002
 -2.8444662e-002
 -2.8506764e-002
 -2.8554424e-002
 -2.8602852e-002
 -2.8652356e-002
 -2.8712359e-002
 -2.8762256e-002
 -2.8813249e-002
 -2.8865043e-002
 -2.8917338e-002
 -2.8970138e-002
 -2.9023448e-002
 -2.9077273e-002
 -2.9131304e-002
 -2.9185857e-002
 -2.9240307e-002
 -2.9294966e-002
 -2.9349520e-002
 -2.9414815e-002
 -2.9470793e-002
 -2.9526348e-002
 -2.9581475e-002
 -2.9654010e-002
 -2.9709631e-002
 -2.9764487e-002
 -2.9842231e-002
 -2.9896936e-002
 -2.9978055e-002
 -3.0062303e-002
 -3.0115837e-002
 -3.0202914e-002
 -3.0254938e-002
 -3.0343875e-002
 -3.0434384e-002
 -3.0527179e-002
 -3.0621258e-002
 -3.0716639e-002
 -3.0812640e-002
 -3.0909268e-002
 -3.1006172e-002
 -3.1102635e-002
 -3.1162252e-002
 -3.1260093e-002
 -3.1323616e-002
 -3.1421419e-002
 -3.1488937e-002
 -3.1585600e-002
 -3.1656088e-002
 -3.1728399e-002
 -3.1823598e-002
 -3.1898223e-002
 -3.1974734e-002
 -3.2052773e-002
 -3.2143877e-002
 -3.2223170e-002
 -3.2303261e-002
 -3.2384940e-002
 -3.2467444e-002
 -3.2550784e-002
 -3.2634971e-002
 -3.2720013e-002
 -3.2805121e-002
 -3.2903995e-002
 -3.2992138e-002
 -3.3080780e-002
 -3.3168693e-002
 -3.3256273e-002
 -3.3372145e-002
 -3.3460862e-002
 -3.3584554e-002
 -3.3673618e-002
 -3.3805377e-002
 -3.3893536e-002
 -3.4031448e-002
 -3.4117810e-002
 -3.4261172e-002
 -3.4408912e-002
 -3.4561136e-002
 -3.4717049e-002
 -3.4876283e-002
 -3.5037532e-002
 -3.5200836e-002
 -3.5364824e-002
 -3.5529021e-002
 -3.5632709e-002
 -3.5799569e-002
 -3.5911737e-002
 -3.6079440e-002
 -3.6198421e-002
 -3.6365013e-002
 -3.6490534e-002
 -3.6620523e-002
 -3.6754565e-002
 -3.6917425e-002
 -3.7055364e-002
 -3.7196503e-002
 -3.7340910e-002
 -3.7488119e-002
 -3.7638190e-002
 -3.7790639e-002
 -3.7944969e-002
 -3.8101212e-002
 -3.8258292e-002
 -3.8448753e-002
 -3.8612914e-002
 -3.8776879e-002
 -3.8940626e-002
 -3.9164219e-002
 -3.9331535e-002
 -3.9574974e-002
 -3.9743113e-002
 -4.0004372e-002
 -4.0280572e-002
 -4.0446540e-002
 -4.0735828e-002
 -4.1037433e-002
 -4.1349225e-002
 -4.1670264e-002
 -4.1998862e-002
 -4.2331822e-002
 -4.2539300e-002
 -4.2886799e-002
 -4.3119081e-002
 -4.3475703e-002
 -4.3731480e-002
 -4.4091130e-002
 -4.4368087e-002
 -4.4658289e-002
 -4.4962240e-002
 -4.5321520e-002
 -4.5638937e-002
 -4.5968011e-002
 -4.6308353e-002
 -4.6657827e-002
 -4.7016766e-002
 -4.7382853e-002
 -4.7831622e-002
 -4.8228869e-002
 -4.8629857e-002
 -4.9033642e-002
 -4.9608302e-002
 -5.0030795e-002
 -5.0683177e-002
 -5.1399003e-002
 -5.1842926e-002
 -5.2629612e-002
 -5.3476790e-002
 -5.4380042e-002
 -5.5336614e-002
 -5.6339112e-002
 -5.6995200e-002
 -5.8096831e-002
 -5.9220246e-002
 -6.0071920e-002
 -6.1007333e-002
 -6.2032364e-002
 -6.3301273e-002
 -6.4458016e-002
 -6.5702853e-002
 -6.7042193e-002
 -6.8474956e-002
 -7.0313102e-002
 -7.2056422e-002
 -7.3884951e-002
 -7.6688639e-002
 -7.8844008e-002
 -8.2583887e-002
 -8.7159086e-002
 -9.2710972e-002
 -9.9333342e-002
 -1.0698093e-001
 -1.1310968e-001
 -1.2261408e-001
 -1.3125452e-001
 -1.4129526e-001
 -1.5236855e-001
 -1.6745395e-001
 -1.7833438e-001
 -1.8875596e-001
 -1.8328378e-001
 -1.5908022e-001
 -1.3227488e-001
 -9.8178077e-002
 -6.0293333e-002
 -2.1116419e-002
  1.8455723e-002
  5.8245416e-002
  9.7371059e-002
  1.3298714e-001
  1.7035972e-001
  1.8498609e-001
  1.8773443e-001
  1.8051668e-001
  1.6286689e-001
  1.4959308e-001
  1.3703498e-001
  1.2625623e-001
  1.1495074e-001
  1.0764169e-001
  1.0198491e-001
  9.4656073e-002
  8.8526612e-002
  8.3515404e-002
  7.9460245e-002
  7.7171163e-002
  7.4171059e-002
  7.2241795e-002
  7.0412282e-002
  6.8688070e-002
  6.7080411e-002
  6.5591797e-002
  6.4221638e-002
  6.2965405e-002
  6.1818879e-002
  6.0775106e-002
  5.9826523e-002
  5.8616303e-002
  5.7819000e-002
  5.6699771e-002
  5.5618609e-002
  5.5035392e-002
  5.4074927e-002
  5.3171519e-002
  5.2329643e-002
  5.1550876e-002
  5.1100974e-002
  5.0397524e-002
  4.9758348e-002
  4.9336145e-002
  4.8912397e-002
  4.8376163e-002
  4.7978021e-002
  4.7585388e-002
  4.7198143e-002
  4.6819639e-002
  4.6450428e-002
  4.6091021e-002
  4.5744354e-002
  4.5409119e-002
  4.5087277e-002
  4.4778312e-002
  4.4407705e-002
  4.4116540e-002
  4.3841545e-002
  4.3473143e-002
  4.3220685e-002
  4.2858680e-002
  4.2631580e-002
  4.2281691e-002
  4.2081743e-002
  4.1749038e-002
  4.1423372e-002
  4.1105816e-002
  4.0799284e-002
  4.0505243e-002
  4.0223214e-002
  4.0055547e-002
  3.9788726e-002
  3.9618970e-002
  3.9370217e-002
  3.9201373e-002
  3.9030030e-002
  3.8806940e-002
  3.8640430e-002
  3.8473205e-002
  3.8306421e-002
  3.8140636e-002
  3.7961086e-002
  3.7804449e-002
  3.7649733e-002
  3.7497436e-002
  3.7347510e-002
  3.7185794e-002
  3.7037486e-002
  3.6893008e-002
  3.6752279e-002
  3.6616233e-002
  3.6484770e-002
  3.6314524e-002
  3.6188810e-002
  3.6016608e-002
  3.5898410e-002
  3.5725771e-002
  3.5616264e-002
  3.5446020e-002
  3.5275161e-002
  3.5179703e-002
  3.5014768e-002
  3.4851464e-002
  3.4691118e-002
  3.4534111e-002
  3.4381253e-002
  3.4232448e-002
  3.4145472e-002
  3.4001401e-002
  3.3911791e-002
  3.3774046e-002
  3.3642121e-002
  3.3552392e-002
  3.3461494e-002
  3.3339581e-002
  3.3249066e-002
  3.3158246e-002
  3.3066725e-002
  3.2959134e-002
  3.2870772e-002
  3.2782106e-002
  3.2693940e-002
  3.2606271e-002
  3.2519092e-002
  3.2433183e-002
  3.2348137e-002
  3.2264330e-002
  3.2181746e-002
  3.2100752e-002
  3.2006098e-002
  3.1926402e-002
  3.1848250e-002
  3.1772370e-002
  3.1673767e-002
  3.1600603e-002
  3.1529267e-002
  3.1429664e-002
  3.1361681e-002
  3.1261729e-002
  3.1197746e-002
  3.1098160e-002
  3.0997811e-002
  3.0940263e-002
  3.0842378e-002
  3.0744435e-002
  3.0647483e-002
  3.0551511e-002
  3.0457190e-002
  3.0364494e-002
  3.0274077e-002
  3.0221309e-002
  3.0132444e-002
  3.0077846e-002
  2.9991846e-002
  2.9908997e-002
  2.9853588e-002
  2.9797080e-002
  2.9718275e-002
  2.9661646e-002
  2.9587456e-002
  2.9531341e-002
  2.9474805e-002
  2.9417853e-002
  2.9360811e-002
  2.9295763e-002
  2.9240154e-002
  2.9184449e-002
  2.9129275e-002
  2.9074005e-002
  2.9019261e-002
  2.8965039e-002
  2.8911334e-002
  2.8858141e-002
  2.8805761e-002
  2.8754186e-002
  2.8693699e-002
  2.8642234e-002
  2.8591863e-002
  2.8542573e-002
  2.8479415e-002
  2.8431417e-002
  2.8384475e-002
  2.8319673e-002
  2.8274581e-002
  2.8209122e-002
  2.8165851e-002
  2.8100328e-002
  2.8059427e-002
  2.7994123e-002
  2.7928271e-002
  2.7891029e-002
  2.7826243e-002
  2.7761766e-002
  2.7697595e-002
  2.7634009e-002
  2.7571281e-002
  2.7509123e-002
  2.7448082e-002
  2.7388421e-002
  2.7352917e-002
  2.7294227e-002
  2.7257881e-002
  2.7200695e-002
  2.7163249e-002
  2.7107818e-002
  2.7070095e-002
  2.7016929e-002
  2.6978930e-002
  2.6940509e-002
  2.6901402e-002
  2.6852087e-002
  2.6813507e-002
  2.6774777e-002
  2.6735637e-002
  2.6696352e-002
  2.6652754e-002
  2.6614758e-002
  2.6576613e-002
  2.6538580e-002
  2.6500658e-002
  2.6462847e-002
  2.6425402e-002
  2.6388321e-002
  2.6351601e-002
  2.6310669e-002
  2.6273664e-002
  2.6237521e-002
  2.6201732e-002
  2.6166545e-002
  2.6122446e-002
  2.6087974e-002
  2.6053845e-002
  2.6020550e-002
  2.5975469e-002
  2.5943119e-002
  2.5897328e-002
  2.5866157e-002
  2.5819665e-002
  2.5789903e-002
  2.5743448e-002
  2.5715076e-002
  2.5668654e-002
  2.5622163e-002
  2.5575604e-002
  2.5528978e-002
  2.5504658e-002
  2.5459245e-002
  2.5413997e-002
  2.5369148e-002
  2.5324695e-002
  2.5281102e-002
  2.5256094e-002
  2.5212742e-002
  2.5170468e-002
  2.5144294e-002
  2.5102716e-002
  2.5075995e-002
  2.5035333e-002
  2.5008301e-002
  2.4969003e-002
  2.4941433e-002
  2.4913698e-002
  2.4876287e-002
  2.4848248e-002
  2.4820047e-002
  2.4784944e-002
  2.4756889e-002
  2.4728899e-002
  2.4700527e-002
  2.4672222e-002
  2.4643982e-002
  2.4615586e-002
  2.4585489e-002
  2.4557671e-002
  2.4530138e-002
  2.4502667e-002
  2.4475477e-002
  2.4446383e-002
  2.4418884e-002
  2.4391448e-002
  2.4364509e-002
  2.4337631e-002
  2.4311245e-002
  2.4285132e-002
  2.4253055e-002
  2.4227284e-002
  2.4201783e-002
  2.4176977e-002
  2.4143698e-002
  2.4119226e-002
  2.4085472e-002
  2.4061754e-002
  2.4038506e-002
  2.4004350e-002
  2.3969663e-002
  2.3947642e-002
  2.3912913e-002
  2.3891832e-002
  2.3857266e-002
  2.3822388e-002
  2.3802917e-002
  2.3768612e-002
  2.3734202e-002
  2.3700098e-002
  2.3665888e-002
  2.3632187e-002
  2.3598583e-002
  2.3565481e-002
  2.3546839e-002
  2.3513683e-002
  2.3481426e-002
  2.3461714e-002
  2.3429802e-002
  2.3398578e-002
  2.3378407e-002
  2.3347919e-002
  2.3327241e-002
  2.3306401e-002
  2.3276894e-002
  2.3255949e-002
  2.3227359e-002
  2.3206307e-002
  2.3185097e-002
  2.3163536e-002
  2.3136933e-002
  2.3115462e-002
  2.3094032e-002
  2.3072447e-002
  2.3050903e-002
  2.3026884e-002
  2.3005620e-002
  2.2984395e-002
  2.2963210e-002
  2.2942064e-002
  2.2920958e-002
  2.2899891e-002
  2.2879055e-002
  2.2858256e-002
  2.2837687e-002
  2.2814685e-002
  2.2794006e-002
  2.2773364e-002
  2.2753137e-002
  2.2733136e-002
  2.2708466e-002
  2.2688732e-002
  2.2669220e-002
  2.2643755e-002
  2.2624508e-002
  2.2605667e-002
  2.2579603e-002
  2.2561209e-002
  2.2534693e-002
  2.2516742e-002
  2.2489963e-002
  2.2472821e-002
  2.2445964e-002
  2.2429440e-002
  2.2402505e-002
  2.2375452e-002
  2.2359945e-002
  2.2333178e-002
  2.2306294e-002
  2.2279476e-002
  2.2252723e-002
  2.2226035e-002
  2.2199592e-002
  2.2173212e-002
  2.2147252e-002
  2.2121533e-002
  2.2096230e-002
  2.2081112e-002
  2.2056080e-002
  2.2040486e-002
  2.2015901e-002
  2.2000011e-002
  2.1975693e-002
  2.1952131e-002
  2.1935984e-002
  2.1919511e-002
  2.1896595e-002
  2.1880181e-002
  2.1863444e-002
  2.1841516e-002
  2.1824839e-002
  2.1808014e-002
  2.1791042e-002
  2.1770469e-002
  2.1753557e-002
  2.1736670e-002
  2.1719639e-002
  2.1702634e-002
  2.1684114e-002
  2.1667508e-002
  2.1650756e-002
  2.1634031e-002
  2.1617502e-002
  2.1600829e-002
  2.1584351e-002
  2.1567899e-002
  2.1551472e-002
  2.1533549e-002
  2.1517006e-002
  2.1500826e-002
  2.1484502e-002
  2.1468539e-002
  2.1449247e-002
  2.1433337e-002
  2.1417618e-002
  2.1402089e-002
  2.1386915e-002
  2.1366774e-002
  2.1351651e-002
  2.1336882e-002
  2.1316338e-002
  2.1301949e-002
  2.1281144e-002
  2.1266967e-002
  2.1245902e-002
  2.1232429e-002
  2.1211269e-002
  2.1198004e-002
  2.1176914e-002
  2.1155539e-002
  2.1143159e-002
  2.1122016e-002
  2.1100753e-002
  2.1079533e-002
  2.1058195e-002
