  2.0874126e-002
  2.0854472e-002
  2.0842129e-002
  2.0823009e-002
  2.0810230e-002
  2.0791484e-002
  2.0778744e-002
  2.0760370e-002
  2.0747355e-002
  2.0734200e-002
  2.0716529e-002
  2.0703414e-002
  2.0690159e-002
  2.0676610e-002
  2.0659815e-002
  2.0646462e-002
  2.0633125e-002
  2.0619497e-002
  2.0606041e-002
  2.0592294e-002
  2.0577179e-002
  2.0563778e-002
  2.0550242e-002
  2.0536877e-002
  2.0523377e-002
  2.0510047e-002
  2.0496735e-002
  2.0483288e-002
  2.0470011e-002
  2.0456751e-002
  2.0443661e-002
  2.0429068e-002
  2.0415862e-002
  2.0402673e-002
  2.0389804e-002
  2.0376800e-002
  2.0364114e-002
  2.0348430e-002
  2.0335780e-002
  2.0323297e-002
  2.0310828e-002
  2.0294628e-002
  2.0282494e-002
  2.0265891e-002
  2.0253941e-002
  2.0242155e-002
  2.0225320e-002
  2.0213865e-002
  2.0196781e-002
  2.0185654e-002
  2.0168470e-002
  2.0151168e-002
  2.0133600e-002
  2.0123133e-002
  2.0105762e-002
  2.0088127e-002
  2.0078295e-002
  0.0000000e+000
  0.0000000e+000
  0.0000000e+000
  0.0000000e+000
 -2.2325267e-002
 -2.2339815e-002
 -2.2366416e-002
 -2.2381932e-002
 -2.2408818e-002
 -2.2435402e-002
 -2.2451934e-002
 -2.2478437e-002
 -2.2504819e-002
 -2.2522196e-002
 -2.2548311e-002
 -2.2566127e-002
 -2.2591973e-002
 -2.2610232e-002
 -2.2629081e-002
 -2.2654325e-002
 -2.2673436e-002
 -2.2692767e-002
 -2.2717214e-002
 -2.2736810e-002
 -2.2756629e-002
 -2.2776672e-002
 -2.2799975e-002
 -2.2820096e-002
 -2.2840253e-002
 -2.2860637e-002
 -2.2881248e-002
 -2.2901898e-002
 -2.2922776e-002
 -2.2943694e-002
 -2.2964650e-002
 -2.2985645e-002
 -2.3006486e-002
 -2.3027559e-002
 -2.3048477e-002
 -2.3069433e-002
 -2.3094126e-002
 -2.3115362e-002
 -2.3136442e-002
 -2.3157366e-002
 -2.3184015e-002
 -2.3205223e-002
 -2.3226076e-002
 -2.3254070e-002
 -2.3275012e-002
 -2.3295597e-002
 -2.3324755e-002
 -2.3345229e-002
 -2.3375312e-002
 -2.3406273e-002
 -2.3426092e-002
 -2.3457792e-002
 -2.3477297e-002
 -2.3509138e-002
 -2.3541877e-002
 -2.3560308e-002
 -2.3593192e-002
 -2.3626372e-002
 -2.3659852e-002
 -2.3693634e-002
 -2.3727514e-002
 -2.3761492e-002
 -2.3795569e-002
 -2.3829539e-002
 -2.3849261e-002
 -2.3883595e-002
 -2.3904243e-002
 -2.3938738e-002
 -2.3972914e-002
 -2.3994982e-002
 -2.4028899e-002
 -2.4051918e-002
 -2.4075404e-002
 -2.4109129e-002
 -2.4133368e-002
 -2.4158083e-002
 -2.4190974e-002
 -2.4216238e-002
 -2.4241770e-002
 -2.4273817e-002
 -2.4299689e-002
 -2.4325833e-002
 -2.4352468e-002
 -2.4379380e-002
 -2.4406571e-002
 -2.4434041e-002
 -2.4461793e-002
 -2.4490267e-002
 -2.4517710e-002
 -2.4545215e-002
 -2.4574108e-002
 -2.4602406e-002
 -2.4630771e-002
 -2.4658980e-002
 -2.4687477e-002
 -2.4715595e-002
 -2.4743779e-002
 -2.4778089e-002
 -2.4806643e-002
 -2.4834813e-002
 -2.4862821e-002
 -2.4899964e-002
 -2.4927895e-002
 -2.4955663e-002
 -2.4994689e-002
 -2.5022150e-002
 -2.5062537e-002
 -2.5089460e-002
 -2.5130994e-002
 -2.5157371e-002
 -2.5199600e-002
 -2.5243139e-002
 -2.5268355e-002
 -2.5312137e-002
 -2.5356545e-002
 -2.5401585e-002
 -2.5447025e-002
 -2.5492869e-002
 -2.5538644e-002
 -2.5584826e-002
 -2.5630938e-002
 -2.5676979e-002
 -2.5722462e-002
 -2.5750608e-002
 -2.5796602e-002
 -2.5841785e-002
 -2.5871915e-002
 -2.5916876e-002
 -2.5947925e-002
 -2.5979793e-002
 -2.6024393e-002
 -2.6057200e-002
 -2.6090590e-002
 -2.6134078e-002
 -2.6168172e-002
 -2.6202861e-002
 -2.6238148e-002
 -2.6279356e-002
 -2.6314855e-002
 -2.6350706e-002
 -2.6386913e-002
 -2.6423478e-002
 -2.6460403e-002
 -2.6497435e-002
 -2.6534830e-002
 -2.6572334e-002
 -2.6609947e-002
 -2.6647408e-002
 -2.6684978e-002
 -2.6728946e-002
 -2.6767277e-002
 -2.6805721e-002
 -2.6843750e-002
 -2.6892237e-002
 -2.6930518e-002
 -2.6968643e-002
 -2.7020275e-002
 -2.7058392e-002
 -2.7095812e-002
 -2.7150110e-002
 -2.7206534e-002
 -2.7243557e-002
 -2.7301203e-002
 -2.7337392e-002
 -2.7396549e-002
 -2.7457078e-002
 -2.7518995e-002
 -2.7581758e-002
 -2.7645659e-002
 -2.7709865e-002
 -2.7741234e-002
 -2.7805044e-002
 -2.7840055e-002
 -2.7905480e-002
 -2.7970646e-002
 -2.8035547e-002
 -2.8075797e-002
 -2.8141202e-002
 -2.8205751e-002
 -2.8248855e-002
 -2.8312733e-002
 -2.8357951e-002
 -2.8404208e-002
 -2.8467619e-002
 -2.8515145e-002
 -2.8564036e-002
 -2.8613703e-002
 -2.8675054e-002
 -2.8725425e-002
 -2.8776893e-002
 -2.8829165e-002
 -2.8881941e-002
 -2.8938311e-002
 -2.8991190e-002
 -2.9044269e-002
 -2.9099423e-002
 -2.9154793e-002
 -2.9210381e-002
 -2.9265873e-002
 -2.9321583e-002
 -2.9377512e-002
 -2.9433024e-002
 -2.9501916e-002
 -2.9558238e-002
 -2.9614458e-002
 -2.9669926e-002
 -2.9745525e-002
 -2.9801174e-002
 -2.9881096e-002
 -2.9935948e-002
 -3.0019285e-002
 -3.0073663e-002
 -3.0159815e-002
 -3.0248510e-002
 -3.0339790e-002
 -3.0391280e-002
 -3.0483458e-002
 -3.0577602e-002
 -3.0673049e-002
 -3.0769468e-002
 -3.0866519e-002
 -3.0963854e-002
 -3.1061115e-002
 -3.1120926e-002
 -3.1219218e-002
 -3.1282930e-002
 -3.1381929e-002
 -3.1479378e-002
 -3.1547894e-002
 -3.1618577e-002
 -3.1715328e-002
 -3.1788298e-002
 -3.1863504e-002
 -3.1940976e-002
 -3.2034465e-002
 -3.2113193e-002
 -3.2193098e-002
 -3.2274581e-002
 -3.2357276e-002
 -3.2441198e-002
 -3.2525971e-002
 -3.2611606e-002
 -3.2698112e-002
 -3.2785101e-002
 -3.2872174e-002
 -3.2959330e-002
 -3.3065293e-002
 -3.3155577e-002
 -3.3244733e-002
 -3.3333980e-002
 -3.3421649e-002
 -3.3543356e-002
 -3.3631768e-002
 -3.3761053e-002
 -3.3848968e-002
 -3.3984770e-002
 -3.4126080e-002
 -3.4212076e-002
 -3.4358485e-002
 -3.4508900e-002
 -3.4662963e-002
 -3.4820762e-002
 -3.4981007e-002
 -3.5143751e-002
 -3.5307174e-002
 -3.5404781e-002
 -3.5573176e-002
 -3.5740403e-002
 -3.5850726e-002
 -3.5966642e-002
 -3.6137351e-002
 -3.6260702e-002
 -3.6429408e-002
 -3.6558932e-002
 -3.6692491e-002
 -3.6830682e-002
 -3.6973088e-002
 -3.7136470e-002
 -3.7281426e-002
 -3.7429192e-002
 -3.7579825e-002
 -3.7733383e-002
 -3.7888841e-002
 -3.8063807e-002
 -3.8228872e-002
 -3.8394927e-002
 -3.8560851e-002
 -3.8727190e-002
 -3.8946976e-002
 -3.9118112e-002
 -3.9287943e-002
 -3.9533777e-002
 -3.9704545e-002
 -3.9969525e-002
 -4.0249540e-002
 -4.0418984e-002
 -4.0713562e-002
 -4.0876400e-002
 -4.1180294e-002
 -4.1338047e-002
 -4.1493814e-002
 -4.1815309e-002
 -4.2000223e-002
 -4.2340826e-002
 -4.2684745e-002
 -4.2908190e-002
 -4.3263131e-002
 -4.3510988e-002
 -4.3871110e-002
 -4.4141200e-002
 -4.4425792e-002
 -4.4787320e-002
 -4.5089255e-002
 -4.5403040e-002
 -4.5729133e-002
 -4.6067186e-002
 -4.6415977e-002
 -4.6775060e-002
 -4.7143072e-002
 -4.7518546e-002
 -4.7900813e-002
 -4.8392472e-002
 -4.8803208e-002
 -4.9215114e-002
 -4.9810564e-002
 -5.0240037e-002
 -5.0915420e-002
 -5.1655009e-002
 -5.2102902e-002
 -5.2913540e-002
 -5.3781955e-002
 -5.4708241e-002
 -5.5684622e-002
 -5.6300901e-002
 -5.7385483e-002
 -5.8142138e-002
 -5.9319449e-002
 -6.0223502e-002
 -6.1465082e-002
 -6.2511212e-002
 -6.3650829e-002
 -6.4887626e-002
 -6.6227521e-002
 -6.7671087e-002
 -6.9216213e-002
 -7.1269275e-002
 -7.3160531e-002
 -7.5144195e-002
 -7.8304928e-002
 -8.0637032e-002
 -8.4861516e-002
 -9.0045256e-002
 -9.6313188e-002
 -1.0370507e-001
 -1.0947325e-001
 -1.1908437e-001
 -1.2770776e-001
 -1.3805556e-001
 -1.4986791e-001
 -1.6220792e-001
 -1.7866276e-001
 -1.8921603e-001
 -1.7796327e-001
 -1.5559296e-001
 -1.2054151e-001
 -7.9132767e-002
 -3.7203846e-002
  3.1374486e-003
  4.2598097e-002
  8.1465186e-002
  1.1795495e-001
  1.4864477e-001
  1.7847513e-001
  1.8925962e-001
  1.7995583e-001
  1.6426953e-001
  1.5228854e-001
  1.4053018e-001
  1.3002852e-001
  1.2115315e-001
  1.1137934e-001
  1.0531043e-001
  9.7675772e-002
  9.3954097e-002
  8.8396583e-002
  8.3757523e-002
  8.1348193e-002
  7.7769528e-002
  7.5654587e-002
  7.2996030e-002
  7.1216682e-002
  6.9529857e-002
  6.7943113e-002
  6.6459825e-002
  6.5083825e-002
  6.3812388e-002
  6.2644438e-002
  6.1573903e-002
  6.0593863e-002
  5.9699776e-002
  5.8548542e-002
  5.7789634e-002
  5.6719850e-002
  5.6093115e-002
  5.5121795e-002
  5.4195303e-002
  5.3319886e-002
  5.2499623e-002
  5.1736844e-002
  5.1302427e-002
  5.0609237e-002
  5.0178692e-002
  4.9562473e-002
  4.9146899e-002
  4.8732482e-002
  4.8216386e-002
  4.7827546e-002
  4.7443910e-002
  4.7067123e-002
  4.6697849e-002
  4.6338393e-002
  4.5989235e-002
  4.5651635e-002
  4.5325963e-002
  4.5012566e-002
  4.4712550e-002
  4.4348517e-002
  4.4066532e-002
  4.3798196e-002
  4.3437926e-002
  4.3191708e-002
  4.2837342e-002
  4.2616816e-002
  4.2274095e-002
  4.1934665e-002
  4.1752397e-002
  4.1432618e-002
  4.1121405e-002
  4.0820374e-002
  4.0531039e-002
  4.0366188e-002
  4.0088713e-002
  3.9825654e-002
  3.9658559e-002
  3.9412823e-002
  3.9245932e-002
  3.9077656e-002
  3.8855703e-002
  3.8691587e-002
  3.8526141e-002
  3.8332622e-002
  3.8174332e-002
  3.8017445e-002
  3.7861938e-002
  3.7707794e-002
  3.7556060e-002
  3.7407220e-002
  3.7260689e-002
  3.7117467e-002
  3.6978000e-002
  3.6814570e-002
  3.6678538e-002
  3.6546094e-002
  3.6418167e-002
  3.6251056e-002
  3.6129249e-002
  3.5959594e-002
  3.5845659e-002
  3.5676428e-002
  3.5570569e-002
  3.5404082e-002
  3.5237844e-002
  3.5144916e-002
  3.4984455e-002
  3.4825540e-002
  3.4669046e-002
  3.4515817e-002
  3.4366665e-002
  3.4282045e-002
  3.4136321e-002
  3.3996218e-002
  3.3908355e-002
  3.3773620e-002
  3.3684846e-002
  3.3557434e-002
  3.3468597e-002
  3.3348702e-002
  3.3260610e-002
  3.3171774e-002
  3.3082213e-002
  3.2976542e-002
  3.2889694e-002
  3.2802523e-002
  3.2716234e-002
  3.2630024e-002
  3.2544682e-002
  3.2460199e-002
  3.2376174e-002
  3.2293766e-002
  3.2212567e-002
  3.2132561e-002
  3.2039999e-002
  3.1960886e-002
  3.1883690e-002
  3.1808385e-002
  3.1734945e-002
  3.1638441e-002
  3.1567665e-002
  3.1469647e-002
  3.1401849e-002
  3.1303083e-002
  3.1238924e-002
  3.1140143e-002
  3.1080255e-002
  3.0982870e-002
  3.0885410e-002
  3.0788236e-002
  3.0737089e-002
  3.0691347e-002
  3.0595781e-002
  3.0501177e-002
  3.0408203e-002
  3.0317176e-002
  3.0228401e-002
  3.0142179e-002
  3.0088883e-002
  3.0005146e-002
  2.9950693e-002
  2.9870057e-002
  2.9815126e-002
  2.9737854e-002
  2.9682774e-002
  2.9627257e-002
  2.9570663e-002
  2.9499833e-002
  2.9444381e-002
  2.9388507e-002
  2.9332534e-002
  2.9276464e-002
  2.9220301e-002
  2.9160597e-002
  2.9106454e-002
  2.9052518e-002
  2.8999097e-002
  2.8946188e-002
  2.8889479e-002
  2.8836062e-002
  2.8783460e-002
  2.8731662e-002
  2.8680663e-002
  2.8630756e-002
  2.8581630e-002
  2.8519791e-002
  2.8471653e-002
  2.8424574e-002
  2.8361064e-002
  2.8315836e-002
  2.8251062e-002
  2.8207658e-002
  2.8165267e-002
  2.8101200e-002
  2.8036275e-002
  2.7997294e-002
  2.7932862e-002
  2.7868447e-002
  2.7833078e-002
  2.7769703e-002
  2.7706905e-002
  2.7644680e-002
  2.7582741e-002
  2.7521921e-002
  2.7461931e-002
  2.7427889e-002
  2.7368593e-002
  2.7310656e-002
  2.7275085e-002
  2.7218641e-002
  2.7181959e-002
  2.7127260e-002
  2.7090021e-002
  2.7037579e-002
  2.7000057e-002
  2.6962374e-002
  2.6912564e-002
  2.6874866e-002
  2.6836747e-002
  2.6798475e-002
  2.6760053e-002
  2.6715194e-002
  2.6677537e-002
  2.6639729e-002
  2.6602030e-002
  2.6564182e-002
  2.6526701e-002
  2.6489071e-002
  2.6452064e-002
  2.6414906e-002
  2.6378366e-002
  2.6338112e-002
  2.6301281e-002
  2.6265061e-002
  2.6229195e-002
  2.6193932e-002
  2.6159268e-002
  2.6125198e-002
  2.6081490e-002
  2.6048124e-002
  2.6003192e-002
  2.5970525e-002
  2.5938680e-002
  2.5893396e-002
  2.5862725e-002
  2.5816979e-002
  2.5787466e-002
  2.5741506e-002
  2.5695229e-002
  2.5667930e-002
  2.5621922e-002
  2.5575843e-002
  2.5529933e-002
  2.5483952e-002
  2.5460907e-002
  2.5438377e-002
  2.5392969e-002
  2.5371976e-002
  2.5348195e-002
  2.5303817e-002
  2.5260298e-002
  2.5217396e-002
  2.5191819e-002
  2.5149617e-002
  2.5108482e-002
  2.5081979e-002
  2.5041757e-002
  2.5014939e-002
  2.4987722e-002
  2.4948946e-002
  2.4921421e-002
  2.4884213e-002
  2.4856608e-002
  2.4828613e-002
  2.4793485e-002
  2.4765860e-002
  2.4738073e-002
  2.4710126e-002
  2.4682021e-002
  2.4650647e-002
  2.4623122e-002
  2.4595439e-002
  2.4568040e-002
  2.4540703e-002
  2.4513428e-002
  2.4486214e-002
  2.4459062e-002
  2.4432189e-002
  2.4405594e-002
  2.4375799e-002
  2.4349112e-002
  2.4322700e-002
  2.4296779e-002
  2.4271128e-002
  2.4239304e-002
  2.4213777e-002
  2.4188732e-002
  2.4155847e-002
  2.4131349e-002
  2.4107539e-002
  2.4073819e-002
  2.4050547e-002
  2.4016567e-002
  2.3994038e-002
  2.3959801e-002
  2.3938218e-002
  2.3903933e-002
  2.3869332e-002
  2.3849160e-002
  2.3814927e-002
  2.3780587e-002
  2.3746141e-002
  2.3711797e-002
  2.3677758e-002
  2.3643614e-002
  2.3609977e-002
  2.3576640e-002
  2.3543803e-002
  2.3511261e-002
  2.3492303e-002
  2.3460106e-002
  2.3428800e-002
  2.3408976e-002
  2.3378208e-002
  2.3357873e-002
  2.3327837e-002
  2.3307393e-002
  2.3278279e-002
  2.3257528e-002
  2.3236618e-002
  2.3208862e-002
  2.3187844e-002
  2.3166669e-002
  2.3145338e-002
  2.3119363e-002
  2.3098120e-002
  2.3076916e-002
  2.3055558e-002
  2.3034239e-002
  2.3012768e-002
  2.2991337e-002
  2.2969176e-002
  2.2948212e-002
  2.2927478e-002
  2.2906590e-002
  2.2884977e-002
  2.2863977e-002
  2.2843206e-002
  2.2822474e-002
  2.2801970e-002
  2.2781692e-002
  2.2761639e-002
  2.2737661e-002
  2.2717687e-002
  2.2697937e-002
  2.2678597e-002
  2.2653485e-002
  2.2634221e-002
  2.2615550e-002
  2.2589835e-002
  2.2571424e-002
  2.2553414e-002
  2.2527472e-002
  2.2510088e-002
  2.2483877e-002
  2.2466929e-002
  2.2440637e-002
  2.2414041e-002
  2.2398113e-002
  2.2371619e-002
  2.2345006e-002
  2.2318275e-002
  2.2303936e-002
  2.2277666e-002
  2.2251459e-002
  2.2238289e-002
  2.2211816e-002
  2.2185586e-002
  2.2159598e-002
  2.2133849e-002
  2.2108340e-002
  2.2093561e-002
  2.2068323e-002
  2.2043674e-002
  2.2028098e-002
  2.2003717e-002
  2.1988021e-002
  2.1964081e-002
  2.1948092e-002
  2.1924941e-002
  2.1908659e-002
  2.1892227e-002
  2.1869892e-002
  2.1853345e-002
  2.1836475e-002
  2.1815296e-002
  2.1798659e-002
  2.1781875e-002
  2.1764944e-002
  2.1745110e-002
  2.1728409e-002
  2.1711734e-002
  2.1694914e-002
  2.1678119e-002
  2.1661351e-002
  2.1644439e-002
  2.1627723e-002
  2.1611034e-002
  2.1594370e-002
  2.1577733e-002
  2.1561121e-002
  2.1544705e-002
  2.1528482e-002
  2.1512285e-002
  2.1496280e-002
  2.1477442e-002
  2.1461489e-002
  2.1445561e-002
  2.1429991e-002
  2.1414610e-002
  2.1394749e-002
  2.1379587e-002
  2.1364612e-002
  2.1344347e-002
  2.1329588e-002
  2.1315014e-002
  2.1294514e-002
  2.1280319e-002
  2.1259556e-002
  2.1238342e-002
  2.1224879e-002
  2.1211597e-002
  2.1190642e-002
  2.1169403e-002
  2.1156843e-002
  2.1135835e-002
  2.1114544e-002
  2.1093297e-002
  2.1072092e-002
  2.1061103e-002
  2.1040286e-002
  2.1019350e-002
  2.0998616e-002
  2.0978084e-002
  2.0966873e-002
  2.0946244e-002
  2.0925975e-002
  2.0905904e-002
  2.0893976e-002
  2.0874126e-002
