




0.18918392
0.172931415
0.15667891
0.11241369
0.089104264
0.065794838
0.014420003
0.0016770925
-0.011065818
-0.018657393
-0.0123849952
-0.0061125974
0.037152002
0.0622860545
0.087420107
0.1415084
0.180077835
0.21864727
0.2763637
0.29337891
0.290038145
0.28669738
0.25453633
0.233440315
0.2123443
0.13300222
0.0935351895
0.054068159
-0.0012091613
-0.00989871915
-0.018588277
-0.009264834
0.012722901
0.034710636
0.096630241
0.13632271
0.158906205
0.1814897
0.19988437
0.200879735
0.2018751
0.18634257
0.16241759
0.13849261
0.056840483
0.02946591245
0.0020913419
-0.08719479
-0.10961497
-0.13203515
-0.16867887
-0.16848085
-0.16828283
-0.14512451
-0.10601402
-0.075930478
-0.045846936
-0.0023080625
0.01417605175
0.030660166
0.050315798
0.047225202
0.044134606
0.018291584
-0.0034794665
-0.025250517
-0.096197967
-0.1275981385
-0.15899831
-0.23670041
-0.25670835
-0.25726612
-0.25782389
-0.23355903
-0.212077555
-0.19059608
-0.11846668
-0.089998485
-0.06153029
0.0071094954
0.0218262742
0.036543053
0.050047416
0.04425323
0.038459044
0.010197974
-0.017925403
-0.04604878
-0.091576534
-0.14821855
-0.159747215
-0.17127588
-0.14088156
-0.108451821
-0.076022082
-0.015242149
0.0168400665
0.048922282
0.1269886
0.147703305
0.16841801
0.20139512
0.19749215
0.19358918
0.1684911
0.1272758
0.1025633655
0.077850931
0.030366791
0.01386065185
-0.0026454873
-0.018193004
-0.015253377
-0.01231375
0.014840093
0.0371125345
0.059384976
0.11445289
0.14925414
0.18405539
0.2383291
0.2633793
0.2884295
0.2942009
0.28832879
0.27451282
0.26069685
0.21448481
0.188460405
0.162436
0.11265956
0.0767661665
0.040872773
-0.007969294
-0.012486954
-0.017004614
-0.0030234172
0.0215377629
0.046098943
0.11060674
0.16838434
0.180331735
0.19227913
0.20253939
0.195029315
0.18751924
0.15269983
0.1277922
0.10288457
0.023790845
-0.0080141435
-0.039819132
-0.098367869
-0.1232990795
-0.14823029
-0.16938813
-0.167997935
-0.16660774
-0.14283979
-0.084948071
-0.0648500815
-0.044752092
0.015346934
0.031713234
0.048079534
0.049283149
0.0340811365
0.018879124
-0.044995829
-0.070469974
-0.095944119
-0.17974217
-0.210744045
-0.24174592
-0.26111667
-0.258421885
-0.2557271
-0.22410741
-0.14929163
-0.1243778735
-0.099464117
-0.018997135
0.008230334
0.035457803
0.050086594
0.036975639
0.023864684
-0.033004634
-0.067833867
-0.1026631
-0.15758268
-0.16394485
-0.17030702
-0.14558861
-0.10536886
-0.077357385
-0.04934591
0.018813401
0.050986132
0.083158863
0.14376642
0.164028355
0.18429029
0.20170291
0.196939515
0.19217612
0.14601782
0.1156537585
0.085289697
0.043259874
0.02074564445
-0.0017685851
-0.017637475
-0.014616935
0.0027312355
0.020079406
0.063106276
0.090001713
0.11689715
0.17626993
0.204198795
0.23212766
0.27160374
0.283020185
0.29443663
0.27101118
0.25096985
0.23092852
0.17375791
0.11291041
0.0857105055
0.058510601
0.016118418
0.000215712
-0.015686994
-0.016908505
-0.00800224655
0.0009040119
0.047106702
0.069046753
0.090986804
0.13202654
0.156810655
0.18159477
0.2031479
0.19997355
0.1967992
0.15880301
0.11077926
0.0799913205
0.049203381
-0.017974478
-0.049769893
-0.081565308
-0.13230701
-0.14736919
-0.16243137
-0.16887927
-0.149660135
-0.130441
-0.063810508
-0.03145175257
0.00090700286
0.042788838
0.047303502
0.039889774
0.032476046
-0.024508589
-0.0660931945
-0.1076778
-0.1896111
-0.21151079
-0.23341048
-0.26002838
-0.25896632
-0.25790426
-0.20935304
-0.16624608
-0.12313912
-0.039999481
-0.01801144255
0.0039765959
0.044265721
0.046666288
0.0379584085
0.029250529
-0.023900863
-0.0441319685
-0.064363074
-0.12846724
-0.144112315
-0.15975739
-0.17130346
-0.162186535
-0.15306961
-0.10909528
-0.080401649
-0.051708018
0.010773182
0.092485597
0.1179481435
0.14341069
0.18134069
0.19110452
0.20086835
0.20128438
0.18780972
0.17433506
0.11729026
0.0839522345
0.050614209
-0.00079093379
-0.009738549895
-0.018686166
0.0059177521
0.02110810455
0.036298457
0.11054805
0.18617436
0.209340225
0.23250609
0.27021678
0.280511125
0.29080547
0.28841947
0.266507535
0.2445956
0.19739364
0.162312445
0.12723125
0.071699212
0.047900155
0.024101098
-0.0076543582
-0.018790205
-0.013453282
-0.008116359
0.021296211
0.0422502855
0.06320436
0.10934187
0.134981885
0.1606219
0.19063239
0.196574145
0.2025159
0.19098615
0.178380795
0.16577544
0.097028459
0.066898985
0.036769511
-0.027076702
-0.10394122
-0.131696585
-0.15945195
-0.16774026
-0.147205595
-0.12667093
-0.066630475
-0.0440756925
-0.02152091
0.017160957
0.032202307
0.047243657
0.049111699
0.034468938
0.019826177
-0.019267603
-0.044709934
-0.070152265
-0.14802971
-0.20137147
-0.221658715
-0.24194596
-0.26252784
-0.256861385
-0.25119493
-0.19903882
-0.17370968
-0.14838054
-0.087299623
-0.0541900245
-0.021080426
0.021410474
0.033625673
0.045840872
0.049620222
0.034171195
0.01250058585
-0.0091700233
-0.053690967
-0.0773105085
-0.10093005
-0.14466633
-0.156352555
-0.16803878
-0.16846572
-0.15772084
-0.14697596
-0.082708465
-0.0372322076
0.0082440498
0.061246317
0.1017025135
0.14215871
0.17996442
0.20147197
0.20006262
0.19865327
0.17030677
0.150730145
0.13115352
0.090055967
0.0594420435
0.02882812
-0.011821991
-0.0153029785
-0.018783966
0.0028797439
0.03221683745
0.061553931
0.10548897
0.18419462
0.20551278
0.22683094
0.27648284
0.28471525
0.29294766
0.28615489
0.27275179
0.25934869
0.19168582
0.152818115
0.11395041
0.062725196
0.0354556958
0.0081861956
-0.014592459
-0.016067336
-0.017542213
0.0077764999
0.043312103
0.065201283
0.087090463
0.13300543
0.15297052
0.17293561
0.19770195
0.200224735
0.20274752
0.1765988
0.142791855
0.10898491
0.018323645
-0.027496093
-0.073315831
-0.14418606
-0.17132928
-0.167085365
-0.16284145
-0.12541895
-0.1037731405
-0.082127331
-0.034359434
-0.01282809115
0.0087032517
0.038973959
0.0447861795
0.0505984
0.040656149
0.0254266895
0.01019723
-0.037060409
-0.0664841335
-0.095907858
-0.15803692
-0.21139463
-0.23444518
-0.25749573
-0.25052826
-0.22561622
-0.20070418
-0.14704623
-0.117118841
-0.087191452
-0.030925942
-0.005358037
0.020209868
0.045099746
0.047483864
0.049867982
0.034354676
0.0013916459
-0.02106172055
-0.043515087
-0.092331226
-0.113448593
-0.13456596
-0.1618548
-0.16561565
-0.1693765
-0.13056259
-0.09187501
-0.05318743
0.039322513
0.0835959465
0.12786938
0.18802896
0.19543366
0.20283836
0.18918392
