




0.01856852530065
0.07235029710114
0.1095491143709
0.1486817818265
0.1783485252976
0.1935790351903
0.2031528726363
0.1949675236241
0.1657395512441
0.1219217232806
0.07419731044813
0.03116693392603
-0.001124838357299
-0.007965318058769
-0.01875676643452
-0.009754247642432
0.0187616373191
0.0461140503453
0.07876661469154
0.1344193361262
0.184820681577
0.2161333636994
0.23333347960905
0.2505335955187
0.278273944293
0.2926195082609
0.2943877613106
0.2836076727482
0.2652627086395
0.2413211207501
0.1961777976652
0.1580412742764
0.1142016195663
0.06954192481434
0.03898658374892
0.006539726463454
-0.008762478403713
-0.0185820994914
-0.01455818865589
-0.002155788199143
0.02369929774309
0.0478787708424
0.08659653996276
0.119216530976
0.1489341833506
0.1824445299507
0.2016975539027
0.1981300836537
0.1725802366754
0.1331972051602
0.1058614361816
0.05225005952698
0.01065077863932
-0.04086906471045
-0.09189500968209
-0.1181010904009
-0.1521593977305
-0.1703283758775
-0.1681762570471
-0.1642886740778
-0.1471811978441
-0.1361035499606
-0.09319580840282
-0.04685664063497
-0.003928737468478
0.02004999655893
0.03781106563847
0.05037808399347
0.04313639403771
0.0292090739223
0.01528175380689
-0.007659993610662
-0.03976981820272
-0.09728621172062
-0.153823181767
-0.1970010490693
-0.2229000054242
-0.2471471675995
-0.2608654559539
-0.2602984552765
-0.2533966118119
-0.225605912817
-0.1821443147558
-0.1511440211829
-0.110840671773
-0.05600104816009
-0.009580979258194
0.01053424956793
0.03867879353263
0.05045447385021
0.04984023394647
0.03565673350024
0.005254116424111
-0.02127583267027
-0.05183384893633
-0.0963015367549
-0.1322006734406
-0.1497287833558
-0.1668646148574
-0.171357917259
-0.165885264122
-0.1448297904128
-0.1046876039456
-0.08456788730287
-0.02624253291794
0.03843147702966
0.09834698904866
0.119500254302
0.1648261536282
0.1904980755444
0.201310955615
0.2027051060746
0.1920207770158
0.1636731084197
0.1427414687742
0.1268894433353
0.1110374178964
0.06472291473452
0.02240043485423
-0.00755767283273
-0.01878262417316
-0.008420679965148
0.02265213229087
0.0705858770454
0.1281740245649
0.1854459342792
0.2295435083012
0.2523684741443
0.2795899111678
0.2928763985459
0.294248380839
0.2830259187672
0.2517437908223
0.2057513522944
0.1663823583532
0.1292623378064
0.07903503934406
0.04885646840549
0.01373632714304
-0.009111023539771
-0.01753848126568
-0.01637856201603
-0.007103730911114
0.01646274019759
0.04074304146467
0.0764103514349
0.1117545946911
0.1432611651903
0.1708064440268
0.190550009886
0.2029829435573
0.1940537891434
0.1588813546153
0.1048604893595
0.04247705454048
-0.02165891293426
-0.07029576561327
-0.09691524341249
-0.1403285040442
-0.1660753571075
-0.1705594744108
-0.156297665407
-0.15134170505975
-0.1463857447125
-0.1118449439208
-0.0737617148176
-0.04648146803223
-0.009712893989916
0.0141667123412
0.03785202264238
0.04877716482079
0.04970516756856
0.03609557788868
0.02153557412061
-0.01536904639927
-0.06170413837098
-0.09268329226799
-0.1418205689906
-0.1803849492716
-0.2138285965498
-0.2451582576249
-0.257318220692
-0.2626020651363
-0.2523437577978
-0.2276328467649
-0.2106633220236
-0.1636018006916
-0.1194456105654
-0.08032706564822
-0.03927828395417
-0.003919588650031
0.02404589918161
0.04241291989864
0.05045932456852
0.04753290078414
0.03246192914898
0.01323326904724
-0.01945824548987
-0.04830106190912
-0.08574304586077
-0.1174046359861
-0.1432913789468
-0.1644450666436
-0.1704162083049
-0.1673707742531
-0.1427701267165
-0.09616854131514
-0.03442279072599
-0.000877192884390001
0.03266840495721
0.09644080804419
0.1487103343373
0.1725802366754
0.1919479025502
0.2031827927994
0.1989538605684
0.1844619015481
0.1592517256219
0.1326795232489
0.09052136641145
0.05946174542147
0.0311426203829
-0.0007430028529724
-0.01729736386466
-0.01876556199478
-0.009682516908094
0.01774026365789
0.06136453156033
0.07829737295547
0.1330022237192
0.1907263964825
0.2415948842504
0.2754322311007
0.2863531742611
0.2944332971367
0.2860489753405
0.2740843256082
0.2392223216797
0.1870746491135
0.1282465627061
0.07278381319492
0.0402225977823
0.01444083779264
-0.01156422956215
-0.01857742279928
-0.01220600274309
0.00148973713422
0.03510948191777
0.07750495473395
0.105361462287
0.139806421791
0.172307146035
0.1907964184763
0.2015495428132
0.2010893680245
0.19491064288875
0.188731917753
0.1693948249928
0.1247531599711
0.06472007037303
-0.002219016816546
-0.06713684782713
-0.1207858997526
-0.1559600577139
-0.1703746239032
-0.1711683436712
-0.1602934654149
-0.1425832112122
-0.1144679076218
-0.07943601140102
-0.04971865131696
-0.01210889688867
0.01104909666921
0.03628184216321
0.05002297174432
0.04003359514382
0.02115954171827
-0.008815320501721
-0.04393040621762
-0.08809316716171
-0.1250910114433
-0.1734928813971
-0.2131114270251
-0.2323395136831
-0.2567182825813
-0.2620617829746
-0.2564268208705
-0.2369414747263
-0.2053173151984
-0.1690516040728
-0.1341216837275
-0.08488624004429
-0.03399126831672
-0.01112368159695
0.02509542843414
0.045814690611
0.05030093984002
0.04559109425745
0.03265384441994
0.007902248396798
-0.02707549489302
-0.05360386602512
-0.073858862731225
-0.09411385943733
-0.1256561345271
-0.1464973989066
-0.1674847345503
-0.1695250852014
-0.1484041646134
-0.1075786862979
-0.05398193337467
-0.03273157243377
0.03055357214346
0.09248559710951
0.1480807171756
0.1880131558271
0.2031752857803
0.19446528325
0.1719193474698
0.1499867930364
0.1165801146741
0.08172335097809
0.05155973409509
0.01947437360028
1.539900554613E-5
-0.01556240108546
-0.01817956950639
-0.01069537022025
0.01012899533021
0.03506882887346
0.07556201528422
0.1075156229893
0.1577886193013
0.2126008410473
0.2628407050241
0.2909985793541
0.2924606743365
0.2800371996477
0.2574369014353
0.2146120170537
0.1958732027146
0.1421264045315
0.0847524974205
0.03393130699623
-0.002087630554163
-0.01817017553969
-0.01252125647124
0.0129359732126
0.0329533667318
0.052970760251
0.09965241705217
0.143805365618
0.1663532613656
0.1876031261598
0.2020886856489
0.2021077645349
0.1907001787696
0.1633198901842
0.1405031196934
0.09017422668601
0.02802954593241
-0.01246247685575
-0.05594280752395
-0.1094570367764
-0.1456700246398
-0.1605498337402
-0.1710096462357
-0.1682190929958
-0.1571649817944
-0.130940293956
-0.09252663504794
-0.07358828911149
-0.02882758231329
0.01144981154869
0.03893471952949
0.04520791248364
0.04999801688289
0.03608054597924
0.02182652195308
-0.0134948800488
-0.06243497060763
-0.1037877518115
-0.1384797677198
-0.1910868272537
-0.2335802285913
-0.2574679025573
-0.2624673323038
-0.2574679025573
-0.2413983111009
-0.2131913219052
-0.1657648924751
-0.1455678239895
-0.0900069182568
-0.03405552055183
0.01229521515108
0.026892374347145
0.04148953354321
0.05061670462413
0.04979047674102
0.03409446761032
0.002187623354621
-0.04056110898015
-0.06590395573635
-0.09806289733576
-0.137297916537
-0.1636575106882
-0.1712922107394
-0.1657986417559
-0.1500527175527
-0.1147784385992
-0.08270846549917
-0.03477619945933
0.01803794529771
0.05906647550574
0.1108493817539
0.1385232661328
0.1758288102706
0.1994281703191
0.2007922227004
0.1793236194648
0.143805365618
0.1054481841673
0.08062364844995
0.04154388260829
0.01907889163829
-0.005677864864834
-0.01788199395193
-0.01798522964155
-0.005442841426963
0.01060862219428
0.04588013561537
0.0881756164609
0.1246952825499
0.167062255953
0.2101211194282
0.2469764115809
0.2686922225045
0.2905910578614
0.2928557344675
0.28082291617
0.2617318521452
0.2457263916539
0.2297209311626
0.1892831392968
0.1521825873935
0.1080498920379
0.05600037997552
0.0135394044741
0.003741977149069
-0.01623040248055
-0.01641509296294
0.002014891744642
0.01198233662378
0.04913543018773
0.09436161810388
0.1412791228801
0.1801935579902
0.2010242450011
0.2005769146246
0.1897782666104
0.1647281834622
0.1317041722534
0.08987496904308
0.040698476483
-0.002868833426965
-0.05530277614041
-0.09196142913592
-0.1284243866985
-0.1545115829065
-0.1669674962655
-0.1709091729519
-0.156312560335
-0.1430561406043
-0.1157145728204
-0.07147593201384
-0.02458829699863
0.01638524835976
0.04327955539794
0.05024199411068
0.03511848032664
6.546198602971E-5
-0.05033945606671
-0.1097137695476
-0.1692184390765
-0.2175808907099
-0.2472578317938
-0.2580804491409
-0.2624466342586
-0.2576903554409
-0.2529340766232
-0.2339394772504
-0.2089134073087
-0.1598890504602
-0.1020432517465
-0.04492913895683
0.003617120406749
0.01118075442416
0.04048015564678
0.05061839768669
0.03992224340666
0.01048993341003
-0.03213194323412
-0.08029622246506
-0.124250423486
-0.1554986921823
-0.1670899591187
-0.1713020855727
-0.1619368597681
-0.1433235878262
-0.1148364433141
-0.07238425303113
-0.03661850611463
