




-0.25010238
-0.227554435
-0.20500649
-0.15610766
-0.127531723
-0.098955786
-0.042603548
-0.0186003409
0.0054028662
0.041405389
0.0459884965
0.050571604
0.038631838
0.02342758765
0.0082233373
-0.034953465
-0.082726908
-0.104262569
-0.12579823
-0.16347093
-0.1673995
-0.17132807
-0.1448917
-0.110598586
-0.076305472
0.013874673
0.0599394115
0.10600415
0.17723597
0.19020339
0.20317081
0.19427919
0.16340337
0.1406872
0.11797103
0.069765799
0.048548275
0.027330751
-0.0036491101
-0.01121054305
-0.018771976
-0.0078123761
0.00738332645
0.022579029
0.084684328
0.112823704
0.14096308
0.19120638
0.25572225
0.268899185
0.28207612
0.29441451
0.285693495
0.27697248
0.2370071
0.195898175
0.15478925
0.067918443
0.03688912625
0.0058598095
-0.018640921
-0.0161785855
-0.01371625
0.024619852
0.087322936
0.108772973
0.13022301
0.17238854
0.186415835
0.20044313
0.19644259
0.17911511
0.16178763
0.11308363
0.0672747195
0.021465809
-0.068011359
-0.0903130795
-0.1126148
-0.15860905
-0.17102508
-0.16821101
-0.16539694
-0.14170774
-0.12332725
-0.10494676
-0.061948786
-0.0333155154
-0.0046822448
0.029302221
0.0388634205
0.04842462
0.043775037
0.030260447
0.016745857
-0.027428871
-0.080685253
-0.1169069815
-0.15312871
-0.1992149
-0.223802145
-0.24838939
-0.26238762
-0.256784425
-0.25118123
-0.22076142
-0.19798026
-0.1751991
-0.10211593
-0.0751473755
-0.048178821
0.016005987
0.041680445
0.0452553865
0.048830328
0.032026765
0.015820714175
-0.00038533665
-0.058806734
-0.080694422
-0.10258211
-0.15382914
-0.162362655
-0.17089617
-0.14066089
-0.1191115545
-0.097562219
-0.019858582
0.044898323
0.0746106015
0.10432288
0.16957944
0.18599689
0.20241434
0.20190477
0.19534123
0.18877769
0.15803095
0.135036095
0.11204124
0.061775482
0.039709081
0.01764268
-0.010159405
-0.018674265
-0.01208737795
-0.0055004909
0.028033986
0.0527809295
0.077527873
0.14288975
0.175466125
0.2080425
0.25567414
0.27436279
0.29305144
0.28872671
0.27054759
0.25236847
0.19472026
0.10499208
0.0801732005
0.055354321
-0.0014226062
-0.0100281096
-0.018633613
-0.0096416843
0.01226108735
0.034163859
0.10223477
0.136050895
0.16986702
0.2022107
0.199520455
0.19683021
0.16445818
0.11158459
0.0804542085
0.049323827
-0.034933206
-0.0630481175
-0.091163029
-0.13597595
-0.14997305
-0.16397015
-0.17117436
-0.16525932
-0.15934428
-0.11783073
-0.0990348205
-0.080238911
-0.015754627
0.034537219
0.0416837735
0.048830328
0.039485347
0.0154480767
-0.0085891936
-0.05377461
-0.093786945
-0.13379928
-0.20827894
-0.230298325
-0.25231771
-0.26256631
-0.257962915
-0.25335952
-0.22577083
-0.16292323
-0.13973353
-0.11654383
-0.03683308
-0.0056538695
0.025525341
0.050546834
0.0410996265
0.031652419
-0.020677666
-0.0540598705
-0.087442075
-0.11865463
-0.139415715
-0.1601768
-0.17088593
-0.16089545
-0.14701868
-0.13314191
-0.087533801
-0.057721875
-0.027909949
0.039565428
0.073069869
0.10657431
0.16166089
0.17787583
0.19409077
0.19923665
0.177407035
0.15557742
0.090812261
0.046549227
0.023144344785
-0.00026053743
-0.017149172
-0.0163613325
-0.015573493
0.017165475
0.0387926345
0.060419794
0.11725709
0.152442445
0.1876278
0.2458977
0.264752685
0.28360767
0.28898786
0.24534137
0.219894915
0.19444846
0.13496449
0.099098962
0.063233434
0.018179791
0.00424264985
-0.0096944913
-0.017502164
-0.0093925055
-0.001282847
0.030923986
0.060955395
0.090986804
0.13621552
0.18954214
0.19542444
0.20130674
0.20117827
0.18476301
0.16834775
0.12209227
0.0914317715
0.060771273
-0.0066815139
-0.03872330995
-0.070765106
-0.12284169
-0.13975505
-0.15666841
-0.17117832
-0.14385648
-0.113077592
-0.082298704
-0.015142858
0.009757767
0.034658392
0.050280293
0.0365471005
0.022813908
-0.041117499
-0.0812054295
-0.12129336
-0.16901823
-0.19885132
-0.22868441
-0.25462621
-0.2625134
-0.257570795
-0.25262819
-0.21125951
-0.17616756
-0.14107561
-0.063411073
-0.0399660465
-0.01652102
0.035195916
0.042442867
0.049689818
0.037564044
0.0135884595
-0.010387125
-0.047809709
-0.11005001
-0.126700035
-0.14335006
-0.16871139
-0.16924017
-0.16976895
-0.15306961
-0.131082445
-0.10909528
-0.055114341
-0.0244136837
0.0062869736
0.090995995
0.1184537125
0.14591143
0.18614246
0.20289336
0.199662075
0.19643079
0.15538492
0.121964349
0.088543778
0.024666074
0.005461744
-0.013742586
-0.013089489
-0.00377841445
0.0055326601
0.067691914
0.108486967
0.14928202
0.20446707
0.25712979
0.273242135
0.28935448
0.29309477
0.27567653
0.25825829
0.2139753
0.182227145
0.15047899
0.084582096
0.0577248315
0.030867567
-0.0042645893
-0.01137727065
-0.018489952
-0.011667533
0.014690902
0.0358857805
0.057080659
0.10862222
0.133102045
0.15758187
0.19049495
0.195627595
0.20076024
0.18726132
0.172002975
0.15674463
0.081291478
0.049868782
0.018446086
-0.044508472
-0.11622104
-0.13990426
-0.16358748
-0.16637962
-0.146407645
-0.12643567
-0.068808459
-0.0465332975
-0.024258136
0.015047987
0.030864917
0.046681847
0.049324397
0.034682002
0.020039607
-0.018967107
-0.068741297
-0.1062721635
-0.14380303
-0.1948798
-0.21511806
-0.23535632
-0.25774286
-0.257810205
-0.25787755
-0.21634385
-0.18367415
-0.15100445
-0.096343036
-0.0682861785
-0.040229321
0.0075813433
0.042762055
0.046543283
0.050324511
0.036682276
0.01554566145
-0.0055909531
-0.04847454
-0.070779453
-0.093084366
-0.13306938
-0.14713784
-0.1612063
-0.17141136
-0.167179855
-0.16294835
-0.12128265
-0.043736247
0.003074735
0.049885717
0.10212675
0.13647008
0.17081341
0.19727644
0.19963854
0.20200064
0.18268457
0.156234335
0.1297841
0.084390005
0.05301151
0.021633015
-0.0040451991
-0.018357641
-0.00510584015
0.0081459607
0.042410147
0.0819253185
0.12144049
0.20898631
0.232856415
0.25672652
0.29117163
0.289007945
0.28684426
0.25653611
0.218654245
0.18077238
0.099903237
0.048886186
0.0287888218
0.0086914576
-0.017511533
-0.016146071
-0.014780609
0.006186618
0.030849409
0.0555122
0.10119076
0.124139695
0.14708863
0.18391622
0.192942645
0.20196907
0.19044004
0.16249418
0.125152797
0.087811414
-0.0044923333
-0.03064973115
-0.056807129
-0.1302096
-0.149036475
-0.16786335
-0.17038787
-0.158302865
-0.14621786
-0.11083241
-0.088179245
-0.06552608
-0.01886413
0.020790183
0.0330800775
0.045369972
0.049570631
0.0407200855
0.03186954
-0.0053486342
-0.0312594861
-0.057170338
-0.11752359
-0.14707929
-0.17663499
-0.22319124
-0.24159656
-0.26000188
-0.25010238
