




0.01856852530065
0.064058819835775
0.1095491143709
0.1783485252976
0.19075069896695
0.2031528726363
0.1949675236241
0.1803535374341
0.1657395512441
0.1219217232806
0.07419731044813
0.05268212218708
0.03116693392603
-0.007965318058769
-0.0133610422466445
-0.01875676643452
-0.009754247642432
0.004503694838334
0.0187616373191
0.07876661469154
0.10659297540887
0.1344193361262
0.2161333636994
0.278273944293
0.2863308528018
0.2943877613106
0.2836076727482
0.26246439674915
0.2413211207501
0.1961777976652
0.15518970861575
0.1142016195663
0.03898658374892
0.006539726463454
-0.006021186513973
-0.0185820994914
-0.002155788199143
0.0228614913216285
0.0478787708424
0.08659653996276
0.11776536165668
0.1489341833506
0.1824445299507
0.2016975539027
0.1999138187782
0.1981300836537
0.1725802366754
0.1392208364285
0.1058614361816
0.05225005952698
0.005690497408265
-0.04086906471045
-0.1181010904009
-0.1521593977305
-0.161243886804
-0.1703283758775
-0.1642886740778
-0.1501961120192
-0.1361035499606
-0.09319580840282
-0.070026224518895
-0.04685664063497
-0.003928737468478
0.016941164084996
0.03781106563847
0.05037808399347
0.04313639403771
0.0292090739223
0.01528175380689
-0.03976981820272
-0.06852801496167
-0.09728621172062
-0.153823181767
-0.1883615935956
-0.2229000054242
-0.2608654559539
-0.2533966118119
-0.23950126231445
-0.225605912817
-0.1821443147558
-0.1464924932644
-0.110840671773
-0.05600104816009
-0.02273339929608
0.01053424956793
0.03867879353263
0.04984023394647
0.042748483723355
0.03565673350024
0.005254116424111
-0.0232898662561095
-0.05183384893633
-0.0963015367549
-0.12301516005535
-0.1497287833558
-0.1668646148574
-0.1663749394897
-0.165885264122
-0.1448297904128
-0.08456788730287
-0.055405210110405
-0.02624253291794
0.03843147702966
0.07896586566583
0.119500254302
0.1648261536282
0.1830685546216
0.201310955615
0.1920207770158
0.1636731084197
0.13735526315805
0.1110374178964
0.06472291473452
0.043561674794375
0.02240043485423
-0.00755767283273
-0.013170148502945
-0.01878262417316
-0.008420679965148
0.02265213229087
0.046619004668135
0.0705858770454
0.1281740245649
0.15680997942205
0.1854459342792
0.2523684741443
0.26597919265605
0.2795899111678
0.2928763985459
0.28795115865655
0.2830259187672
0.2517437908223
0.2057513522944
0.1675068450504
0.1292623378064
0.07903503934406
0.04638568324355
0.01373632714304
-0.01753848126568
-0.012321106088397
-0.007103730911114
0.01646274019759
0.0764103514349
0.1098357583126
0.1432611651903
0.190550009886
0.19676647672165
0.2029829435573
0.1940537891434
0.17646757187935
0.1588813546153
0.1048604893595
0.04247705454048
0.01040907080311
-0.02165891293426
-0.09691524341249
-0.118621873728345
-0.1403285040442
-0.1660753571075
-0.16831741575915
-0.1705594744108
-0.1463857447125
-0.1118449439208
-0.079163205976515
-0.04648146803223
-0.009712893989916
0.014069564326232
0.03785202264238
0.04970516756856
0.04290037272862
0.03609557788868
-0.01536904639927
-0.05402616933363
-0.09268329226799
-0.1418205689906
-0.2138285965498
-0.22949342708735
-0.2451582576249
-0.2626020651363
-0.25747291146705
-0.2523437577978
-0.2106633220236
-0.1871325613576
-0.1636018006916
-0.08032706564822
-0.003919588650031
0.0192466656243045
0.04241291989864
0.04753290078414
0.03038308491569
0.01323326904724
-0.01945824548987
-0.05260064567532
-0.08574304586077
-0.1432913789468
-0.1704162083049
-0.168893491279
-0.1673707742531
-0.1427701267165
-0.11946933401582
-0.09616854131514
-0.03442279072599
-0.000877192884390001
0.03266840495721
0.09644080804419
0.122575571190745
0.1487103343373
0.1919479025502
0.2031827927994
0.19382234717375
0.1844619015481
0.1326795232489
0.111600444830175
0.09052136641145
0.0311426203829
0.0151998087649638
-0.0007430028529724
-0.01729736386466
-0.009682516908094
0.004028873374898
0.01774026365789
0.07829737295547
0.105649798337335
0.1330022237192
0.1907263964825
0.21616064036645
0.2415948842504
0.2754322311007
0.2944332971367
0.28425881137245
0.2740843256082
0.2392223216797
0.2131484853966
0.1870746491135
0.1282465627061
0.10051518795051
0.07278381319492
0.01444083779264
0.001438304115245
-0.01156422956215
-0.01857742279928
0.00148973713422
0.018299609525995
0.03510948191777
0.07750495473395
0.108655688262475
0.139806421791
0.172307146035
0.1869283444241
0.2015495428132
0.2010893680245
0.1693948249928
0.14707399248195
0.1247531599711
0.06472007037303
0.031250526778242
-0.002219016816546
-0.06713684782713
-0.093961373789865
-0.1207858997526
-0.1559600577139
-0.1711683436712
-0.16573090454305
-0.1602934654149
-0.1144679076218
-0.08209327946938
-0.04971865131696
-0.01210889688867
0.01208647263727
0.03628184216321
0.05002297174432
0.02115954171827
-0.011385432249675
-0.04393040621762
-0.1250910114433
-0.1492919464202
-0.1734928813971
-0.2323395136831
-0.2445288981322
-0.2567182825813
-0.2620617829746
-0.24950162885045
-0.2369414747263
-0.1690516040728
-0.08488624004429
-0.04800496082062
-0.01112368159695
0.02509542843414
0.03769818413708
0.05030093984002
0.04559109425745
0.026746671327124
0.007902248396798
-0.05360386602512
-0.09411385943733
-0.120305629171965
-0.1464973989066
-0.1674847345503
-0.16850490987585
-0.1695250852014
-0.1484041646134
-0.12799142545565
-0.1075786862979
-0.05398193337467
0.03055357214346
0.061519584626485
0.09248559710951
0.1480807171756
0.16804693650135
0.1880131558271
0.2031752857803
0.19882028451515
0.19446528325
0.1499867930364
0.13328345385525
0.1165801146741
0.08172335097809
0.01947437360028
0.00195598625741
-0.01556240108546
-0.01069537022025
0.012186729326605
0.03506882887346
0.07556201528422
0.11667531729276
0.1577886193013
0.2126008410473
0.2628407050241
0.2769196421891
0.2909985793541
0.2924606743365
0.2749487878859
0.2574369014353
0.2146120170537
0.1783692107926
0.1421264045315
0.0847524974205
0.03393130699623
0.0159218382210335
-0.002087630554163
-0.01817017553969
-0.015345716005465
-0.01252125647124
0.0129359732126
0.0329533667318
0.052970760251
0.09965241705217
0.121728891335085
0.143805365618
0.1876031261598
0.2020886856489
0.19639443220925
0.1907001787696
0.1405031196934
0.115338673189705
0.09017422668601
0.02802954593241
-0.01395663079577
-0.05594280752395
-0.1094570367764
-0.1605498337402
-0.16577973998795
-0.1710096462357
-0.1571649817944
-0.1440526378752
-0.130940293956
-0.07358828911149
-0.05120793571239
-0.02882758231329
0.01144981154869
0.04520791248364
0.047602964683265
0.04999801688289
0.03608054597924
0.01129283296522
-0.0134948800488
-0.06243497060763
-0.100457369163715
-0.1384797677198
-0.1910868272537
-0.2335802285913
-0.2455240655743
-0.2574679025573
-0.2574679025573
-0.23532961223125
-0.2131913219052
-0.1455678239895
-0.11778737112315
-0.0900069182568
-0.03405552055183
-0.010880152700375
0.01229521515108
0.04148953354321
0.04979047674102
0.04194247217567
0.03409446761032
0.002187623354621
-0.0191867428127645
-0.04056110898015
-0.09806289733576
-0.11768040693638
-0.137297916537
-0.1636575106882
-0.1712922107394
-0.16067246414605
-0.1500527175527
-0.1147784385992
-0.074777319029265
-0.03477619945933
0.05906647550574
0.08495792862982
0.1108493817539
0.1758288102706
0.1994281703191
0.20011019650975
0.2007922227004
0.1793236194648
0.1615644925414
0.143805365618
0.08062364844995
0.06108376552912
0.04154388260829
-0.005677864864834
-0.011831547253192
-0.01798522964155
-0.005442841426963
0.04588013561537
0.085287709082635
0.1246952825499
0.2101211194282
0.23940667096635
0.2686922225045
0.2905910578614
0.29172339616445
0.2928557344675
0.2617318521452
0.1892831392968
0.14866651566735
0.1080498920379
0.05600037997552
0.03476989222481
0.0135394044741
-0.01623040248055
-0.016322747721745
-0.01641509296294
0.002014891744642
0.04913543018773
0.071748524145805
0.09436161810388
0.1412791228801
0.16073634043515
0.1801935579902
0.2010242450011
0.20080057981285
0.2005769146246
0.1647281834622
0.12730157625264
0.08987496904308
-0.002868833426965
-0.09196142913592
-0.11019290791721
-0.1284243866985
-0.1545115829065
-0.1627103779292
-0.1709091729519
-0.156312560335
-0.1360135665777
-0.1157145728204
-0.07147593201384
-0.02458829699863
-0.004101524319435
0.01638524835976
0.04327955539794
0.04676077475431
0.05024199411068
0.03511848032664
0.0175919711563349
6.546198602971E-5
-0.05033945606671
-0.1097137695476
-0.13946610431205
-0.1692184390765
-0.2175808907099
-0.2378306699254
-0.2580804491409
-0.2624466342586
-0.2576903554409
-0.2529340766232
-0.2089134073087
-0.1598890504602
-0.13096615110335
-0.1020432517465
-0.04492913895683
-0.0206560092750405
0.003617120406749
0.04048015564678
0.045549276666735
0.05061839768669
0.03992224340666
0.025206088408345
0.01048993341003
-0.03213194323412
-0.08029622246506
-0.10227332297553
-0.124250423486
-0.1554986921823
-0.1634003888775
-0.1713020855727
-0.1619368597681
-0.1383866515411
-0.1148364433141
-0.07238425303113
