1.856852530065e-002
7.235029710114e-002
1.095491143709e-001
1.486817818265e-001
1.783485252976e-001
1.935790351903e-001
2.031528726363e-001
1.949675236241e-001
1.657395512441e-001
1.219217232806e-001
7.419731044813e-002
3.116693392603e-002
-1.124838357299e-003
-7.965318058769e-003
-1.875676643452e-002
-9.754247642432e-003
1.876163731910e-002
4.611405034530e-002
7.876661469154e-002
1.344193361262e-001
1.848206815770e-001
2.161333636994e-001
2.505335955187e-001
2.782739442930e-001
2.926195082609e-001
2.943877613106e-001
2.836076727482e-001
2.652627086395e-001
2.413211207501e-001
1.961777976652e-001
1.580412742764e-001
1.142016195663e-001
6.954192481434e-002
3.898658374892e-002
6.539726463454e-003
-8.762478403713e-003
-1.858209949140e-002
-1.455818865589e-002
-2.155788199143e-003
2.369929774309e-002
4.787877084240e-002
8.659653996276e-002
1.192165309760e-001
1.489341833506e-001
1.824445299507e-001
2.016975539027e-001
1.981300836537e-001
1.725802366754e-001
1.331972051602e-001
1.058614361816e-001
5.225005952698e-002
1.065077863932e-002
-4.086906471045e-002
-9.189500968209e-002
-1.181010904009e-001
-1.521593977305e-001
-1.703283758775e-001
-1.681762570471e-001
-1.642886740778e-001
-1.471811978441e-001
-1.361035499606e-001
-9.319580840282e-002
-4.685664063497e-002
-3.928737468478e-003
2.004999655893e-002
3.781106563847e-002
5.037808399347e-002
4.313639403771e-002
1.528175380689e-002
-7.659993610662e-003
-3.976981820272e-002
-9.728621172062e-002
-1.538231817670e-001
-1.970010490693e-001
-2.229000054242e-001
-2.471471675995e-001
-2.608654559539e-001
-2.602984552765e-001
-2.533966118119e-001
-2.256059128170e-001
-1.821443147558e-001
-1.511440211829e-001
-1.108406717730e-001
-5.600104816009e-002
-9.580979258194e-003
1.053424956793e-002
3.867879353263e-002
5.045447385021e-002
4.984023394647e-002
3.565673350024e-002
5.254116424111e-003
-2.127583267027e-002
-5.183384893633e-002
-9.630153675490e-002
-1.322006734406e-001
-1.497287833558e-001
-1.668646148574e-001
-1.713579172590e-001
-1.658852641220e-001
-1.448297904128e-001
-1.046876039456e-001
-8.456788730287e-002
-2.624253291794e-002
3.843147702966e-002
9.834698904866e-002
1.195002543020e-001
1.648261536282e-001
1.904980755444e-001
2.013109556150e-001
2.027051060746e-001
1.920207770158e-001
1.636731084197e-001
1.427414687742e-001
1.110374178964e-001
6.472291473452e-002
2.240043485423e-002
-7.557672832730e-003
-1.878262417316e-002
-8.420679965148e-003
2.265213229087e-002
7.058587704540e-002
1.281740245649e-001
1.854459342792e-001
2.295435083012e-001
2.523684741443e-001
2.795899111678e-001
2.928763985459e-001
2.942483808390e-001
2.830259187672e-001
2.517437908223e-001
2.057513522944e-001
1.663823583532e-001
1.292623378064e-001
7.903503934406e-002
4.885646840549e-002
1.373632714304e-002
-9.111023539771e-003
-1.753848126568e-002
-1.637856201603e-002
-7.103730911114e-003
1.646274019759e-002
4.074304146467e-002
7.641035143490e-002
1.117545946911e-001
1.432611651903e-001
1.708064440268e-001
1.905500098860e-001
2.029829435573e-001
1.940537891434e-001
1.588813546153e-001
1.048604893595e-001
4.247705454048e-002
-2.165891293426e-002
-7.029576561327e-002
-9.691524341249e-002
-1.403285040442e-001
-1.660753571075e-001
-1.705594744108e-001
-1.562976654070e-001
-1.463857447125e-001
-1.118449439208e-001
-7.376171481760e-002
-4.648146803223e-002
-9.712893989916e-003
1.416671234120e-002
3.785202264238e-002
4.877716482079e-002
4.970516756856e-002
3.609557788868e-002
2.153557412061e-002
-1.536904639927e-002
-6.170413837098e-002
-9.268329226799e-002
-1.418205689906e-001
-1.803849492716e-001
-2.138285965498e-001
-2.451582576249e-001
-2.573182206920e-001
-2.626020651363e-001
-2.523437577978e-001
-2.276328467649e-001
-2.106633220236e-001
-1.636018006916e-001
-1.194456105654e-001
-8.032706564822e-002
-3.927828395417e-002
-3.919588650031e-003
2.404589918161e-002
4.241291989864e-002
5.045932456852e-002
4.753290078414e-002
3.246192914898e-002
1.323326904724e-002
-1.945824548987e-002
-4.830106190912e-002
-8.574304586077e-002
-1.174046359861e-001
-1.432913789468e-001
-1.644450666436e-001
-1.704162083049e-001
-1.673707742531e-001
-1.427701267165e-001
-9.616854131514e-002
-3.442279072599e-002
3.266840495721e-002
9.644080804419e-002
1.487103343373e-001
1.725802366754e-001
1.919479025502e-001
2.031827927994e-001
1.989538605684e-001
1.844619015481e-001
1.592517256219e-001
1.326795232489e-001
9.052136641145e-002
5.946174542147e-002
3.114262038290e-002
-7.430028529724e-004
-1.729736386466e-002
-1.876556199478e-002
-9.682516908094e-003
1.774026365789e-002
6.136453156033e-002
7.829737295547e-002
1.330022237192e-001
1.907263964825e-001
2.415948842504e-001
2.754322311007e-001
2.863531742611e-001
2.944332971367e-001
2.860489753405e-001
2.740843256082e-001
2.392223216797e-001
1.870746491135e-001
1.282465627061e-001
7.278381319492e-002
4.022259778230e-002
1.444083779264e-002
-1.156422956215e-002
-1.857742279928e-002
-1.220600274309e-002
1.489737134220e-003
3.510948191777e-002
7.750495473395e-002
1.053614622870e-001
1.398064217910e-001
1.723071460350e-001
1.907964184763e-001
2.015495428132e-001
2.010893680245e-001
1.887319177530e-001
1.693948249928e-001
1.247531599711e-001
6.472007037303e-002
-2.219016816546e-003
-6.713684782713e-002
-1.207858997526e-001
-1.559600577139e-001
-1.703746239032e-001
-1.711683436712e-001
-1.602934654149e-001
-1.425832112122e-001
-1.144679076218e-001
-7.943601140102e-002
-4.971865131696e-002
-1.210889688867e-002
1.104909666921e-002
3.628184216321e-002
5.002297174432e-002
4.003359514382e-002
2.115954171827e-002
-8.815320501721e-003
-4.393040621762e-002
-8.809316716171e-002
-1.250910114433e-001
-1.734928813971e-001
-2.131114270251e-001
-2.323395136831e-001
-2.567182825813e-001
-2.620617829746e-001
-2.564268208705e-001
-2.369414747263e-001
-2.053173151984e-001
-1.690516040728e-001
-1.341216837275e-001
-8.488624004429e-002
-3.399126831672e-002
-1.112368159695e-002
2.509542843414e-002
4.581469061100e-002
5.030093984002e-002
4.559109425745e-002
3.265384441994e-002
7.902248396798e-003
-2.707549489302e-002
-5.360386602512e-002
-9.411385943733e-002
-1.256561345271e-001
-1.464973989066e-001
-1.674847345503e-001
-1.695250852014e-001
-1.484041646134e-001
-1.075786862979e-001
-5.398193337467e-002
-3.273157243377e-002
3.055357214346e-002
9.248559710951e-002
1.480807171756e-001
1.880131558271e-001
2.031752857803e-001
1.944652832500e-001
1.719193474698e-001
1.499867930364e-001
1.165801146741e-001
8.172335097809e-002
5.155973409509e-002
1.947437360028e-002
1.539900554613e-005
-1.556240108546e-002
-1.817956950639e-002
-1.069537022025e-002
1.012899533021e-002
3.506882887346e-002
7.556201528422e-002
1.075156229893e-001
1.577886193013e-001
2.126008410473e-001
2.628407050241e-001
2.909985793541e-001
2.924606743365e-001
2.800371996477e-001
2.574369014353e-001
2.146120170537e-001
1.958732027146e-001
1.421264045315e-001
8.475249742050e-002
3.393130699623e-002
-2.087630554163e-003
-1.817017553969e-002
-1.252125647124e-002
1.293597321260e-002
5.297076025100e-002
9.965241705217e-002
1.438053656180e-001
1.663532613656e-001
1.876031261598e-001
2.020886856489e-001
2.021077645349e-001
1.907001787696e-001
1.633198901842e-001
1.405031196934e-001
9.017422668601e-002
2.802954593241e-002
-1.246247685575e-002
-5.594280752395e-002
-1.094570367764e-001
-1.456700246398e-001
-1.605498337402e-001
-1.710096462357e-001
-1.682190929958e-001
-1.571649817944e-001
-1.309402939560e-001
-9.252663504794e-002
-7.358828911149e-002
-2.882758231329e-002
1.144981154869e-002
3.893471952949e-002
4.520791248364e-002
4.999801688289e-002
3.608054597924e-002
2.182652195308e-002
-1.349488004880e-002
-6.243497060763e-002
-1.037877518115e-001
-1.384797677198e-001
-1.910868272537e-001
-2.335802285913e-001
-2.574679025573e-001
-2.624673323038e-001
-2.574679025573e-001
-2.413983111009e-001
-2.131913219052e-001
-1.657648924751e-001
-1.455678239895e-001
-9.000691825680e-002
-3.405552055183e-002
1.229521515108e-002
4.148953354321e-002
5.061670462413e-002
4.979047674102e-002
3.409446761032e-002
2.187623354621e-003
-4.056110898015e-002
-6.590395573635e-002
-9.806289733576e-002
-1.372979165370e-001
-1.636575106882e-001
-1.712922107394e-001
-1.657986417559e-001
-1.500527175527e-001
-1.147784385992e-001
-8.270846549917e-002
-3.477619945933e-002
1.803794529771e-002
5.906647550574e-002
1.108493817539e-001
1.385232661328e-001
1.758288102706e-001
1.994281703191e-001
2.007922227004e-001
1.793236194648e-001
1.438053656180e-001
1.054481841673e-001
8.062364844995e-002
4.154388260829e-002
1.907889163829e-002
-5.677864864834e-003
-1.788199395193e-002
-1.798522964155e-002
-5.442841426963e-003
1.060862219428e-002
4.588013561537e-002
8.817561646090e-002
1.246952825499e-001
1.670622559530e-001
2.101211194282e-001
2.469764115809e-001
2.686922225045e-001
2.905910578614e-001
2.928557344675e-001
2.808229161700e-001
2.617318521452e-001
2.297209311626e-001
1.892831392968e-001
1.521825873935e-001
1.080498920379e-001
5.600037997552e-002
1.353940447410e-002
3.741977149069e-003
-1.623040248055e-002
-1.641509296294e-002
2.014891744642e-003
1.198233662378e-002
4.913543018773e-002
9.436161810388e-002
1.412791228801e-001
1.801935579902e-001
2.010242450011e-001
2.005769146246e-001
1.897782666104e-001
1.647281834622e-001
1.317041722534e-001
8.987496904308e-002
4.069847648300e-002
-2.868833426965e-003
-5.530277614041e-002
-9.196142913592e-002
-1.284243866985e-001
-1.545115829065e-001
-1.669674962655e-001
-1.709091729519e-001
-1.563125603350e-001
-1.430561406043e-001
-1.157145728204e-001
-7.147593201384e-002
-2.458829699863e-002
1.638524835976e-002
4.327955539794e-002
5.024199411068e-002
3.511848032664e-002
6.546198602971e-005
-5.033945606671e-002
-1.097137695476e-001
-1.692184390765e-001
-2.175808907099e-001
-2.472578317938e-001
-2.580804491409e-001
-2.624466342586e-001
-2.529340766232e-001
-2.339394772504e-001
-2.089134073087e-001
-1.598890504602e-001
-1.020432517465e-001
-4.492913895683e-002
3.617120406749e-003
1.118075442416e-002
4.048015564678e-002
5.061839768669e-002
3.992224340666e-002
1.048993341003e-002
-3.213194323412e-002
-8.029622246506e-002
-1.242504234860e-001
-1.554986921823e-001
-1.670899591187e-001
-1.713020855727e-001
-1.619368597681e-001
-1.433235878262e-001
-1.148364433141e-001
-7.238425303113e-002
-3.661850611463e-002
