 -2.5010238e-001
 -2.0500649e-001
 -1.5610766e-001
 -9.8955786e-002
 -4.2603548e-002
  5.4028662e-003
  4.1405389e-002
  5.0571604e-002
  3.8631838e-002
  8.2233373e-003
 -3.4953465e-002
 -8.2726908e-002
 -1.2579823e-001
 -1.6347093e-001
 -1.7132807e-001
 -1.4489170e-001
 -7.6305472e-002
  1.3874673e-002
  1.0600415e-001
  1.7723597e-001
  2.0317081e-001
  1.9427919e-001
  1.6340337e-001
  1.1797103e-001
  6.9765799e-002
  2.7330751e-002
 -3.6491101e-003
 -1.8771976e-002
 -7.8123761e-003
  2.2579029e-002
  8.4684328e-002
  1.4096308e-001
  1.9120638e-001
  2.5572225e-001
  2.8207612e-001
  2.9441451e-001
  2.7697248e-001
  2.3700710e-001
  1.5478925e-001
  6.7918443e-002
  5.8598095e-003
 -1.8640921e-002
 -1.3716250e-002
  2.4619852e-002
  8.7322936e-002
  1.3022301e-001
  1.7238854e-001
  2.0044313e-001
  1.9644259e-001
  1.6178763e-001
  1.1308363e-001
  2.1465809e-002
 -6.8011359e-002
 -1.1261480e-001
 -1.5860905e-001
 -1.7102508e-001
 -1.6539694e-001
 -1.4170774e-001
 -1.0494676e-001
 -6.1948786e-002
 -4.6822448e-003
  2.9302221e-002
  4.8424620e-002
  4.3775037e-002
  1.6745857e-002
 -2.7428871e-002
 -8.0685253e-002
 -1.5312871e-001
 -1.9921490e-001
 -2.4838939e-001
 -2.6238762e-001
 -2.5118123e-001
 -2.2076142e-001
 -1.7519910e-001
 -1.0211593e-001
 -4.8178821e-002
  1.6005987e-002
  4.1680445e-002
  4.8830328e-002
  3.2026765e-002
 -3.8533665e-004
 -5.8806734e-002
 -1.0258211e-001
 -1.5382914e-001
 -1.7089617e-001
 -1.4066089e-001
 -9.7562219e-002
 -1.9858582e-002
  4.4898323e-002
  1.0432288e-001
  1.6957944e-001
  2.0241434e-001
  2.0190477e-001
  1.8877769e-001
  1.5803095e-001
  1.1204124e-001
  6.1775482e-002
  1.7642680e-002
 -1.0159405e-002
 -1.8674265e-002
 -5.5004909e-003
  2.8033986e-002
  7.7527873e-002
  1.4288975e-001
  2.0804250e-001
  2.5567414e-001
  2.9305144e-001
  2.8872671e-001
  2.5236847e-001
  1.9472026e-001
  1.0499208e-001
  5.5354321e-002
 -1.4226062e-003
 -1.8633613e-002
 -9.6416843e-003
  3.4163859e-002
  1.0223477e-001
  1.6986702e-001
  2.0221070e-001
  1.9683021e-001
  1.6445818e-001
  1.1158459e-001
  4.9323827e-002
 -3.4933206e-002
 -9.1163029e-002
 -1.3597595e-001
 -1.6397015e-001
 -1.7117436e-001
 -1.5934428e-001
 -1.1783073e-001
 -8.0238911e-002
 -1.5754627e-002
  3.4537219e-002
  4.8830328e-002
  3.9485347e-002
 -8.5891936e-003
 -5.3774610e-002
 -1.3379928e-001
 -2.0827894e-001
 -2.5231771e-001
 -2.6256631e-001
 -2.5335952e-001
 -2.2577083e-001
 -1.6292323e-001
 -1.1654383e-001
 -3.6833080e-002
  2.5525341e-002
  5.0546834e-002
  3.1652419e-002
 -2.0677666e-002
 -8.7442075e-002
 -1.1865463e-001
 -1.6017680e-001
 -1.7088593e-001
 -1.6089545e-001
 -1.3314191e-001
 -8.7533801e-002
 -2.7909949e-002
  3.9565428e-002
  1.0657431e-001
  1.6166089e-001
  1.9409077e-001
  1.9923665e-001
  1.5557742e-001
  9.0812261e-002
  4.6549227e-002
 -2.6053743e-004
 -1.7149172e-002
 -1.5573493e-002
  1.7165475e-002
  6.0419794e-002
  1.1725709e-001
  1.8762780e-001
  2.4589770e-001
  2.8360767e-001
  2.8898786e-001
  2.4534137e-001
  1.9444846e-001
  1.3496449e-001
  6.3233434e-002
  1.8179791e-002
 -9.6944913e-003
 -1.7502164e-002
 -1.2828470e-003
  3.0923986e-002
  9.0986804e-002
  1.3621552e-001
  1.8954214e-001
  2.0130674e-001
  2.0117827e-001
  1.6834775e-001
  1.2209227e-001
  6.0771273e-002
 -6.6815139e-003
 -7.0765106e-002
 -1.2284169e-001
 -1.5666841e-001
 -1.7117832e-001
 -1.4385648e-001
 -8.2298704e-002
 -1.5142858e-002
  3.4658392e-002
  5.0280293e-002
  2.2813908e-002
 -4.1117499e-002
 -1.2129336e-001
 -1.6901823e-001
 -2.2868441e-001
 -2.5462621e-001
 -2.6251340e-001
 -2.5262819e-001
 -2.1125951e-001
 -1.4107561e-001
 -6.3411073e-002
 -1.6521020e-002
  3.5195916e-002
  4.9689818e-002
  3.7564044e-002
 -1.0387125e-002
 -4.7809709e-002
 -1.1005001e-001
 -1.4335006e-001
 -1.6871139e-001
 -1.6976895e-001
 -1.5306961e-001
 -1.0909528e-001
 -5.5114341e-002
  6.2869736e-003
  9.0995995e-002
  1.4591143e-001
  1.8614246e-001
  2.0289336e-001
  1.9643079e-001
  1.5538492e-001
  8.8543778e-002
  2.4666074e-002
 -1.3742586e-002
 -1.3089489e-002
  5.5326601e-003
  6.7691914e-002
  1.4928202e-001
  2.0446707e-001
  2.5712979e-001
  2.8935448e-001
  2.9309477e-001
  2.5825829e-001
  2.1397530e-001
  1.5047899e-001
  8.4582096e-002
  3.0867567e-002
 -4.2645893e-003
 -1.8489952e-002
 -1.1667533e-002
  1.4690902e-002
  5.7080659e-002
  1.0862222e-001
  1.5758187e-001
  1.9049495e-001
  2.0076024e-001
  1.8726132e-001
  1.5674463e-001
  8.1291478e-002
  1.8446086e-002
 -4.4508472e-002
 -1.1622104e-001
 -1.6358748e-001
 -1.6637962e-001
 -1.2643567e-001
 -6.8808459e-002
 -2.4258136e-002
  1.5047987e-002
  4.6681847e-002
  4.9324397e-002
  2.0039607e-002
 -1.8967107e-002
 -6.8741297e-002
 -1.4380303e-001
 -1.9487980e-001
 -2.3535632e-001
 -2.5774286e-001
 -2.5787755e-001
 -2.1634385e-001
 -1.5100445e-001
 -9.6343036e-002
 -4.0229321e-002
  7.5813433e-003
  4.2762055e-002
  5.0324511e-002
  3.6682276e-002
 -5.5909531e-003
 -4.8474540e-002
 -9.3084366e-002
 -1.3306938e-001
 -1.6120630e-001
 -1.7141136e-001
 -1.6294835e-001
 -1.2128265e-001
 -4.3736247e-002
  4.9885717e-002
  1.0212675e-001
  1.7081341e-001
  1.9727644e-001
  2.0200064e-001
  1.8268457e-001
  1.2978410e-001
  8.4390005e-002
  2.1633015e-002
 -4.0451991e-003
 -1.8357641e-002
  8.1459607e-003
  4.2410147e-002
  1.2144049e-001
  2.0898631e-001
  2.5672652e-001
  2.9117163e-001
  2.8684426e-001
  2.5653611e-001
  1.8077238e-001
  9.9903237e-002
  4.8886186e-002
  8.6914576e-003
 -1.7511533e-002
 -1.4780609e-002
  6.1866180e-003
  5.5512200e-002
  1.0119076e-001
  1.4708863e-001
  1.8391622e-001
  2.0196907e-001
  1.9044004e-001
  1.6249418e-001
  8.7811414e-002
 -4.4923333e-003
 -5.6807129e-002
 -1.3020960e-001
 -1.6786335e-001
 -1.7038787e-001
 -1.4621786e-001
 -1.1083241e-001
 -6.5526080e-002
 -1.8864130e-002
  2.0790183e-002
  4.5369972e-002
  4.9570631e-002
  3.1869540e-002
 -5.3486342e-003
 -5.7170338e-002
 -1.1752359e-001
 -1.7663499e-001
 -2.2319124e-001
 -2.6000188e-001
 -2.5010238e-001
