  1.8918392e-001
  1.5667891e-001
  1.1241369e-001
  6.5794838e-002
  1.4420003e-002
 -1.1065818e-002
 -1.8657393e-002
 -6.1125974e-003
  3.7152002e-002
  8.7420107e-002
  1.4150840e-001
  2.1864727e-001
  2.7636370e-001
  2.9337891e-001
  2.8669738e-001
  2.5453633e-001
  2.1234430e-001
  1.3300222e-001
  5.4068159e-002
 -1.2091613e-003
 -1.8588277e-002
 -9.2648340e-003
  3.4710636e-002
  9.6630241e-002
  1.3632271e-001
  1.8148970e-001
  1.9988437e-001
  2.0187510e-001
  1.8634257e-001
  1.3849261e-001
  5.6840483e-002
  2.0913419e-003
 -8.7194790e-002
 -1.3203515e-001
 -1.6867887e-001
 -1.6828283e-001
 -1.4512451e-001
 -1.0601402e-001
 -4.5846936e-002
 -2.3080625e-003
  3.0660166e-002
  5.0315798e-002
  4.4134606e-002
  1.8291584e-002
 -2.5250517e-002
 -9.6197967e-002
 -1.5899831e-001
 -2.3670041e-001
 -2.5670835e-001
 -2.5782389e-001
 -2.3355903e-001
 -1.9059608e-001
 -1.1846668e-001
 -6.1530290e-002
  7.1094954e-003
  3.6543053e-002
  5.0047416e-002
  3.8459044e-002
  1.0197974e-002
 -4.6048780e-002
 -9.1576534e-002
 -1.4821855e-001
 -1.7127588e-001
 -1.4088156e-001
 -7.6022082e-002
 -1.5242149e-002
  4.8922282e-002
  1.2698860e-001
  1.6841801e-001
  2.0139512e-001
  1.9358918e-001
  1.6849110e-001
  1.2727580e-001
  7.7850931e-002
  3.0366791e-002
 -2.6454873e-003
 -1.8193004e-002
 -1.2313750e-002
  1.4840093e-002
  5.9384976e-002
  1.1445289e-001
  1.8405539e-001
  2.3832910e-001
  2.8842950e-001
  2.9420090e-001
  2.8832879e-001
  2.6069685e-001
  2.1448481e-001
  1.6243600e-001
  1.1265956e-001
  4.0872773e-002
 -7.9692940e-003
 -1.7004614e-002
 -3.0234172e-003
  4.6098943e-002
  1.1060674e-001
  1.6838434e-001
  1.9227913e-001
  2.0253939e-001
  1.8751924e-001
  1.5269983e-001
  1.0288457e-001
  2.3790845e-002
 -3.9819132e-002
 -9.8367869e-002
 -1.4823029e-001
 -1.6938813e-001
 -1.6660774e-001
 -1.4283979e-001
 -8.4948071e-002
 -4.4752092e-002
  1.5346934e-002
  4.8079534e-002
  4.9283149e-002
  1.8879124e-002
 -4.4995829e-002
 -9.5944119e-002
 -1.7974217e-001
 -2.4174592e-001
 -2.6111667e-001
 -2.5572710e-001
 -2.2410741e-001
 -1.4929163e-001
 -9.9464117e-002
 -1.8997135e-002
  3.5457803e-002
  5.0086594e-002
  2.3864684e-002
 -3.3004634e-002
 -1.0266310e-001
 -1.5758268e-001
 -1.7030702e-001
 -1.4558861e-001
 -1.0536886e-001
 -4.9345910e-002
  1.8813401e-002
  8.3158863e-002
  1.4376642e-001
  1.8429029e-001
  2.0170291e-001
  1.9217612e-001
  1.4601782e-001
  8.5289697e-002
  4.3259874e-002
 -1.7685851e-003
 -1.7637475e-002
 -1.4616935e-002
  2.0079406e-002
  6.3106276e-002
  1.1689715e-001
  1.7626993e-001
  2.3212766e-001
  2.7160374e-001
  2.9443663e-001
  2.7101118e-001
  2.3092852e-001
  1.7375791e-001
  1.1291041e-001
  5.8510601e-002
  1.6118418e-002
 -1.5686994e-002
 -1.6908505e-002
  9.0401190e-004
  4.7106702e-002
  9.0986804e-002
  1.3202654e-001
  1.8159477e-001
  2.0314790e-001
  1.9679920e-001
  1.5880301e-001
  1.1077926e-001
  4.9203381e-002
 -1.7974478e-002
 -8.1565308e-002
 -1.3230701e-001
 -1.6243137e-001
 -1.6887927e-001
 -1.3044100e-001
 -6.3810508e-002
  9.0700286e-004
  4.2788838e-002
  4.7303502e-002
  3.2476046e-002
 -2.4508589e-002
 -1.0767780e-001
 -1.8961110e-001
 -2.3341048e-001
 -2.6002838e-001
 -2.5790426e-001
 -2.0935304e-001
 -1.2313912e-001
 -3.9999481e-002
  3.9765959e-003
  4.4265721e-002
  4.6666288e-002
  2.9250529e-002
 -2.3900863e-002
 -6.4363074e-002
 -1.2846724e-001
 -1.5975739e-001
 -1.7130346e-001
 -1.5306961e-001
 -1.0909528e-001
 -5.1708018e-002
  1.0773182e-002
  9.2485597e-002
  1.4341069e-001
  1.8134069e-001
  2.0086835e-001
  2.0128438e-001
  1.7433506e-001
  1.1729026e-001
  5.0614209e-002
 -7.9093379e-004
 -1.8686166e-002
  5.9177521e-003
  3.6298457e-002
  1.1054805e-001
  1.8617436e-001
  2.3250609e-001
  2.7021678e-001
  2.9080547e-001
  2.8841947e-001
  2.4459560e-001
  1.9739364e-001
  1.2723125e-001
  7.1699212e-002
  2.4101098e-002
 -7.6543582e-003
 -1.8790205e-002
 -8.1163590e-003
  2.1296211e-002
  6.3204360e-002
  1.0934187e-001
  1.6062190e-001
  1.9063239e-001
  2.0251590e-001
  1.9098615e-001
  1.6577544e-001
  9.7028459e-002
  3.6769511e-002
 -2.7076702e-002
 -1.0394122e-001
 -1.5945195e-001
 -1.6774026e-001
 -1.2667093e-001
 -6.6630475e-002
 -2.1520910e-002
  1.7160957e-002
  4.7243657e-002
  4.9111699e-002
  1.9826177e-002
 -1.9267603e-002
 -7.0152265e-002
 -1.4802971e-001
 -2.0137147e-001
 -2.4194596e-001
 -2.6252784e-001
 -2.5119493e-001
 -1.9903882e-001
 -1.4838054e-001
 -8.7299623e-002
 -2.1080426e-002
  2.1410474e-002
  4.5840872e-002
  4.9620222e-002
  3.4171195e-002
 -9.1700233e-003
 -5.3690967e-002
 -1.0093005e-001
 -1.4466633e-001
 -1.6803878e-001
 -1.6846572e-001
 -1.4697596e-001
 -8.2708465e-002
  8.2440498e-003
  6.1246317e-002
  1.4215871e-001
  1.7996442e-001
  2.0147197e-001
  1.9865327e-001
  1.7030677e-001
  1.3115352e-001
  9.0055967e-002
  2.8828120e-002
 -1.1821991e-002
 -1.8783966e-002
  2.8797439e-003
  6.1553931e-002
  1.0548897e-001
  1.8419462e-001
  2.2683094e-001
  2.7648284e-001
  2.9294766e-001
  2.8615489e-001
  2.5934869e-001
  1.9168582e-001
  1.1395041e-001
  6.2725196e-002
  8.1861956e-003
 -1.4592459e-002
 -1.7542213e-002
  7.7764999e-003
  4.3312103e-002
  8.7090463e-002
  1.3300543e-001
  1.7293561e-001
  1.9770195e-001
  2.0274752e-001
  1.7659880e-001
  1.0898491e-001
  1.8323645e-002
 -7.3315831e-002
 -1.4418606e-001
 -1.7132928e-001
 -1.6284145e-001
 -1.2541895e-001
 -8.2127331e-002
 -3.4359434e-002
  8.7032517e-003
  3.8973959e-002
  5.0598400e-002
  4.0656149e-002
  1.0197230e-002
 -3.7060409e-002
 -9.5907858e-002
 -1.5803692e-001
 -2.1139463e-001
 -2.5749573e-001
 -2.5052826e-001
 -2.0070418e-001
 -1.4704623e-001
 -8.7191452e-002
 -3.0925942e-002
  2.0209868e-002
  4.5099746e-002
  4.9867982e-002
  3.4354676e-002
  1.3916459e-003
 -4.3515087e-002
 -9.2331226e-002
 -1.3456596e-001
 -1.6185480e-001
 -1.6937650e-001
 -1.3056259e-001
 -5.3187430e-002
  3.9322513e-002
  1.2786938e-001
  1.8802896e-001
  2.0283836e-001
  1.8918392e-001
